2022/6/13 0:0:8,0.00,0.00,21.00,930.51,17.32,51.88,126.34,119,0.00,0.00,0.00,212930
2022/6/13 0:1:58,0.00,0.00,21.00,930.59,17.32,51.93,124.54,119,0.00,0.00,0.00,212989
2022/6/13 0:3:49,0.00,0.00,20.99,930.49,17.33,52.08,125.24,119,0.00,0.00,0.00,213048
2022/6/13 0:5:39,0.00,0.00,20.97,930.56,17.33,52.01,113.63,119,0.00,0.00,0.00,213107
2022/6/13 0:7:29,0.00,0.00,20.99,930.61,17.33,52.16,116.03,119,0.00,0.00,0.00,213166
2022/6/13 0:9:20,0.00,0.00,20.97,930.54,17.33,52.12,132.56,119,0.00,0.00,0.00,213225
2022/6/13 0:11:10,0.00,0.00,20.94,930.56,17.34,52.08,135.92,119,0.00,0.00,0.00,213284
2022/6/13 0:13:0,0.00,0.00,20.92,930.61,17.34,52.06,141.53,119,0.00,0.00,0.00,213343
2022/6/13 0:14:51,0.00,0.00,20.92,930.54,17.34,52.03,135.64,119,0.00,0.00,0.00,213402
2022/6/13 0:16:41,0.00,0.00,20.93,930.41,17.35,51.99,131.85,119,0.00,0.00,0.00,213461
2022/6/13 0:18:31,0.00,0.00,20.93,930.51,17.35,51.96,133.59,119,0.00,0.00,0.00,213520
2022/6/13 0:20:22,0.00,0.00,20.93,930.46,17.35,51.96,131.80,119,0.00,0.00,0.00,213579
2022/6/13 0:24:2,0.00,0.00,20.94,930.46,17.35,51.97,138.22,119,0.00,0.00,0.00,213697
2022/6/13 0:25:53,0.00,0.00,20.93,930.56,17.35,51.97,140.32,119,0.00,0.00,0.00,213756
2022/6/13 0:27:43,0.00,0.00,20.94,930.54,17.35,51.95,135.81,119,0.00,0.00,0.00,213815
2022/6/13 0:29:33,0.00,0.00,20.94,930.56,17.36,51.96,138.66,119,0.00,0.00,0.00,213874
2022/6/13 0:31:24,0.00,0.00,20.94,930.51,17.36,51.93,135.76,119,0.00,0.00,0.00,213933
2022/6/13 0:33:14,0.00,0.00,20.94,930.46,17.36,51.94,137.69,119,0.00,0.00,0.00,213992
2022/6/13 0:35:4,0.00,0.00,20.93,930.41,17.36,51.95,136.54,119,0.00,0.00,0.00,214051
2022/6/13 0:36:55,0.00,0.00,20.94,930.56,17.36,51.98,139.36,119,0.00,0.00,0.00,214110
2022/6/13 0:38:45,0.00,0.00,20.94,930.56,17.36,51.97,139.27,119,0.00,0.00,0.00,214169
2022/6/13 0:40:35,0.00,0.00,20.94,930.49,17.36,51.99,140.20,119,0.00,0.00,0.00,214228
2022/6/13 0:42:26,0.00,0.00,20.94,930.51,17.36,52.01,134.36,119,0.00,0.00,0.00,214287
2022/6/13 0:44:16,0.00,0.00,20.91,930.34,17.36,52.01,139.51,119,0.00,0.00,0.00,214346
2022/6/13 0:46:6,0.00,0.00,20.91,930.46,17.36,52.00,132.10,119,0.00,0.00,0.00,214405
2022/6/13 0:47:57,0.00,0.00,20.93,930.49,17.36,52.00,136.76,119,0.00,0.00,0.00,214464
2022/6/13 0:49:47,0.00,0.00,20.92,930.46,17.36,52.02,140.98,119,0.00,0.00,0.00,214523
2022/6/13 0:51:37,0.00,0.00,20.93,930.59,17.36,52.02,139.49,119,0.00,0.00,0.00,214582
2022/6/13 0:53:28,0.00,0.00,20.92,930.51,17.36,52.02,137.59,119,0.00,0.00,0.00,214641
2022/6/13 0:55:18,0.00,0.00,20.92,930.44,17.36,52.02,136.31,119,0.00,0.00,0.00,214700
2022/6/13 0:57:8,0.00,0.00,20.93,930.34,17.36,52.01,138.14,119,0.00,0.00,0.00,214759
2022/6/13 0:58:59,0.00,0.00,20.92,930.51,17.36,52.00,138.51,119,0.00,0.00,0.00,214818
2022/6/13 1:0:49,0.00,0.00,20.89,930.44,17.36,52.00,138.49,119,0.00,0.00,0.00,214877
2022/6/13 1:2:39,0.00,0.00,20.90,930.44,17.36,51.99,137.88,119,0.00,0.00,0.00,214936
2022/6/13 1:4:30,0.00,0.00,20.89,930.44,17.36,52.04,138.54,119,0.00,0.00,0.00,214995
2022/6/13 1:6:20,0.00,0.00,20.91,930.41,17.36,51.97,137.80,119,0.00,0.00,0.00,215054
2022/6/13 1:8:10,0.00,0.00,20.91,930.44,17.36,52.01,138.12,119,0.00,0.00,0.00,215113
2022/6/13 1:10:1,0.00,0.00,20.91,930.39,17.36,52.02,135.41,119,0.00,0.00,0.00,215172
2022/6/13 1:11:51,0.00,0.00,20.91,930.49,17.36,51.98,137.68,119,0.00,0.00,0.00,215231
2022/6/13 1:13:41,0.00,0.00,20.90,930.41,17.36,52.01,138.36,119,0.00,0.00,0.00,215290
2022/6/13 1:15:32,0.00,0.00,20.89,930.34,17.36,52.03,137.64,119,0.00,0.00,0.00,215349
2022/6/13 1:17:22,0.00,0.00,20.89,930.31,17.36,52.02,135.22,119,0.00,0.00,0.00,215408
2022/6/13 1:19:12,0.00,0.00,20.88,930.26,17.36,52.01,141.08,119,0.00,0.00,0.00,215467
2022/6/13 1:21:3,0.00,0.00,20.90,930.24,17.36,52.00,112.12,119,0.00,0.00,0.00,215526
2022/6/13 1:22:53,0.00,0.00,20.90,930.07,17.36,52.01,145.41,119,0.00,0.00,0.00,215585
2022/6/13 1:24:43,0.00,0.00,20.93,930.29,17.36,52.01,156.39,119,0.00,0.00,0.00,215644
2022/6/13 1:26:34,0.00,0.00,20.93,930.04,17.36,52.03,136.19,119,0.00,0.00,0.00,215703
2022/6/13 1:28:24,0.00,0.00,20.93,930.16,17.36,52.08,152.29,119,0.00,0.00,0.00,215762
2022/6/13 1:30:14,0.00,0.00,20.91,930.39,17.36,52.08,108.92,119,0.00,0.00,0.00,215821
2022/6/13 1:32:5,0.00,0.00,20.92,929.99,17.36,52.08,161.31,119,0.00,0.00,0.00,215880
2022/6/13 1:33:55,0.00,0.00,20.93,930.29,17.36,52.05,129.36,119,0.00,0.00,0.00,215939
2022/6/13 1:35:45,0.00,0.00,20.92,930.44,17.36,52.08,133.00,119,0.00,0.00,0.00,215998
2022/6/13 1:37:36,0.00,0.00,20.92,930.29,17.36,52.08,136.59,119,0.00,0.00,0.00,216057
2022/6/13 1:39:26,0.00,0.00,20.91,930.21,17.36,52.11,137.36,119,0.00,0.00,0.00,216116
2022/6/13 1:41:16,0.00,0.00,20.92,930.36,17.36,52.12,137.20,119,0.00,0.00,0.00,216175
2022/6/13 1:43:7,0.00,0.00,20.93,930.07,17.36,52.12,138.83,119,0.00,0.00,0.00,216234
2022/6/13 1:44:57,0.00,0.00,20.94,930.02,17.36,52.14,138.88,119,0.00,0.00,0.00,216293
2022/6/13 1:46:47,0.00,0.00,20.94,930.04,17.36,52.15,134.56,119,0.00,0.00,0.00,216352
2022/6/13 1:48:37,0.00,0.00,20.93,930.36,17.35,52.12,133.25,119,0.00,0.00,0.00,216411
2022/6/13 1:50:28,0.00,0.00,20.88,930.26,17.36,52.12,129.59,119,0.00,0.00,0.00,216470
2022/6/13 1:52:18,0.00,0.00,20.89,930.07,17.36,52.12,136.93,119,0.00,0.00,0.00,216529
2022/6/13 1:54:8,0.00,0.00,20.90,929.99,17.36,52.12,140.54,119,0.00,0.00,0.00,216588
2022/6/13 1:55:59,0.00,0.00,20.91,929.89,17.35,52.13,142.02,119,0.00,0.00,0.00,216647
2022/6/13 1:57:49,0.00,0.00,20.89,929.97,17.35,52.14,140.44,119,0.00,0.00,0.00,216706
2022/6/13 1:59:39,0.00,0.00,20.91,929.99,17.35,52.12,135.83,119,0.00,0.00,0.00,216765
2022/6/13 2:1:30,0.00,0.00,20.93,930.14,17.35,52.11,137.14,119,0.00,0.00,0.00,216824
2022/6/13 2:3:20,0.00,0.00,20.93,929.87,17.35,52.11,138.17,119,0.00,0.00,0.00,216883
2022/6/13 2:5:10,0.00,0.00,20.92,930.04,17.35,52.11,137.17,119,0.00,0.00,0.00,216942
2022/6/13 2:7:1,0.00,0.00,20.93,929.84,17.35,52.11,136.92,119,0.00,0.00,0.00,217001
2022/6/13 2:8:51,0.00,0.00,20.93,929.97,17.35,52.10,131.31,119,0.00,0.00,0.00,217060
2022/6/13 2:10:41,0.00,0.00,20.92,929.77,17.35,52.13,137.54,119,0.00,0.00,0.00,217119
2022/6/13 2:12:32,0.00,0.00,20.91,929.59,17.35,52.12,137.66,119,0.00,0.00,0.00,217178
2022/6/13 2:14:22,0.00,0.00,20.90,929.57,17.35,52.12,139.41,119,0.00,0.00,0.00,217237
2022/6/13 2:16:12,0.00,0.00,20.90,929.52,17.35,52.17,135.71,119,0.00,0.00,0.00,217296
2022/6/13 2:18:3,0.00,0.00,20.92,929.52,17.35,52.20,138.00,119,0.00,0.00,0.00,217355
2022/6/13 2:19:53,0.00,0.00,20.92,929.47,17.35,52.24,135.22,119,0.00,0.00,0.00,217414
2022/6/13 2:21:43,0.00,0.00,20.94,929.49,17.35,52.21,138.34,119,0.00,0.00,0.00,217473
2022/6/13 2:23:34,0.00,0.00,20.94,929.44,17.35,52.21,148.42,119,0.00,0.00,0.00,217532
2022/6/13 2:25:24,0.00,0.00,20.95,929.39,17.35,52.22,134.42,119,0.00,0.00,0.00,217591
2022/6/13 2:27:14,0.00,0.00,20.93,929.27,17.35,52.25,143.00,119,0.00,0.00,0.00,217650
2022/6/13 2:29:5,0.00,0.00,20.93,929.25,17.35,52.24,135.98,119,0.00,0.00,0.00,217709
2022/6/13 2:30:55,0.00,0.00,20.93,929.17,17.35,52.27,142.44,119,0.00,0.00,0.00,217768
2022/6/13 2:32:45,0.00,0.00,20.93,929.20,17.35,52.30,134.05,119,0.00,0.00,0.00,217827
2022/6/13 2:34:36,0.00,0.00,20.93,929.22,17.34,52.28,142.29,119,0.00,0.00,0.00,217886
2022/6/13 2:36:26,0.00,0.00,20.93,929.17,17.34,52.29,183.92,119,0.00,0.00,0.00,217945
2022/6/13 2:38:16,0.00,0.00,20.93,929.37,17.34,52.30,156.54,119,0.00,0.00,0.00,218004
2022/6/13 2:40:7,0.00,0.00,20.94,929.17,17.34,52.33,127.92,119,0.00,0.00,0.00,218063
2022/6/13 2:41:57,0.00,0.00,20.93,929.17,17.34,52.31,123.98,119,0.00,0.00,0.00,218122
2022/6/13 2:43:47,0.00,0.00,20.92,929.17,17.34,52.34,94.69,119,0.00,0.00,0.00,218181
2022/6/13 2:45:38,0.00,0.00,20.90,929.10,17.34,52.35,122.17,119,0.00,0.00,0.00,218240
2022/6/13 2:47:28,0.00,0.00,20.90,929.20,17.34,52.35,136.81,119,0.00,0.00,0.00,218299
2022/6/13 2:51:9,0.00,0.00,20.89,929.25,17.34,52.37,145.56,119,0.00,0.00,0.00,218417
2022/6/13 2:52:59,0.00,0.00,20.88,929.22,17.33,52.37,123.66,119,0.00,0.00,0.00,218476
2022/6/13 2:54:49,0.00,0.00,20.89,929.17,17.33,52.39,135.64,119,0.00,0.00,0.00,218535
2022/6/13 2:56:40,0.00,0.00,20.89,929.15,17.33,52.38,136.85,119,0.00,0.00,0.00,218594
2022/6/13 2:58:30,0.00,0.00,20.89,929.15,17.33,52.38,151.31,119,0.00,0.00,0.00,218653
2022/6/13 3:0:20,0.00,0.00,20.91,929.17,17.33,52.39,164.51,119,0.00,0.00,0.00,218712
2022/6/13 3:2:11,0.00,0.00,20.92,929.15,17.33,52.40,158.10,119,0.00,0.00,0.00,218771
2022/6/13 3:4:1,0.00,0.00,20.93,929.32,17.33,52.42,125.03,119,0.00,0.00,0.00,218830
