2022/6/5 0:0:54,0.00,0.00,19.73,926.14,16.19,71.30,144.98,313,0.00,0.00,0.00,115403
2022/6/5 0:2:44,0.00,0.00,19.76,926.24,16.18,71.29,142.68,312,0.00,0.00,0.00,115462
2022/6/5 0:4:34,0.00,0.00,19.73,926.26,16.18,71.31,139.63,312,0.00,0.00,0.00,115521
2022/6/5 0:6:25,0.00,0.00,19.74,926.31,16.18,71.27,132.64,313,0.00,0.00,0.00,115580
2022/6/5 0:8:15,0.00,0.00,19.72,926.29,16.18,71.30,128.73,313,0.00,0.00,0.00,115639
2022/6/5 0:10:5,0.00,0.00,19.72,926.19,16.17,71.41,141.19,313,0.00,0.00,0.00,115698
2022/6/5 0:11:56,0.00,0.00,19.68,926.26,16.17,71.39,127.24,313,0.00,0.00,0.00,115757
2022/6/5 0:13:46,0.00,0.00,19.65,926.21,16.17,71.39,139.44,313,0.00,0.00,0.00,115816
2022/6/5 0:15:36,0.00,0.00,19.66,926.21,16.16,71.39,130.95,312,0.00,0.00,0.00,115875
2022/6/5 0:17:26,0.00,0.00,19.67,926.19,16.16,71.44,138.07,312,0.00,0.00,0.00,115934
2022/6/5 0:19:17,0.00,0.00,19.67,926.21,16.16,71.42,136.39,312,0.00,0.00,0.00,115993
2022/6/5 0:21:7,0.00,0.00,19.69,926.26,16.16,71.46,139.42,312,0.00,0.00,0.00,116052
2022/6/5 0:22:57,0.00,0.00,19.68,926.21,16.16,71.45,141.81,313,0.00,0.00,0.00,116111
2022/6/5 0:24:48,0.00,0.00,19.67,926.19,16.16,71.48,140.49,313,0.00,0.00,0.00,116170
2022/6/5 0:26:38,0.00,0.00,19.68,926.16,16.15,71.46,138.32,312,0.00,0.00,0.00,116229
2022/6/5 0:28:28,0.00,0.00,19.67,926.14,16.15,71.47,142.25,313,0.00,0.00,0.00,116288
2022/6/5 0:30:19,0.00,0.00,19.69,926.19,16.15,71.46,142.75,313,0.00,0.00,0.00,116347
2022/6/5 0:32:9,0.00,0.00,19.69,926.19,16.15,71.49,136.17,313,0.00,0.00,0.00,116406
