2022/7/4 0:0:25,0.00,0.00,24.85,927.68,21.51,72.32,138.64,102,0.00,0.00,0.00,49677
2022/7/4 0:2:15,0.00,0.00,24.83,927.68,21.51,72.34,140.97,102,0.00,0.00,0.00,49736
2022/7/4 0:4:5,0.00,0.00,24.81,927.70,21.50,72.42,138.61,102,0.00,0.00,0.00,49795
2022/7/4 0:5:56,0.00,0.00,24.81,927.58,21.50,72.44,134.97,102,0.00,0.00,0.00,49854
2022/7/4 0:7:46,0.00,0.00,24.80,927.60,21.49,72.49,136.47,102,0.00,0.00,0.00,49913
2022/7/4 0:9:36,0.00,0.00,24.80,927.63,21.49,72.49,136.71,102,0.00,0.00,0.00,49972
2022/7/4 0:11:27,0.00,0.00,24.79,927.68,21.49,72.51,137.27,102,0.00,0.00,0.00,50031
2022/7/4 0:13:17,0.00,0.00,24.78,927.65,21.48,72.54,137.78,102,0.00,0.00,0.00,50090
2022/7/4 0:15:8,0.00,0.00,24.77,927.70,21.48,72.56,138.76,102,0.00,0.00,0.00,50149
2022/7/4 0:16:58,0.00,0.00,24.78,927.63,21.47,72.59,138.08,102,0.00,0.00,0.00,50208
2022/7/4 0:18:48,0.00,0.00,24.77,927.55,21.47,72.58,137.64,102,0.00,0.00,0.00,50267
2022/7/4 0:20:39,0.00,0.00,24.77,927.68,21.47,72.61,145.07,101,0.00,0.00,0.00,50326
2022/7/4 0:22:29,0.00,0.00,24.76,927.70,21.46,72.65,137.90,102,0.00,0.00,0.00,50385
2022/7/4 0:24:19,0.00,0.00,24.76,927.65,21.46,72.69,133.29,101,0.00,0.00,0.00,50444
2022/7/4 0:26:10,0.00,0.00,24.76,927.73,21.45,72.66,139.80,102,0.00,0.00,0.00,50503
2022/7/4 0:28:0,0.00,0.00,24.75,927.75,21.44,72.67,140.63,102,0.00,0.00,0.00,50562
2022/7/4 0:29:50,0.00,0.00,24.75,927.68,21.44,72.70,139.69,101,0.00,0.00,0.00,50621
2022/7/4 0:31:41,0.00,0.00,24.75,927.73,21.44,72.72,135.66,102,0.00,0.00,0.00,50680
2022/7/4 0:33:31,0.00,0.00,24.75,927.68,21.43,72.73,134.78,102,0.00,0.00,0.00,50739
2022/7/4 0:35:22,0.00,0.00,24.75,927.73,21.43,72.76,139.68,102,0.00,0.00,0.00,50798
2022/7/4 0:37:12,0.00,0.00,24.74,927.70,21.42,72.81,138.56,102,0.00,0.00,0.00,50857
2022/7/4 0:39:2,0.00,0.00,24.72,927.65,21.42,72.82,136.59,102,0.00,0.00,0.00,50916
2022/7/4 0:40:53,0.00,0.00,24.72,927.65,21.41,72.86,138.17,102,0.00,0.00,0.00,50975
2022/7/4 0:42:43,0.00,0.00,24.71,927.63,21.41,72.85,136.19,102,0.00,0.00,0.00,51034
2022/7/4 0:44:33,0.00,0.00,24.71,927.70,21.41,72.86,137.49,102,0.00,0.00,0.00,51093
2022/7/4 0:46:24,0.00,0.00,24.67,927.70,21.40,72.96,139.81,102,0.00,0.00,0.00,51152
2022/7/4 0:48:14,0.00,0.00,24.69,927.68,21.40,73.10,133.53,102,0.00,0.00,0.00,51211
2022/7/4 0:50:5,0.00,0.00,24.73,927.73,21.40,73.06,138.34,102,0.00,0.00,0.00,51270
2022/7/4 0:51:55,0.00,0.00,24.73,927.63,21.40,72.99,132.78,101,0.00,0.00,0.00,51329
2022/7/4 0:53:45,0.00,0.00,24.74,927.63,21.40,72.96,130.08,101,0.00,0.00,0.00,51388
2022/7/4 0:55:36,0.00,0.00,24.74,927.73,21.39,72.93,143.83,102,0.00,0.00,0.00,51447
2022/7/4 0:57:26,0.00,0.00,24.72,927.63,21.39,72.90,143.37,102,0.00,0.00,0.00,51506
2022/7/4 0:59:17,0.00,0.00,24.72,927.70,21.39,72.89,138.56,102,0.00,0.00,0.00,51565
2022/7/4 1:1:7,0.00,0.00,24.74,927.63,21.39,72.84,141.41,102,0.00,0.00,0.00,51624
2022/7/4 1:2:57,0.00,0.00,24.73,927.63,21.39,72.81,141.92,101,0.00,0.00,0.00,51683
2022/7/4 1:4:48,0.00,0.00,24.71,927.73,21.38,72.80,138.71,102,0.00,0.00,0.00,51742
2022/7/4 1:6:38,0.00,0.00,24.70,927.63,21.38,72.77,138.66,102,0.00,0.00,0.00,51801
2022/7/4 1:8:28,0.00,0.00,24.72,927.60,21.38,72.75,138.58,102,0.00,0.00,0.00,51860
2022/7/4 1:10:19,0.00,0.00,24.70,927.63,21.38,72.74,137.49,102,0.00,0.00,0.00,51919
2022/7/4 1:12:9,0.00,0.00,24.70,927.46,21.37,72.74,125.83,101,0.00,0.00,0.00,51978
2022/7/4 1:13:59,0.00,0.00,24.70,927.56,21.37,72.75,135.29,102,0.00,0.00,0.00,52037
2022/7/4 1:15:50,0.00,0.00,24.71,927.68,21.36,72.75,136.56,102,0.00,0.00,0.00,52096
2022/7/4 1:17:40,0.00,0.00,24.70,927.63,21.36,72.74,136.93,102,0.00,0.00,0.00,52155
2022/7/4 1:19:31,0.00,0.00,24.68,927.70,21.36,72.73,138.00,101,0.00,0.00,0.00,52214
2022/7/4 1:21:21,0.00,0.00,24.69,927.63,21.36,72.70,138.95,101,0.00,0.00,0.00,52273
2022/7/4 1:23:11,0.00,0.00,24.65,927.60,21.35,72.69,139.14,101,0.00,0.00,0.00,52332
2022/7/4 1:25:2,0.00,0.00,24.66,927.55,21.35,72.69,139.22,102,0.00,0.00,0.00,52391
2022/7/4 1:26:52,0.00,0.00,24.68,927.65,21.35,72.71,140.90,102,0.00,0.00,0.00,52450
2022/7/4 1:28:42,0.00,0.00,24.64,927.75,21.35,72.69,139.39,102,0.00,0.00,0.00,52509
2022/7/4 1:30:33,0.00,0.00,24.62,927.63,21.35,72.64,139.24,102,0.00,0.00,0.00,52568
2022/7/4 1:34:14,0.00,0.00,24.64,927.70,21.35,72.58,139.93,102,0.00,0.00,0.00,52686
2022/7/4 1:36:4,0.00,0.00,24.63,927.68,21.35,72.57,138.95,102,0.00,0.00,0.00,52745
2022/7/4 1:37:54,0.00,0.00,24.64,927.78,21.35,72.55,134.47,102,0.00,0.00,0.00,52804
2022/7/4 1:39:45,0.00,0.00,24.64,927.58,21.34,72.52,140.54,102,0.00,0.00,0.00,52863
2022/7/4 1:41:35,0.00,0.00,24.60,927.65,21.34,72.46,142.97,102,0.00,0.00,0.00,52922
2022/7/4 1:43:25,0.00,0.00,24.58,927.60,21.34,72.40,140.61,102,0.00,0.00,0.00,52981
2022/7/4 1:45:16,0.00,0.00,24.60,927.75,21.34,72.38,141.12,101,0.00,0.00,0.00,53040
2022/7/4 1:47:6,0.00,0.00,24.62,927.63,21.33,72.38,141.90,101,0.00,0.00,0.00,53099
2022/7/4 1:48:57,0.00,0.00,24.58,927.68,21.33,72.38,140.03,102,0.00,0.00,0.00,53158
2022/7/4 1:50:47,0.00,0.00,24.54,927.58,21.32,72.34,135.61,102,0.00,0.00,0.00,53217
