2022/5/26 0:1:0,0.00,0.00,22.75,912.38,21.49,63.15,21.41,123,0.00,0.00,0.00,494
2022/5/26 0:2:0,0.00,0.00,22.76,912.05,21.48,63.16,19.68,123,0.00,0.00,0.00,531
2022/5/26 0:4:0,0.00,0.00,22.70,912.98,21.45,63.19,19.00,123,0.00,0.00,0.00,6
2022/5/26 0:5:0,0.00,0.00,22.71,912.69,21.45,63.36,23.65,123,0.00,0.00,0.00,43
2022/5/26 0:7:0,0.00,0.00,22.63,912.32,21.45,64.50,23.27,123,0.00,0.00,0.00,118
2022/5/26 0:9:0,0.00,0.00,22.65,912.51,21.44,63.37,21.12,123,0.00,0.00,0.00,193
2022/5/26 0:10:0,0.00,0.00,22.64,912.69,21.43,63.27,23.46,123,0.00,0.00,0.00,230
2022/5/26 0:12:0,0.00,0.00,22.64,912.08,21.41,63.22,22.11,123,0.00,0.00,0.00,305
2022/5/26 0:13:0,0.00,0.00,22.61,912.61,21.40,63.22,21.05,123,0.00,0.00,0.00,342
2022/5/26 0:15:0,0.00,0.00,22.59,912.36,21.38,63.24,20.44,122,0.00,0.00,0.00,417
2022/5/26 0:17:0,0.00,0.00,22.59,912.40,21.36,63.27,21.87,122,0.00,0.00,0.00,492
2022/5/26 0:18:0,0.00,0.00,22.56,912.29,21.35,63.26,25.22,122,0.00,0.00,0.00,529
2022/5/26 0:20:0,0.00,0.00,22.57,912.47,21.33,63.27,18.40,123,0.00,0.00,0.00,4
2022/5/26 0:21:0,0.00,0.00,22.56,912.45,21.33,63.28,20.86,123,0.00,0.00,0.00,41
2022/5/26 0:23:0,0.00,0.00,22.55,912.57,21.32,63.28,21.69,122,0.00,0.00,0.00,116
2022/5/26 0:24:0,0.00,0.00,22.54,912.41,21.31,63.28,23.68,122,0.00,0.00,0.00,153
2022/5/26 0:26:0,0.00,0.00,22.52,912.22,21.30,63.22,22.43,123,0.00,0.00,0.00,228
2022/5/26 0:28:0,0.00,0.00,22.51,912.26,21.28,63.24,20.69,122,0.00,0.00,0.00,303
2022/5/26 0:29:0,0.00,0.00,22.50,912.73,21.27,63.16,21.35,123,0.00,0.00,0.00,340
2022/5/26 0:31:0,0.00,0.00,22.50,912.34,21.26,63.31,22.92,123,0.00,0.00,0.00,415
2022/5/26 0:32:0,0.00,0.00,22.50,912.29,21.25,63.35,21.32,122,0.00,0.00,0.00,452
2022/5/26 0:34:0,0.00,0.00,22.49,912.44,21.24,63.29,22.01,123,0.00,0.00,0.00,527
2022/5/26 0:36:0,0.00,0.00,22.44,913.75,21.22,63.38,38.33,123,0.00,0.00,0.00,2
2022/5/26 0:37:0,0.00,0.00,22.44,912.17,21.22,63.37,20.84,123,0.00,0.00,0.00,39
2022/5/26 0:39:0,0.00,0.00,22.43,912.44,21.21,63.41,23.20,123,0.00,0.00,0.00,114
2022/5/26 0:40:0,0.00,0.00,22.44,911.98,21.21,63.44,19.97,123,0.00,0.00,0.00,151
2022/5/26 0:42:0,0.00,0.00,22.41,912.57,21.20,63.37,22.07,122,0.00,0.00,0.00,226
2022/5/26 0:44:0,0.00,0.00,22.39,912.28,21.18,63.46,21.31,123,0.00,0.00,0.00,301
2022/5/26 0:45:0,0.00,0.00,22.38,911.78,21.17,63.48,22.59,123,0.00,0.00,0.00,338
2022/5/26 0:47:0,0.00,0.00,22.33,912.18,21.16,63.41,21.43,123,0.00,0.00,0.00,413
2022/5/26 0:48:0,0.00,0.00,22.30,912.41,21.15,63.36,20.76,122,0.00,0.00,0.00,450
2022/5/26 0:50:0,0.00,0.00,22.31,912.61,21.14,63.47,21.91,122,0.00,0.00,0.00,525
2022/5/26 0:53:0,0.00,0.00,22.25,912.04,21.10,63.35,23.16,123,0.00,0.00,0.00,37
2022/5/26 0:55:0,0.00,0.00,22.25,912.24,21.10,63.30,21.88,122,0.00,0.00,0.00,112
2022/5/26 0:56:0,0.00,0.00,22.25,912.37,21.09,63.48,23.92,123,0.00,0.00,0.00,149
2022/5/26 0:58:0,0.00,0.00,22.24,912.24,21.08,63.50,21.45,123,0.00,0.00,0.00,224
2022/5/26 1:0:0,0.00,0.00,22.20,912.22,21.07,63.33,21.57,123,0.00,0.00,0.00,299
2022/5/26 1:1:0,0.00,0.00,22.17,912.17,21.06,63.36,21.97,123,0.00,0.00,0.00,336
2022/5/26 1:3:0,0.00,0.00,22.15,912.40,21.06,63.32,22.31,122,0.00,0.00,0.00,411
2022/5/26 1:4:0,0.00,0.00,22.16,912.13,21.05,63.36,20.03,123,0.00,0.00,0.00,448
2022/5/26 1:6:0,0.00,0.00,22.16,912.26,21.04,63.25,22.11,122,0.00,0.00,0.00,523
2022/5/26 1:8:0,0.00,0.00,22.16,911.99,21.03,63.23,21.39,122,0.00,0.00,0.00,598
2022/5/26 1:9:0,0.00,0.00,22.17,912.36,21.01,63.28,23.39,123,0.00,0.00,0.00,35
2022/5/26 1:11:0,0.00,0.00,22.15,912.28,21.02,63.28,21.53,123,0.00,0.00,0.00,110
2022/5/26 1:12:0,0.00,0.00,22.06,912.09,21.01,62.97,20.41,122,0.00,0.00,0.00,147
2022/5/26 1:14:0,0.00,0.00,22.11,912.12,21.01,63.34,22.19,122,0.00,0.00,0.00,222
2022/5/26 1:15:0,0.00,0.00,22.13,912.41,21.00,63.20,21.16,123,0.00,0.00,0.00,259
2022/5/26 1:17:0,0.00,0.00,22.13,912.28,20.99,63.21,20.45,122,0.00,0.00,0.00,334
2022/5/26 1:19:0,0.00,0.00,22.10,911.97,20.98,63.13,23.56,122,0.00,0.00,0.00,409
2022/5/26 1:20:0,0.00,0.00,22.08,912.53,20.98,63.12,20.30,122,0.00,0.00,0.00,446
2022/5/26 1:22:0,0.00,0.00,22.07,912.34,20.97,63.11,23.57,122,0.00,0.00,0.00,521
2022/5/26 1:23:0,0.00,0.00,22.09,912.17,20.97,63.23,23.43,123,0.00,0.00,0.00,558
2022/5/26 1:25:0,0.00,0.00,22.03,911.78,20.96,63.06,23.50,123,0.00,0.00,0.00,33
