2022/6/18 0:0:11,0.00,0.00,21.80,923.23,18.64,69.55,140.49,83,0.00,0.00,0.00,117763
2022/6/18 0:3:51,0.00,0.00,21.80,923.31,18.62,69.49,136.12,83,0.00,0.00,0.00,117881
2022/6/18 0:5:42,0.00,0.00,21.77,923.08,18.60,69.42,118.68,83,0.00,0.00,0.00,117940
2022/6/18 0:7:32,0.00,0.00,21.77,923.18,18.59,69.44,131.03,84,0.00,0.00,0.00,117999
2022/6/18 0:9:22,0.00,0.00,21.75,923.23,18.58,69.44,136.20,83,0.00,0.00,0.00,118058
2022/6/18 0:11:13,0.00,0.00,21.76,923.18,18.57,69.42,138.71,83,0.00,0.00,0.00,118117
2022/6/18 0:13:3,0.00,0.00,21.70,923.26,18.56,69.37,140.25,83,0.00,0.00,0.00,118176
2022/6/18 0:14:53,0.00,0.00,21.69,923.28,18.55,69.36,142.78,83,0.00,0.00,0.00,118235
2022/6/18 0:16:44,0.00,0.00,21.71,923.21,18.54,69.35,141.47,83,0.00,0.00,0.00,118294
2022/6/18 0:18:34,0.00,0.00,21.70,923.28,18.53,69.33,140.05,83,0.00,0.00,0.00,118353
2022/6/18 0:20:24,0.00,0.00,21.71,923.18,18.52,69.30,140.41,83,0.00,0.00,0.00,118412
2022/6/18 0:22:15,0.00,0.00,21.69,923.23,18.52,69.29,141.27,83,0.00,0.00,0.00,118471
2022/6/18 0:24:5,0.00,0.00,21.68,923.16,18.52,69.27,140.86,83,0.00,0.00,0.00,118530
2022/6/18 0:25:55,0.00,0.00,21.69,923.26,18.52,69.21,140.75,83,0.00,0.00,0.00,118589
2022/6/18 0:27:46,0.00,0.00,21.66,923.26,18.51,69.23,140.39,83,0.00,0.00,0.00,118648
2022/6/18 0:29:36,0.00,0.00,21.66,923.26,18.50,69.18,141.59,83,0.00,0.00,0.00,118707
2022/6/18 0:31:26,0.00,0.00,21.65,923.26,18.49,69.16,142.85,83,0.00,0.00,0.00,118766
2022/6/18 0:33:17,0.00,0.00,21.66,923.26,18.48,69.16,135.98,83,0.00,0.00,0.00,118825
2022/6/18 0:35:7,0.00,0.00,21.66,923.18,18.47,69.14,143.53,83,0.00,0.00,0.00,118884
2022/6/18 0:36:57,0.00,0.00,21.64,923.31,18.46,69.11,142.53,83,0.00,0.00,0.00,118943
2022/6/18 0:38:48,0.00,0.00,21.64,923.06,18.45,69.06,141.56,83,0.00,0.00,0.00,119002
2022/6/18 0:40:38,0.00,0.00,21.64,923.33,18.45,69.01,141.12,83,0.00,0.00,0.00,119061
2022/6/18 0:42:28,0.00,0.00,21.64,923.23,18.44,69.01,140.78,83,0.00,0.00,0.00,119120
2022/6/18 0:44:19,0.00,0.00,21.64,923.33,18.43,68.96,139.20,83,0.00,0.00,0.00,119179
2022/6/18 0:46:9,0.00,0.00,21.65,923.21,18.43,68.89,141.44,83,0.00,0.00,0.00,119238
2022/6/18 0:47:59,0.00,0.00,21.59,923.31,18.42,68.87,141.51,83,0.00,0.00,0.00,119297
2022/6/18 0:49:50,0.00,0.00,21.60,923.41,18.42,68.86,140.54,83,0.00,0.00,0.00,119356
2022/6/18 0:51:40,0.00,0.00,21.60,923.28,18.41,68.86,142.22,83,0.00,0.00,0.00,119415
2022/6/18 0:53:30,0.00,0.00,21.61,923.18,18.40,68.81,120.85,83,0.00,0.00,0.00,119474
2022/6/18 0:55:21,0.00,0.00,21.56,923.31,18.39,68.78,146.56,83,0.00,0.00,0.00,119533
2022/6/18 0:57:11,0.00,0.00,21.53,923.33,18.39,68.76,131.25,83,0.00,0.00,0.00,119592
2022/6/18 0:59:1,0.00,0.00,21.52,923.26,18.38,68.72,151.39,83,0.00,0.00,0.00,119651
2022/6/18 1:0:52,0.00,0.00,21.56,923.21,18.37,68.68,137.12,83,0.00,0.00,0.00,119710
2022/6/18 1:2:42,0.00,0.00,21.53,923.31,18.36,68.63,151.10,83,0.00,0.00,0.00,119769
2022/6/18 1:4:32,0.00,0.00,21.53,923.28,18.36,68.59,154.59,83,0.00,0.00,0.00,119828
2022/6/18 1:6:23,0.00,0.00,21.49,923.41,18.35,68.55,121.93,83,0.00,0.00,0.00,119887
2022/6/18 1:8:13,0.00,0.00,21.50,923.36,18.35,68.51,144.25,83,0.00,0.00,0.00,119946
2022/6/18 1:10:3,0.00,0.00,21.50,923.38,18.34,68.53,149.36,83,0.00,0.00,0.00,120005
2022/6/18 1:11:54,0.00,0.00,21.49,923.36,18.33,68.51,146.59,83,0.00,0.00,0.00,120064
2022/6/18 1:13:44,0.00,0.00,21.53,923.48,18.32,68.47,112.88,84,0.00,0.00,0.00,120123
2022/6/18 1:15:34,0.00,0.00,21.51,923.48,18.32,68.46,133.92,83,0.00,0.00,0.00,120182
2022/6/18 1:17:25,0.00,0.00,21.47,923.55,18.31,68.40,138.17,83,0.00,0.00,0.00,120241
2022/6/18 1:19:15,0.00,0.00,21.48,923.41,18.30,68.40,161.92,83,0.00,0.00,0.00,120300
2022/6/18 1:21:5,0.00,0.00,21.41,923.43,18.30,68.32,145.51,83,0.00,0.00,0.00,120359
2022/6/18 1:22:56,0.00,0.00,21.44,923.43,18.29,68.31,135.95,83,0.00,0.00,0.00,120418
2022/6/18 1:24:46,0.00,0.00,21.43,923.38,18.29,68.28,156.36,83,0.00,0.00,0.00,120477
2022/6/18 1:26:36,0.00,0.00,21.43,923.50,18.28,68.24,134.56,83,0.00,0.00,0.00,120536
2022/6/18 1:28:27,0.00,0.00,21.44,923.41,18.27,68.23,135.41,83,0.00,0.00,0.00,120595
2022/6/18 1:30:17,0.00,0.00,21.44,923.48,18.27,68.16,115.05,83,0.00,0.00,0.00,120654
2022/6/18 1:32:7,0.00,0.00,21.42,923.45,18.26,68.12,143.20,83,0.00,0.00,0.00,120713
2022/6/18 1:33:58,0.00,0.00,21.40,923.45,18.25,68.10,126.68,83,0.00,0.00,0.00,120772
2022/6/18 1:35:48,0.00,0.00,21.43,923.50,18.25,68.06,149.20,83,0.00,0.00,0.00,120831
2022/6/18 1:37:38,0.00,0.00,21.43,923.75,18.24,68.03,142.58,83,0.00,0.00,0.00,120890
2022/6/18 1:39:29,0.00,0.00,21.42,923.85,18.24,67.99,118.81,83,0.00,0.00,0.00,120949
2022/6/18 1:41:19,0.00,0.00,21.38,923.98,18.23,67.94,156.42,83,0.00,0.00,0.00,121008
