2022/6/8 0:0:19,0.00,0.00,20.71,921.74,17.37,79.48,133.90,119,0.00,0.00,0.00,26785
2022/6/8 0:2:10,0.00,0.00,20.73,921.77,17.37,79.48,128.25,119,0.00,0.00,0.00,26844
2022/6/8 0:5:50,0.00,0.00,20.71,921.72,17.37,79.48,127.64,119,0.00,0.00,0.00,26962
2022/6/8 0:7:40,0.00,0.00,20.72,921.81,17.37,79.48,116.51,119,0.00,0.00,0.00,27021
2022/6/8 0:9:31,0.00,0.00,20.71,921.84,17.37,79.46,128.29,119,0.00,0.00,0.00,27080
2022/6/8 0:11:21,0.00,0.00,20.72,921.86,17.37,79.46,148.73,119,0.00,0.00,0.00,27139
2022/6/8 0:13:11,0.00,0.00,20.73,921.77,17.36,79.44,140.73,120,0.00,0.00,0.00,27198
2022/6/8 0:15:2,0.00,0.00,20.73,921.79,17.36,79.45,142.66,119,0.00,0.00,0.00,27257
2022/6/8 0:16:52,0.00,0.00,20.72,921.81,17.36,79.41,140.95,119,0.00,0.00,0.00,27316
2022/6/8 0:18:42,0.00,0.00,20.74,921.79,17.36,79.40,127.81,120,0.00,0.00,0.00,27375
2022/6/8 0:20:33,0.00,0.00,20.73,921.74,17.35,79.40,129.71,119,0.00,0.00,0.00,27434
