2022/7/17 0:0:41,0.00,0.00,23.52,924.10,20.43,65.00,141.88,123,0.00,0.00,0.00,123073
2022/7/17 0:2:32,0.00,0.00,23.47,924.05,20.43,64.97,145.61,123,0.00,0.00,0.00,123132
2022/7/17 0:4:22,0.00,0.00,23.44,923.93,20.43,64.99,144.24,123,0.00,0.00,0.00,123191
2022/7/17 0:6:12,0.00,0.00,23.41,924.10,20.43,64.91,145.41,123,0.00,0.00,0.00,123250
2022/7/17 0:8:3,0.00,0.00,23.40,924.08,20.43,64.90,144.73,123,0.00,0.00,0.00,123309
2022/7/17 0:9:53,0.00,0.00,23.40,924.15,20.43,64.80,142.19,123,0.00,0.00,0.00,123368
2022/7/17 0:11:44,0.00,0.00,23.38,924.18,20.43,64.63,161.29,123,0.00,0.00,0.00,123427
2022/7/17 0:13:34,0.00,0.00,23.37,924.55,20.43,64.62,137.22,123,0.00,0.00,0.00,123486
2022/7/17 0:15:24,0.00,0.00,23.35,924.60,20.43,64.55,152.37,123,0.00,0.00,0.00,123545
2022/7/17 0:17:15,0.00,0.00,23.35,924.50,20.43,64.45,162.31,123,0.00,0.00,0.00,123604
2022/7/17 0:19:5,0.00,0.00,23.34,924.62,20.43,64.37,144.05,123,0.00,0.00,0.00,123663
2022/7/17 0:20:55,0.00,0.00,23.36,924.57,20.43,64.34,139.92,123,0.00,0.00,0.00,123722
2022/7/17 0:22:46,0.00,0.00,23.33,924.57,20.43,64.35,143.42,123,0.00,0.00,0.00,123781
2022/7/17 0:24:36,0.00,0.00,23.30,924.60,20.43,64.33,146.42,123,0.00,0.00,0.00,123840
2022/7/17 0:26:27,0.00,0.00,23.30,924.57,20.42,64.27,148.12,123,0.00,0.00,0.00,123899
2022/7/17 0:28:17,0.00,0.00,23.32,924.60,20.41,64.18,150.02,123,0.00,0.00,0.00,123958
2022/7/17 0:30:7,0.00,0.00,23.32,924.62,20.41,64.12,142.63,123,0.00,0.00,0.00,124017
2022/7/17 0:31:58,0.00,0.00,23.32,924.55,20.41,64.04,148.36,122,0.00,0.00,0.00,124076
2022/7/17 0:33:48,0.00,0.00,23.30,924.67,20.41,63.98,142.95,123,0.00,0.00,0.00,124135
