2022/7/6 0:1:23,0.00,0.00,25.91,925.67,22.67,64.94,142.81,103,0.00,0.00,0.00,142071
2022/7/6 0:3:14,0.00,0.00,25.88,925.59,22.66,64.97,137.03,103,0.00,0.00,0.00,142130
2022/7/6 0:5:4,0.00,0.00,25.87,925.69,22.66,64.94,139.78,103,0.00,0.00,0.00,142189
2022/7/6 0:6:54,0.00,0.00,25.87,925.74,22.66,64.90,132.00,103,0.00,0.00,0.00,142248
2022/7/6 0:8:45,0.00,0.00,25.88,925.79,22.66,64.89,111.58,102,0.00,0.00,0.00,142307
2022/7/6 0:10:35,0.00,0.00,25.91,925.77,22.66,64.83,138.10,103,0.00,0.00,0.00,142366
2022/7/6 0:12:26,0.00,0.00,25.89,925.69,22.65,64.79,138.78,102,0.00,0.00,0.00,142425
2022/7/6 0:14:16,0.00,0.00,25.92,925.77,22.65,64.81,137.03,103,0.00,0.00,0.00,142484
2022/7/6 0:16:6,0.00,0.00,25.91,925.64,22.65,64.85,136.31,103,0.00,0.00,0.00,142543
2022/7/6 0:17:57,0.00,0.00,25.91,925.49,22.65,64.78,138.64,103,0.00,0.00,0.00,142602
2022/7/6 0:19:47,0.00,0.00,25.89,925.47,22.65,64.72,134.78,103,0.00,0.00,0.00,142661
2022/7/6 0:21:37,0.00,0.00,25.85,925.37,22.65,64.73,137.71,102,0.00,0.00,0.00,142720
2022/7/6 0:23:28,0.00,0.00,25.82,925.22,22.65,64.72,136.51,103,0.00,0.00,0.00,142779
2022/7/6 0:25:18,0.00,0.00,25.82,925.24,22.65,64.74,137.12,102,0.00,0.00,0.00,142838
2022/7/6 0:27:9,0.00,0.00,25.82,925.00,22.64,64.66,136.27,103,0.00,0.00,0.00,142897
2022/7/6 0:28:59,0.00,0.00,25.76,925.29,22.64,64.63,138.05,102,0.00,0.00,0.00,142956
2022/7/6 0:30:49,0.00,0.00,25.79,925.02,22.64,64.64,136.53,103,0.00,0.00,0.00,143015
2022/7/6 0:32:40,0.00,0.00,25.78,925.27,22.63,64.61,138.29,103,0.00,0.00,0.00,143074
2022/7/6 0:34:30,0.00,0.00,25.79,925.39,22.63,64.55,138.32,103,0.00,0.00,0.00,143133
2022/7/6 0:36:21,0.00,0.00,25.82,925.17,22.63,64.53,152.56,103,0.00,0.00,0.00,143192
2022/7/6 0:38:11,0.00,0.00,25.81,925.12,22.62,64.53,140.22,103,0.00,0.00,0.00,143251
2022/7/6 0:40:1,0.00,0.00,25.81,925.10,22.62,64.47,134.46,103,0.00,0.00,0.00,143310
2022/7/6 0:41:52,0.00,0.00,25.80,925.02,22.62,64.45,139.98,102,0.00,0.00,0.00,143369
2022/7/6 0:43:42,0.00,0.00,25.84,924.90,22.62,64.42,141.88,103,0.00,0.00,0.00,143428
2022/7/6 0:45:33,0.00,0.00,25.87,925.12,22.61,64.44,135.98,102,0.00,0.00,0.00,143487
2022/7/6 0:47:23,0.00,0.00,25.85,924.92,22.61,64.43,137.03,103,0.00,0.00,0.00,143546
2022/7/6 0:49:13,0.00,0.00,25.81,925.00,22.61,64.34,138.64,103,0.00,0.00,0.00,143605
2022/7/6 0:51:4,0.00,0.00,25.81,924.92,22.61,64.32,138.92,102,0.00,0.00,0.00,143664
2022/7/6 0:52:54,0.00,0.00,25.79,925.02,22.61,64.31,140.59,102,0.00,0.00,0.00,143723
2022/7/6 0:54:44,0.00,0.00,25.76,925.39,22.61,64.34,136.31,103,0.00,0.00,0.00,143782
2022/7/6 0:56:35,0.00,0.00,25.79,925.19,22.61,64.26,141.46,103,0.00,0.00,0.00,143841
2022/7/6 0:58:25,0.00,0.00,25.82,925.10,22.60,64.18,138.47,103,0.00,0.00,0.00,143900
2022/7/6 1:0:16,0.00,0.00,25.78,925.05,22.60,64.33,137.32,103,0.00,0.00,0.00,143959
2022/7/6 1:2:6,0.00,0.00,25.71,924.95,22.60,64.24,134.61,103,0.00,0.00,0.00,144018
2022/7/6 1:3:56,0.00,0.00,25.75,925.07,22.60,64.25,138.83,103,0.00,0.00,0.00,144077
2022/7/6 1:5:47,0.00,0.00,25.78,924.90,22.59,64.17,135.32,102,0.00,0.00,0.00,144136
2022/7/6 1:7:37,0.00,0.00,25.80,925.12,22.59,64.23,144.36,103,0.00,0.00,0.00,144195
2022/7/6 1:9:28,0.00,0.00,25.80,925.05,22.59,64.18,128.69,103,0.00,0.00,0.00,144254
2022/7/6 1:11:18,0.00,0.00,25.82,924.82,22.59,64.14,129.41,102,0.00,0.00,0.00,144313
2022/7/6 1:13:8,0.00,0.00,25.80,924.92,22.59,64.16,133.93,102,0.00,0.00,0.00,144372
