2022/5/11 14:14:40,0.00,0.00,23.19,923.28,21.07,65.33,36.00,124,0.00,0.00,0.00,414
2022/5/11 14:15:0,0.00,0.00,23.23,923.03,21.07,65.43,42.85,124,0.00,0.00,0.00,427
2022/5/11 14:15:10,0.00,0.00,23.24,922.30,21.07,65.41,42.67,124,0.00,0.00,0.00,433
2022/5/11 14:15:20,0.00,0.00,23.20,923.03,21.07,65.48,35.00,124,0.00,0.00,0.00,439
2022/5/11 14:15:30,0.00,0.00,23.14,923.03,21.07,65.46,39.33,124,0.00,0.00,0.00,445
2022/5/11 14:16:0,0.00,0.00,23.10,923.03,21.07,65.82,40.26,124,0.00,0.00,0.00,464
2022/5/11 14:16:10,0.00,0.00,23.08,922.54,21.07,66.21,37.67,124,0.00,0.00,0.00,470
2022/5/11 14:16:20,0.00,0.00,23.08,923.03,21.07,66.07,40.33,124,0.00,0.00,0.00,476
2022/5/11 14:16:30,0.00,0.00,23.09,923.03,21.07,65.83,42.50,124,0.00,0.00,0.00,482
2022/5/11 14:17:0,0.00,0.00,22.97,923.03,21.07,65.95,45.84,124,0.00,0.00,0.00,501
2022/5/11 14:17:10,0.00,0.00,22.94,923.03,21.07,65.85,44.67,124,0.00,0.00,0.00,507
2022/5/11 14:17:20,0.00,0.00,22.98,923.52,21.07,65.98,41.00,124,0.00,0.00,0.00,513
2022/5/11 14:17:50,0.00,0.00,22.98,923.03,21.07,66.12,41.79,124,0.00,0.00,0.00,532
2022/5/11 14:18:0,0.00,0.00,23.01,923.03,21.07,65.87,45.17,124,0.00,0.00,0.00,538
2022/5/11 14:18:10,0.00,0.00,23.01,923.03,21.07,65.87,40.67,124,0.00,0.00,0.00,544
2022/5/11 14:18:40,0.00,0.00,23.01,923.03,21.07,66.06,43.58,123,0.00,0.00,0.00,563
2022/5/11 14:18:50,0.00,0.00,23.00,923.03,21.07,66.15,38.00,123,0.00,0.00,0.00,569
2022/5/11 14:19:0,0.00,0.00,22.98,923.28,21.07,66.13,45.33,123,0.00,0.00,0.00,575
2022/5/11 14:19:10,0.00,0.00,22.98,923.03,21.07,66.81,35.50,124,0.00,0.00,0.00,581
2022/5/11 14:19:30,0.00,0.00,22.98,923.03,96.30,66.72,41.62,124,0.00,0.00,0.00,594
2022/5/11 14:19:50,0.00,0.00,22.94,922.79,21.07,66.14,37.33,124,0.00,0.00,0.00,6
2022/5/11 14:20:0,0.00,0.00,22.97,923.03,21.07,65.89,48.67,123,0.00,0.00,0.00,12
2022/5/11 14:20:10,0.00,0.00,22.95,923.03,21.07,65.78,41.00,124,0.00,0.00,0.00,18
2022/5/11 14:20:40,0.00,0.00,22.96,923.19,21.07,65.70,44.37,124,0.00,0.00,0.00,37
2022/5/11 14:20:50,0.00,0.00,22.99,923.03,21.07,65.69,41.67,123,0.00,0.00,0.00,43
2022/5/11 14:21:0,0.00,0.00,23.00,923.03,21.07,65.68,46.67,124,0.00,0.00,0.00,49
2022/5/11 14:21:30,0.00,0.00,22.97,922.96,21.07,65.66,44.47,124,0.00,0.00,0.00,68
2022/5/11 14:21:40,0.00,0.00,22.90,922.79,21.06,65.57,41.50,124,0.00,0.00,0.00,74
2022/5/11 14:21:50,0.00,0.00,22.90,923.03,21.06,65.49,47.33,123,0.00,0.00,0.00,80
2022/5/11 14:22:20,0.00,0.00,22.92,923.11,21.07,65.77,44.89,124,0.00,0.00,0.00,99
2022/5/11 14:22:30,0.00,0.00,22.87,923.03,21.06,65.91,39.50,124,0.00,0.00,0.00,105
2022/5/11 14:22:40,0.00,0.00,22.90,923.03,21.07,66.25,48.17,124,0.00,0.00,0.00,111
2022/5/11 14:22:50,0.00,0.00,22.94,923.03,21.07,66.33,44.50,123,0.00,0.00,0.00,117
2022/5/11 14:23:20,0.00,0.00,22.94,923.03,21.07,66.16,46.89,124,0.00,0.00,0.00,136
2022/5/11 14:23:30,0.00,0.00,22.98,922.79,21.07,65.83,40.67,124,0.00,0.00,0.00,142
2022/5/11 14:23:40,0.00,0.00,23.00,923.03,21.07,65.78,47.67,124,0.00,0.00,0.00,148
2022/5/11 14:24:10,0.00,0.00,23.03,922.96,21.07,65.80,43.26,124,0.00,0.00,0.00,167
2022/5/11 14:24:20,0.00,0.00,23.00,923.28,21.07,65.87,42.67,124,0.00,0.00,0.00,173
2022/5/11 14:24:30,0.00,0.00,23.00,923.03,21.07,65.80,46.83,123,0.00,0.00,0.00,179
2022/5/11 14:25:0,0.00,0.00,22.98,923.11,21.07,65.96,49.58,124,0.00,0.00,0.00,198
2022/5/11 14:25:10,0.00,0.00,23.05,923.03,21.07,66.07,55.33,124,0.00,0.00,0.00,204
2022/5/11 14:25:20,0.00,0.00,23.04,923.03,21.08,66.02,48.83,124,0.00,0.00,0.00,210
2022/5/11 14:25:30,0.00,0.00,23.05,923.03,21.08,65.96,45.50,124,0.00,0.00,0.00,216
2022/5/11 14:26:0,0.00,0.00,23.05,923.03,21.08,65.86,40.11,124,0.00,0.00,0.00,235
2022/5/11 14:26:10,0.00,0.00,23.06,923.28,21.08,65.88,52.17,124,0.00,0.00,0.00,241
2022/5/11 14:26:20,0.00,0.00,23.07,923.03,21.08,65.80,45.67,124,0.00,0.00,0.00,247
2022/5/11 14:26:50,0.00,0.00,23.09,923.03,21.09,65.83,44.95,124,0.00,0.00,0.00,266
2022/5/11 14:27:0,0.00,0.00,23.14,923.03,21.08,65.72,35.50,124,0.00,0.00,0.00,272
2022/5/11 14:27:10,0.00,0.00,23.14,923.03,21.09,65.65,42.50,124,0.00,0.00,0.00,278
2022/5/11 14:27:40,0.00,0.00,23.15,923.11,21.09,65.87,40.05,123,0.00,0.00,0.00,297
2022/5/11 14:27:50,0.00,0.00,23.11,923.03,21.09,66.19,45.67,124,0.00,0.00,0.00,303
2022/5/11 14:28:0,0.00,0.00,23.10,923.03,21.09,66.32,42.83,124,0.00,0.00,0.00,309
2022/5/11 14:28:10,0.00,0.00,23.14,923.03,21.09,66.44,39.33,123,0.00,0.00,0.00,315
2022/5/11 14:28:40,0.00,0.00,23.18,923.03,21.09,66.23,45.47,124,0.00,0.00,0.00,334
2022/5/11 14:28:50,0.00,0.00,23.11,923.03,21.09,65.85,43.67,124,0.00,0.00,0.00,340
2022/5/11 14:29:0,0.00,0.00,23.09,923.03,21.09,65.81,48.00,123,0.00,0.00,0.00,346
2022/5/11 14:29:30,0.00,0.00,23.08,922.96,21.09,65.57,46.16,124,0.00,0.00,0.00,365
2022/5/11 14:29:40,0.00,0.00,23.04,923.03,21.10,65.55,38.50,124,0.00,0.00,0.00,371
2022/5/11 14:29:50,0.00,0.00,23.01,923.03,21.10,65.51,38.00,124,0.00,0.00,0.00,377
2022/5/11 14:30:20,0.00,0.00,23.00,923.03,21.10,65.34,43.26,123,0.00,0.00,0.00,396
2022/5/11 14:30:30,0.00,0.00,22.94,923.03,21.10,65.18,49.00,124,0.00,0.00,0.00,402
2022/5/11 14:30:40,0.00,0.00,22.93,923.03,21.10,65.17,47.17,123,0.00,0.00,0.00,408
2022/5/11 14:30:50,0.00,0.00,22.92,923.03,21.10,65.18,50.33,124,0.00,0.00,0.00,414
2022/5/11 14:31:20,0.00,0.00,22.91,923.03,21.10,65.20,47.21,124,0.00,0.00,0.00,433
2022/5/11 14:31:30,0.00,0.00,22.87,923.03,21.10,65.41,42.83,124,0.00,0.00,0.00,439
2022/5/11 14:31:40,0.00,0.00,22.86,923.03,21.10,65.27,52.67,124,0.00,0.00,0.00,445
2022/5/11 14:32:10,0.00,0.00,22.83,923.11,21.10,65.20,47.00,124,0.00,0.00,0.00,464
2022/5/11 14:32:20,0.00,0.00,22.77,923.03,21.10,65.61,51.00,124,0.00,0.00,0.00,470
2022/5/11 14:32:30,0.00,0.00,22.77,923.28,21.10,65.47,46.17,124,0.00,0.00,0.00,476
2022/5/11 14:33:0,0.00,0.00,22.79,922.96,21.10,65.35,45.68,124,0.00,0.00,0.00,495
2022/5/11 14:33:10,0.00,0.00,22.75,923.28,21.09,65.37,55.17,124,0.00,0.00,0.00,501
2022/5/11 14:33:20,0.00,0.00,22.72,923.03,21.09,65.38,50.17,124,0.00,0.00,0.00,507
2022/5/11 14:33:30,0.00,0.00,22.70,922.30,21.09,65.32,42.83,124,0.00,0.00,0.00,513
2022/5/11 14:33:50,0.00,0.00,22.68,923.15,21.09,65.15,41.38,124,0.00,0.00,0.00,526
2022/5/11 14:34:0,0.00,0.00,22.69,923.03,21.09,65.01,35.67,124,0.00,0.00,0.00,532
2022/5/11 14:34:10,0.00,0.00,22.68,923.03,21.09,65.06,43.00,123,0.00,0.00,0.00,538
2022/5/11 14:34:20,0.00,0.00,22.67,923.03,21.09,65.08,38.83,123,0.00,0.00,0.00,544
2022/5/11 14:34:50,0.00,0.00,22.67,923.03,21.10,65.16,41.11,123,0.00,0.00,0.00,563
2022/5/11 14:35:0,0.00,0.00,22.62,922.79,21.10,65.20,42.83,124,0.00,0.00,0.00,569
2022/5/11 14:35:10,0.00,0.00,22.62,923.03,21.10,65.36,45.83,124,0.00,0.00,0.00,575
2022/5/11 14:35:20,0.00,0.00,22.62,923.03,21.10,220.94,52.33,124,0.00,0.00,0.00,581
2022/5/11 14:35:30,0.00,0.00,22.65,923.03,21.10,65.35,47.00,124,0.00,0.00,0.00,587
2022/5/11 14:35:40,0.00,0.00,22.62,923.03,21.10,65.53,48.67,124,0.00,0.00,0.00,593
2022/5/11 14:36:20,0.00,0.00,22.62,923.28,21.10,65.65,50.00,124,0.00,0.00,0.00,18
2022/5/11 14:36:30,0.00,0.00,22.62,923.03,21.11,65.69,42.00,124,0.00,0.00,0.00,24
2022/5/11 14:36:40,0.00,0.00,22.61,923.03,21.12,65.54,52.67,124,0.00,0.00,0.00,30
2022/5/11 14:37:10,0.00,0.00,22.63,922.88,21.11,65.31,41.37,123,0.00,0.00,0.00,49
2022/5/11 14:37:20,0.00,0.00,22.62,923.03,21.12,65.28,51.50,123,0.00,0.00,0.00,55
2022/5/11 14:37:30,0.00,0.00,22.64,923.03,21.12,65.37,43.83,124,0.00,0.00,0.00,61
2022/5/11 14:38:0,0.00,0.00,22.67,923.50,21.13,65.74,49.63,124,0.00,0.00,0.00,80
2022/5/11 14:38:10,0.00,0.00,22.71,924.01,21.13,65.98,48.17,124,0.00,0.00,0.00,86
2022/5/11 14:38:20,0.00,0.00,22.75,923.03,21.13,65.84,47.33,123,0.00,0.00,0.00,92
2022/5/11 14:38:50,0.00,0.00,22.81,923.11,21.13,65.82,42.26,124,0.00,0.00,0.00,111
2022/5/11 14:39:0,0.00,0.00,22.81,923.03,21.13,65.77,56.50,124,0.00,0.00,0.00,117
2022/5/11 14:39:10,0.00,0.00,22.80,923.28,21.13,65.80,49.00,124,0.00,0.00,0.00,123
2022/5/11 14:39:20,0.00,0.00,22.81,923.03,21.13,65.80,53.50,123,0.00,0.00,0.00,129
2022/5/11 14:39:50,0.00,0.00,22.83,923.03,21.13,65.89,44.42,124,0.00,0.00,0.00,148
2022/5/11 14:40:0,0.00,0.00,22.79,923.03,21.13,65.75,40.00,124,0.00,0.00,0.00,154
2022/5/11 14:40:10,0.00,0.00,22.84,923.03,21.14,65.69,43.83,124,0.00,0.00,0.00,160
2022/5/11 14:40:40,0.00,0.00,22.86,922.96,21.14,65.80,48.84,124,0.00,0.00,0.00,179
2022/5/11 14:40:50,0.00,0.00,22.86,923.03,21.14,65.74,41.33,124,0.00,0.00,0.00,185
2022/5/11 14:41:0,0.00,0.00,22.87,923.03,21.14,65.77,47.50,123,0.00,0.00,0.00,191
2022/5/11 14:41:30,0.00,0.00,22.89,923.19,21.14,65.82,44.32,124,0.00,0.00,0.00,210
2022/5/11 14:41:40,0.00,0.00,22.92,923.03,21.15,66.05,44.50,124,0.00,0.00,0.00,216
2022/5/11 14:41:50,0.00,0.00,22.92,923.28,21.15,66.02,50.00,124,0.00,0.00,0.00,222
2022/5/11 14:42:0,0.00,0.00,22.94,923.03,21.15,66.01,46.50,124,0.00,0.00,0.00,228
2022/5/11 14:42:20,0.00,0.00,22.93,923.03,21.15,65.85,52.92,124,0.00,0.00,0.00,241
2022/5/11 14:42:30,0.00,0.00,22.95,923.03,21.15,65.60,49.00,124,0.00,0.00,0.00,247
2022/5/11 14:42:40,0.00,0.00,22.95,923.52,21.15,65.56,49.67,123,0.00,0.00,0.00,253
2022/5/11 14:42:50,0.00,0.00,22.94,923.03,21.16,65.56,45.67,124,0.00,0.00,0.00,259
2022/5/11 14:43:20,0.00,0.00,22.96,923.03,21.16,65.48,46.37,124,0.00,0.00,0.00,278
2022/5/11 14:43:30,0.00,0.00,23.00,923.03,21.16,65.49,42.83,124,0.00,0.00,0.00,284
2022/5/11 14:43:40,0.00,0.00,22.96,923.03,21.16,65.52,37.17,124,0.00,0.00,0.00,290
2022/5/11 14:43:50,0.00,0.00,22.99,923.03,21.16,65.61,40.33,123,0.00,0.00,0.00,296
2022/5/11 14:44:10,0.00,0.00,23.00,923.03,21.16,65.66,46.54,124,0.00,0.00,0.00,309
2022/5/11 14:44:20,0.00,0.00,23.00,923.03,21.16,65.56,47.33,124,0.00,0.00,0.00,315
2022/5/11 14:44:30,0.00,0.00,22.95,923.03,21.17,65.47,53.67,123,0.00,0.00,0.00,321
2022/5/11 14:44:40,0.00,0.00,22.94,923.77,21.17,65.36,36.50,124,0.00,0.00,0.00,327
2022/5/11 14:45:10,0.00,0.00,22.96,923.11,21.17,65.31,48.11,124,0.00,0.00,0.00,346
2022/5/11 14:45:20,0.00,0.00,22.98,923.03,21.17,65.42,40.50,124,0.00,0.00,0.00,352
2022/5/11 14:45:30,0.00,0.00,22.90,923.52,21.17,65.29,45.83,124,0.00,0.00,0.00,358
2022/5/11 14:45:40,0.00,0.00,22.91,923.03,21.17,65.07,46.17,124,0.00,0.00,0.00,364
2022/5/11 14:46:10,0.00,0.00,22.93,923.34,21.18,65.09,46.00,124,0.00,0.00,0.00,383
2022/5/11 14:46:20,0.00,0.00,22.96,923.03,21.18,65.22,51.00,124,0.00,0.00,0.00,389
2022/5/11 14:46:30,0.00,0.00,22.96,923.03,21.18,65.18,49.33,124,0.00,0.00,0.00,395
2022/5/11 14:47:0,0.00,0.00,22.95,923.03,21.18,65.14,47.16,124,0.00,0.00,0.00,414
2022/5/11 14:47:10,0.00,0.00,22.94,923.03,21.18,65.20,53.33,124,0.00,0.00,0.00,420
2022/5/11 14:47:20,0.00,0.00,22.92,923.03,21.18,64.91,47.00,124,0.00,0.00,0.00,426
2022/5/11 14:47:50,0.00,0.00,22.86,923.19,21.19,64.47,48.74,124,0.00,0.00,0.00,445
2022/5/11 14:48:0,0.00,0.00,22.91,923.03,21.19,64.84,51.50,124,0.00,0.00,0.00,451
2022/5/11 14:48:10,0.00,0.00,22.93,923.03,21.19,65.63,55.83,124,0.00,0.00,0.00,457
2022/5/11 14:48:20,0.00,0.00,22.96,923.03,21.19,65.55,44.50,124,0.00,0.00,0.00,463
2022/5/11 14:48:40,0.00,0.00,23.01,923.03,21.19,65.50,48.85,124,0.00,0.00,0.00,476
2022/5/11 14:48:50,0.00,0.00,23.06,923.03,21.19,65.51,50.00,124,0.00,0.00,0.00,482
2022/5/11 14:49:0,0.00,0.00,23.07,922.79,21.19,65.56,38.50,124,0.00,0.00,0.00,488
2022/5/11 14:49:10,0.00,0.00,23.07,923.03,21.19,65.47,54.17,124,0.00,0.00,0.00,494
2022/5/11 14:49:40,0.00,0.00,23.10,923.03,21.20,65.37,51.26,124,0.00,0.00,0.00,513
2022/5/11 14:49:50,0.00,0.00,23.10,923.03,21.20,65.43,50.83,123,0.00,0.00,0.00,519
2022/5/11 14:50:0,0.00,0.00,23.10,923.03,21.20,65.65,52.17,124,0.00,0.00,0.00,525
2022/5/11 14:50:10,0.00,0.00,23.06,923.03,21.20,65.54,49.83,124,0.00,0.00,0.00,531
2022/5/11 14:50:40,0.00,0.00,23.11,923.03,21.20,65.01,41.53,124,0.00,0.00,0.00,550
2022/5/11 14:50:50,0.00,0.00,23.18,923.03,21.20,65.27,36.50,124,0.00,0.00,0.00,556
2022/5/11 14:51:0,0.00,0.00,23.20,923.03,21.20,65.41,45.33,124,0.00,0.00,0.00,562
2022/5/11 14:51:30,0.00,0.00,23.24,923.03,21.21,65.41,45.53,124,0.00,0.00,0.00,581
2022/5/11 14:51:40,0.00,0.00,23.30,923.03,21.20,65.39,41.50,124,0.00,0.00,0.00,587
2022/5/11 14:51:50,0.00,0.00,23.31,923.03,21.21,65.42,44.00,124,0.00,0.00,0.00,593
2022/5/11 14:52:30,0.00,0.00,23.39,923.03,21.20,65.42,52.00,124,0.00,0.00,0.00,18
2022/5/11 14:52:40,0.00,0.00,23.40,923.03,21.20,65.43,45.67,124,0.00,0.00,0.00,24
2022/5/11 14:52:50,0.00,0.00,23.41,923.28,21.21,65.46,48.50,124,0.00,0.00,0.00,30
2022/5/11 14:53:20,0.00,0.00,23.44,923.03,21.21,65.43,49.21,124,0.00,0.00,0.00,49
2022/5/11 14:53:30,0.00,0.00,23.50,923.28,21.21,65.41,51.17,124,0.00,0.00,0.00,55
2022/5/11 14:53:40,0.00,0.00,23.50,923.03,21.21,65.39,41.83,124,0.00,0.00,0.00,61
2022/5/11 14:54:10,0.00,0.00,23.52,922.96,21.21,65.33,47.42,123,0.00,0.00,0.00,80
2022/5/11 14:54:20,0.00,0.00,23.48,923.03,21.21,65.25,49.50,124,0.00,0.00,0.00,86
2022/5/11 14:54:30,0.00,0.00,23.53,923.03,21.21,65.17,45.50,124,0.00,0.00,0.00,92
2022/5/11 14:54:40,0.00,0.00,23.50,923.03,21.21,65.24,47.83,124,0.00,0.00,0.00,98
2022/5/11 14:55:10,0.00,0.00,23.49,923.03,21.21,65.41,44.26,124,0.00,0.00,0.00,117
2022/5/11 14:55:20,0.00,0.00,23.50,923.03,21.21,65.43,43.00,124,0.00,0.00,0.00,123
2022/5/11 14:55:30,0.00,0.00,23.50,923.28,21.21,65.42,53.83,124,0.00,0.00,0.00,129
2022/5/11 14:56:0,0.00,0.00,23.53,922.88,21.21,65.40,44.63,124,0.00,0.00,0.00,148
2022/5/11 14:56:10,0.00,0.00,23.55,923.03,21.21,65.25,51.33,124,0.00,0.00,0.00,154
2022/5/11 14:56:20,0.00,0.00,23.56,923.03,21.21,65.23,48.50,124,0.00,0.00,0.00,160
2022/5/11 14:56:50,0.00,0.00,23.56,923.03,21.21,65.27,49.32,124,0.00,0.00,0.00,179
2022/5/11 14:57:0,0.00,0.00,23.56,923.03,21.21,65.28,52.00,124,0.00,0.00,0.00,185
2022/5/11 14:57:10,0.00,0.00,23.58,923.03,21.21,65.25,40.67,124,0.00,0.00,0.00,191
2022/5/11 14:57:20,0.00,0.00,23.56,923.03,21.21,65.16,45.67,124,0.00,0.00,0.00,197
2022/5/11 14:57:40,0.00,0.00,23.57,923.26,21.21,65.10,41.54,124,0.00,0.00,0.00,210
2022/5/11 14:57:50,0.00,0.00,23.57,922.79,21.21,65.15,52.17,124,0.00,0.00,0.00,216
2022/5/11 14:58:0,0.00,0.00,23.56,923.03,21.21,65.18,53.17,124,0.00,0.00,0.00,222
2022/5/11 14:58:10,0.00,0.00,23.56,923.28,21.20,65.21,54.50,124,0.00,0.00,0.00,228
2022/5/11 14:58:40,0.00,0.00,23.57,923.03,21.21,65.27,45.26,124,0.00,0.00,0.00,247
2022/5/11 14:58:50,0.00,0.00,23.58,923.03,21.21,65.21,43.83,124,0.00,0.00,0.00,253
2022/5/11 14:59:0,0.00,0.00,23.62,923.03,21.20,65.23,44.83,123,0.00,0.00,0.00,259
2022/5/11 14:59:10,0.00,0.00,23.68,923.52,21.21,65.24,44.83,124,0.00,0.00,0.00,265
2022/5/11 14:59:40,0.00,0.00,23.67,922.96,21.21,65.22,40.74,124,0.00,0.00,0.00,284
2022/5/11 14:59:50,0.00,0.00,23.68,923.03,21.20,65.17,38.33,124,0.00,0.00,0.00,290
2022/5/11 15:0:0,0.00,0.00,23.69,923.03,21.20,65.14,41.33,124,0.00,0.00,0.00,296
2022/5/11 15:0:30,0.00,0.00,23.73,923.03,21.21,65.10,46.84,124,0.00,0.00,0.00,315
2022/5/11 15:0:40,0.00,0.00,23.75,923.03,21.21,64.86,43.83,123,0.00,0.00,0.00,321
2022/5/11 15:0:50,0.00,0.00,23.76,922.79,21.21,64.79,38.83,124,0.00,0.00,0.00,327
2022/5/11 15:1:20,0.00,0.00,23.80,923.03,21.21,64.79,43.58,123,0.00,0.00,0.00,346
2022/5/11 15:1:30,0.00,0.00,23.81,923.03,21.20,64.86,41.83,124,0.00,0.00,0.00,352
2022/5/11 15:1:40,0.00,0.00,23.75,923.03,21.20,64.90,46.17,124,0.00,0.00,0.00,358
2022/5/11 15:1:50,0.00,0.00,23.75,923.03,21.21,64.99,50.83,124,0.00,0.00,0.00,364
2022/5/11 15:2:20,0.00,0.00,23.77,923.11,21.21,65.08,43.74,123,0.00,0.00,0.00,383
2022/5/11 15:2:30,0.00,0.00,23.77,923.03,21.21,65.07,43.83,124,0.00,0.00,0.00,389
2022/5/11 15:2:40,0.00,0.00,23.76,923.03,21.21,65.10,37.67,124,0.00,0.00,0.00,395
2022/5/11 15:3:10,0.00,0.00,23.71,922.96,21.21,65.13,51.32,123,0.00,0.00,0.00,414
2022/5/11 15:3:20,0.00,0.00,23.68,923.03,21.21,65.10,38.50,123,0.00,0.00,0.00,420
2022/5/11 15:3:30,0.00,0.00,23.65,923.28,21.21,64.94,39.50,124,0.00,0.00,0.00,426
2022/5/11 15:4:0,0.00,0.00,23.66,923.03,21.21,64.95,47.58,123,0.00,0.00,0.00,445
2022/5/11 15:4:10,0.00,0.00,23.70,923.03,21.21,64.88,44.83,123,0.00,0.00,0.00,451
2022/5/11 15:4:20,0.00,0.00,23.70,923.03,21.21,64.85,45.00,124,0.00,0.00,0.00,457
2022/5/11 15:4:30,0.00,0.00,23.69,923.03,21.21,64.91,44.50,124,0.00,0.00,0.00,463
2022/5/11 15:4:50,0.00,0.00,23.66,923.15,21.21,65.04,38.38,123,0.00,0.00,0.00,476
2022/5/11 15:5:0,0.00,0.00,23.64,923.03,21.22,65.25,47.67,124,0.00,0.00,0.00,482
2022/5/11 15:5:10,0.00,0.00,23.62,923.03,21.22,65.18,43.17,124,0.00,0.00,0.00,488
2022/5/11 15:5:20,0.00,0.00,23.60,923.03,21.22,65.11,43.17,124,0.00,0.00,0.00,494
2022/5/11 15:5:50,0.00,0.00,23.56,922.96,21.22,64.88,43.42,124,0.00,0.00,0.00,513
2022/5/11 15:6:0,0.00,0.00,23.52,923.03,21.22,64.65,40.50,124,0.00,0.00,0.00,519
2022/5/11 15:6:10,0.00,0.00,23.48,923.03,21.22,64.63,41.83,124,0.00,0.00,0.00,525
2022/5/11 15:6:20,0.00,0.00,23.45,923.28,21.22,64.58,52.33,124,0.00,0.00,0.00,531
2022/5/11 15:6:50,0.00,0.00,23.44,922.96,21.23,64.56,49.42,123,0.00,0.00,0.00,550
2022/5/11 15:7:0,0.00,0.00,23.44,923.28,21.23,64.63,57.83,124,0.00,0.00,0.00,556
2022/5/11 15:7:10,0.00,0.00,23.44,923.03,21.23,64.56,47.00,124,0.00,0.00,0.00,562
2022/5/11 15:7:40,0.00,0.00,23.40,923.03,21.23,64.40,47.47,124,0.00,0.00,0.00,581
2022/5/11 15:7:50,0.00,0.00,23.39,923.03,21.24,64.47,48.67,124,0.00,0.00,0.00,587
2022/5/11 15:8:0,0.00,0.00,23.39,923.03,21.24,64.49,48.00,124,0.00,0.00,0.00,593
2022/5/11 15:8:40,0.00,0.00,23.44,923.03,21.25,64.47,58.33,124,0.00,0.00,0.00,18
2022/5/11 15:8:50,0.00,0.00,23.44,923.03,21.25,64.41,49.83,124,0.00,0.00,0.00,24
2022/5/11 15:9:0,0.00,0.00,23.44,923.03,21.25,64.40,38.33,124,0.00,0.00,0.00,30
2022/5/11 15:9:30,0.00,0.00,23.40,922.96,21.25,64.00,48.11,123,0.00,0.00,0.00,49
2022/5/11 15:9:40,0.00,0.00,23.37,923.03,21.26,63.71,37.67,124,0.00,0.00,0.00,55
2022/5/11 15:9:50,0.00,0.00,23.37,923.03,21.26,63.60,47.17,124,0.00,0.00,0.00,61
2022/5/11 15:10:20,0.00,0.00,23.40,923.03,21.26,64.00,49.16,124,0.00,0.00,0.00,80
2022/5/11 15:10:30,0.00,0.00,23.34,922.79,21.27,64.28,48.00,124,0.00,0.00,0.00,86
2022/5/11 15:10:40,0.00,0.00,23.29,923.03,21.27,64.19,45.33,123,0.00,0.00,0.00,92
2022/5/11 15:10:50,0.00,0.00,23.25,923.03,21.27,63.80,36.00,124,0.00,0.00,0.00,98
2022/5/11 15:11:20,0.00,0.00,23.27,923.03,21.27,63.67,47.32,124,0.00,0.00,0.00,117
2022/5/11 15:11:30,0.00,0.00,23.23,923.03,21.28,63.82,45.67,124,0.00,0.00,0.00,123
2022/5/11 15:11:40,0.00,0.00,23.21,923.03,21.28,63.65,47.33,124,0.00,0.00,0.00,129
2022/5/11 15:12:10,0.00,0.00,23.20,923.03,21.28,63.54,49.42,124,0.00,0.00,0.00,148
2022/5/11 15:12:20,0.00,0.00,23.20,923.28,21.28,63.48,47.00,124,0.00,0.00,0.00,154
2022/5/11 15:12:30,0.00,0.00,23.21,923.03,21.29,63.50,48.50,124,0.00,0.00,0.00,160
2022/5/11 15:13:0,0.00,0.00,23.22,923.03,21.29,63.73,50.42,123,0.00,0.00,0.00,179
2022/5/11 15:13:10,0.00,0.00,23.19,923.52,21.30,63.64,41.83,123,0.00,0.00,0.00,185
2022/5/11 15:13:20,0.00,0.00,23.22,923.03,21.30,63.55,43.33,124,0.00,0.00,0.00,191
2022/5/11 15:13:30,0.00,0.00,23.19,923.03,21.30,63.49,49.17,124,0.00,0.00,0.00,197
2022/5/11 15:14:0,0.00,0.00,23.23,922.88,21.30,63.56,44.05,124,0.00,0.00,0.00,216
2022/5/11 15:14:10,0.00,0.00,23.31,923.03,21.31,64.32,39.50,124,0.00,0.00,0.00,222
2022/5/11 15:14:20,0.00,0.00,23.32,923.03,21.31,220.11,43.67,124,0.00,0.00,0.00,228
2022/5/11 15:14:50,0.00,0.00,23.35,923.03,21.31,64.30,45.74,124,0.00,0.00,0.00,247
2022/5/11 15:15:0,0.00,0.00,23.37,923.03,21.30,64.33,44.50,124,0.00,0.00,0.00,253
2022/5/11 15:15:10,0.00,0.00,23.35,923.28,21.30,64.20,47.67,124,0.00,0.00,0.00,259
2022/5/11 15:15:40,0.00,0.00,23.30,923.03,21.30,63.68,46.37,124,0.00,0.00,0.00,278
2022/5/11 15:15:50,0.00,0.00,23.28,923.03,21.29,63.36,50.00,124,0.00,0.00,0.00,284
2022/5/11 15:16:0,0.00,0.00,23.31,923.03,21.29,63.63,34.50,124,0.00,0.00,0.00,290
2022/5/11 15:16:10,0.00,0.00,23.33,923.03,21.29,63.96,49.00,124,0.00,0.00,0.00,296
2022/5/11 15:16:30,0.00,0.00,23.39,923.03,21.28,64.24,40.15,124,0.00,0.00,0.00,309
2022/5/11 15:16:40,0.00,0.00,23.43,923.03,21.28,64.45,45.33,124,0.00,0.00,0.00,315
2022/5/11 15:16:50,0.00,0.00,23.45,923.03,21.28,64.49,47.33,124,0.00,0.00,0.00,321
2022/5/11 15:17:0,0.00,0.00,23.48,923.03,21.28,64.49,42.83,124,0.00,0.00,0.00,327
2022/5/11 15:17:30,0.00,0.00,23.49,923.03,21.27,64.53,46.95,123,0.00,0.00,0.00,346
2022/5/11 15:17:40,0.00,0.00,23.48,923.03,21.27,64.50,40.83,124,0.00,0.00,0.00,352
2022/5/11 15:17:50,0.00,0.00,23.49,923.03,21.26,64.50,35.33,124,0.00,0.00,0.00,358
2022/5/11 15:18:0,0.00,0.00,23.51,923.03,21.25,64.57,44.83,124,0.00,0.00,0.00,364
2022/5/11 15:18:30,0.00,0.00,23.56,923.03,21.25,64.64,43.68,124,0.00,0.00,0.00,383
2022/5/11 15:18:40,0.00,0.00,23.56,923.03,21.23,64.63,38.83,124,0.00,0.00,0.00,389
2022/5/11 15:18:50,0.00,0.00,23.53,923.03,21.23,64.44,44.83,123,0.00,0.00,0.00,395
2022/5/11 15:19:20,0.00,0.00,23.53,922.88,21.22,64.31,46.79,124,0.00,0.00,0.00,414
2022/5/11 15:19:30,0.00,0.00,23.58,923.03,21.21,64.55,43.83,123,0.00,0.00,0.00,420
2022/5/11 15:19:40,0.00,0.00,23.60,923.03,21.21,64.64,54.17,123,0.00,0.00,0.00,426
2022/5/11 15:20:10,0.00,0.00,23.62,923.03,21.20,64.67,45.89,124,0.00,0.00,0.00,445
2022/5/11 15:20:20,0.00,0.00,23.61,922.79,21.19,64.69,38.17,123,0.00,0.00,0.00,451
2022/5/11 15:20:30,0.00,0.00,23.65,923.03,21.19,64.71,48.00,124,0.00,0.00,0.00,457
2022/5/11 15:20:40,0.00,0.00,23.62,923.03,21.19,64.69,52.50,124,0.00,0.00,0.00,463
2022/5/11 15:21:0,0.00,0.00,23.62,923.03,21.18,64.66,52.54,124,0.00,0.00,0.00,476
2022/5/11 15:21:10,0.00,0.00,23.64,923.03,21.18,64.69,50.83,124,0.00,0.00,0.00,482
2022/5/11 15:21:20,0.00,0.00,23.62,923.03,21.17,64.69,47.83,124,0.00,0.00,0.00,488
2022/5/11 15:21:30,0.00,0.00,23.62,923.03,21.17,64.70,40.83,124,0.00,0.00,0.00,494
2022/5/11 15:22:0,0.00,0.00,23.59,923.11,21.16,64.64,48.79,123,0.00,0.00,0.00,513
2022/5/11 15:22:10,0.00,0.00,23.61,923.03,21.15,64.60,47.17,124,0.00,0.00,0.00,519
2022/5/11 15:22:20,0.00,0.00,23.62,923.03,21.15,64.64,41.00,124,0.00,0.00,0.00,525
2022/5/11 15:22:30,0.00,0.00,23.59,923.03,21.14,64.66,45.33,124,0.00,0.00,0.00,531
2022/5/11 15:23:0,0.00,0.00,23.63,922.80,21.13,64.64,45.21,124,0.00,0.00,0.00,550
2022/5/11 15:23:10,0.00,0.00,23.61,923.03,21.10,64.67,40.17,124,0.00,0.00,0.00,556
2022/5/11 15:23:20,0.00,0.00,23.65,923.03,21.10,64.68,44.33,124,0.00,0.00,0.00,562
2022/5/11 15:23:50,0.00,0.00,23.69,923.11,21.09,64.68,44.42,124,0.00,0.00,0.00,581
2022/5/11 15:24:0,0.00,0.00,23.71,923.03,21.08,64.71,38.17,124,0.00,0.00,0.00,587
2022/5/11 15:24:10,0.00,0.00,23.74,923.03,21.08,64.76,44.17,124,0.00,0.00,0.00,593
2022/5/11 15:24:20,0.00,0.00,23.70,923.03,21.07,64.70,48.17,124,0.00,0.00,0.00,599
2022/5/11 15:25:0,0.00,0.00,23.74,923.28,21.05,64.68,48.33,124,0.00,0.00,0.00,24
2022/5/11 15:25:10,0.00,0.00,23.72,923.03,21.05,64.77,48.83,124,0.00,0.00,0.00,30
2022/5/11 15:25:40,0.00,0.00,23.67,923.03,21.05,64.80,45.53,123,0.00,0.00,0.00,49
2022/5/11 15:25:50,0.00,0.00,23.60,923.03,21.04,64.58,41.50,124,0.00,0.00,0.00,55
2022/5/11 15:26:0,0.00,0.00,23.62,922.79,21.04,64.59,46.67,124,0.00,0.00,0.00,61
2022/5/11 15:26:10,0.00,0.00,23.64,923.03,21.04,64.78,43.33,124,0.00,0.00,0.00,67
2022/5/11 15:26:40,0.00,0.00,23.64,922.96,21.04,64.90,46.32,124,0.00,0.00,0.00,86
2022/5/11 15:26:50,0.00,0.00,23.62,922.54,21.04,64.99,45.17,123,0.00,0.00,0.00,92
2022/5/11 15:27:0,0.00,0.00,23.62,922.79,21.03,65.01,41.50,124,0.00,0.00,0.00,98
2022/5/11 15:27:30,0.00,0.00,23.63,923.03,21.03,65.05,50.00,124,0.00,0.00,0.00,117
2022/5/11 15:27:40,0.00,0.00,23.65,923.03,21.02,65.09,37.83,124,0.00,0.00,0.00,123
2022/5/11 15:27:50,0.00,0.00,23.64,923.03,21.02,65.11,51.17,124,0.00,0.00,0.00,129
2022/5/11 15:28:20,0.00,0.00,23.65,923.03,21.01,65.10,42.53,123,0.00,0.00,0.00,148
2022/5/11 15:28:30,0.00,0.00,23.62,923.03,21.01,65.03,46.67,124,0.00,0.00,0.00,154
2022/5/11 15:28:40,0.00,0.00,23.62,923.28,21.00,64.88,51.67,124,0.00,0.00,0.00,160
2022/5/11 15:28:50,0.00,0.00,23.61,923.03,21.00,64.82,50.67,124,0.00,0.00,0.00,166
2022/5/11 15:29:20,0.00,0.00,23.67,923.03,20.99,64.97,44.68,124,0.00,0.00,0.00,185
2022/5/11 15:29:30,0.00,0.00,23.69,923.03,20.99,65.00,38.67,123,0.00,0.00,0.00,191
2022/5/11 15:29:40,0.00,0.00,23.66,923.03,20.99,64.92,42.67,123,0.00,0.00,0.00,197
2022/5/11 15:30:10,0.00,0.00,23.57,923.03,20.98,64.63,37.58,124,0.00,0.00,0.00,216
2022/5/11 15:30:20,0.00,0.00,23.45,923.03,20.97,63.88,48.67,124,0.00,0.00,0.00,222
2022/5/11 15:30:30,0.00,0.00,23.43,923.03,20.96,63.93,46.50,124,0.00,0.00,0.00,228
2022/5/11 15:31:0,0.00,0.00,23.45,922.96,20.96,64.41,49.21,124,0.00,0.00,0.00,247
2022/5/11 15:31:10,0.00,0.00,23.46,923.28,20.96,64.81,47.83,124,0.00,0.00,0.00,253
2022/5/11 15:31:20,0.00,0.00,23.46,923.03,20.96,65.03,39.17,124,0.00,0.00,0.00,259
2022/5/11 15:31:30,0.00,0.00,23.39,923.03,20.96,65.53,42.67,123,0.00,0.00,0.00,265
2022/5/11 15:32:0,0.00,0.00,23.27,923.11,20.96,64.94,44.68,124,0.00,0.00,0.00,284
2022/5/11 15:32:10,0.00,0.00,23.23,923.03,20.96,64.27,52.00,124,0.00,0.00,0.00,290
2022/5/11 15:32:20,0.00,0.00,23.27,923.03,20.96,64.54,42.00,124,0.00,0.00,0.00,296
2022/5/11 15:32:50,0.00,0.00,23.29,923.03,20.96,64.99,40.63,124,0.00,0.00,0.00,315
2022/5/11 15:33:0,0.00,0.00,23.32,923.03,20.97,65.00,43.17,124,0.00,0.00,0.00,321
2022/5/11 15:33:10,0.00,0.00,23.31,923.03,20.97,65.00,37.50,124,0.00,0.00,0.00,327
2022/5/11 15:33:40,0.00,0.00,23.32,923.03,20.97,65.21,41.74,124,0.00,0.00,0.00,346
2022/5/11 15:33:50,0.00,0.00,23.37,923.52,20.98,65.18,44.33,124,0.00,0.00,0.00,352
2022/5/11 15:34:0,0.00,0.00,23.37,923.03,20.98,65.24,39.00,124,0.00,0.00,0.00,358
2022/5/11 15:34:10,0.00,0.00,23.36,923.03,20.98,65.34,43.50,124,0.00,0.00,0.00,364
2022/5/11 15:34:30,0.00,0.00,23.36,923.03,20.98,65.56,45.62,124,0.00,0.00,0.00,377
2022/5/11 15:34:40,0.00,0.00,23.28,923.03,20.99,65.50,35.17,124,0.00,0.00,0.00,383
2022/5/11 15:34:50,0.00,0.00,23.22,923.03,20.99,65.40,43.00,124,0.00,0.00,0.00,389
2022/5/11 15:35:0,0.00,0.00,23.19,923.28,20.99,65.10,50.50,124,0.00,0.00,0.00,395
2022/5/11 15:35:30,0.00,0.00,23.22,923.11,21.00,64.77,45.74,124,0.00,0.00,0.00,414
2022/5/11 15:35:40,0.00,0.00,23.25,923.03,21.01,65.41,42.50,123,0.00,0.00,0.00,420
2022/5/11 15:35:50,0.00,0.00,23.19,923.03,21.01,65.87,44.83,124,0.00,0.00,0.00,426
2022/5/11 15:36:0,0.00,0.00,23.23,923.03,21.01,65.81,46.17,124,0.00,0.00,0.00,432
2022/5/11 15:36:30,0.00,0.00,23.30,922.96,72.49,65.78,45.58,124,0.00,0.00,0.00,451
2022/5/11 15:36:40,0.00,0.00,23.33,923.03,21.03,65.91,46.17,124,0.00,0.00,0.00,457
2022/5/11 15:36:50,0.00,0.00,23.25,923.03,21.03,65.63,36.50,124,0.00,0.00,0.00,463
2022/5/11 15:37:20,0.00,0.00,23.16,922.96,21.03,65.16,42.16,124,0.00,0.00,0.00,482
2022/5/11 15:37:30,0.00,0.00,23.12,922.79,21.04,64.81,45.17,124,0.00,0.00,0.00,488
2022/5/11 15:37:40,0.00,0.00,23.15,923.03,21.04,65.09,42.00,124,0.00,0.00,0.00,494
2022/5/11 15:38:10,0.00,0.00,23.12,922.96,21.05,66.03,44.11,123,0.00,0.00,0.00,513
2022/5/11 15:38:20,0.00,0.00,23.16,923.03,21.06,66.43,40.67,124,0.00,0.00,0.00,519
2022/5/11 15:38:30,0.00,0.00,23.19,923.03,21.06,66.31,40.50,124,0.00,0.00,0.00,525
2022/5/11 15:38:40,0.00,0.00,23.14,923.03,21.06,66.01,41.00,124,0.00,0.00,0.00,531
2022/5/11 15:39:0,0.00,0.00,23.00,923.15,21.07,65.39,48.77,124,0.00,0.00,0.00,544
2022/5/11 15:39:10,0.00,0.00,22.94,923.03,21.07,64.96,41.33,124,0.00,0.00,0.00,550
2022/5/11 15:39:20,0.00,0.00,22.97,923.03,21.07,65.12,37.17,124,0.00,0.00,0.00,556
2022/5/11 15:39:30,0.00,0.00,23.03,923.03,21.07,65.17,49.33,124,0.00,0.00,0.00,562
2022/5/11 15:40:0,0.00,0.00,23.02,922.96,21.08,65.58,43.37,124,0.00,0.00,0.00,581
2022/5/11 15:40:10,0.00,0.00,23.00,922.54,21.09,65.63,49.33,124,0.00,0.00,0.00,587
2022/5/11 15:40:20,0.00,0.00,23.06,923.03,21.09,66.10,40.50,124,0.00,0.00,0.00,593
2022/5/11 15:40:30,0.00,0.00,23.06,923.03,21.10,66.12,37.17,124,0.00,0.00,0.00,599
2022/5/11 15:41:10,0.00,0.00,23.03,923.03,21.10,65.58,50.67,124,0.00,0.00,0.00,24
2022/5/11 15:41:20,0.00,0.00,23.03,923.03,21.11,65.85,37.50,123,0.00,0.00,0.00,30
2022/5/11 15:41:30,0.00,0.00,23.01,923.03,21.11,65.83,47.50,124,0.00,0.00,0.00,36
2022/5/11 15:41:50,0.00,0.00,23.02,923.03,21.13,65.63,44.62,124,0.00,0.00,0.00,49
2022/5/11 15:42:0,0.00,0.00,22.99,923.03,21.13,65.36,43.33,124,0.00,0.00,0.00,55
2022/5/11 15:42:10,0.00,0.00,22.94,923.03,21.13,65.48,47.17,124,0.00,0.00,0.00,61
2022/5/11 15:42:20,0.00,0.00,22.87,923.03,21.13,65.74,43.50,124,0.00,0.00,0.00,67
2022/5/11 15:42:50,0.00,0.00,22.90,923.03,21.14,66.24,42.47,123,0.00,0.00,0.00,86
2022/5/11 15:43:0,0.00,0.00,22.90,923.03,21.15,65.63,33.17,124,0.00,0.00,0.00,92
2022/5/11 15:43:10,0.00,0.00,22.89,923.03,21.15,65.16,40.17,124,0.00,0.00,0.00,98
2022/5/11 15:43:20,0.00,0.00,22.82,923.03,21.15,64.85,41.83,124,0.00,0.00,0.00,104
2022/5/11 15:43:40,0.00,0.00,22.76,922.92,21.15,64.55,37.92,123,0.00,0.00,0.00,117
2022/5/11 15:43:50,0.00,0.00,22.74,922.79,21.16,64.76,40.00,124,0.00,0.00,0.00,123
2022/5/11 15:44:0,0.00,0.00,22.70,923.28,21.16,64.76,49.00,124,0.00,0.00,0.00,129
2022/5/11 15:44:10,0.00,0.00,22.69,923.03,21.16,64.85,38.50,124,0.00,0.00,0.00,135
2022/5/11 15:44:40,0.00,0.00,22.65,922.96,21.16,64.65,37.32,124,0.00,0.00,0.00,154
2022/5/11 15:44:50,0.00,0.00,22.68,923.03,21.17,64.78,39.67,124,0.00,0.00,0.00,160
2022/5/11 15:45:0,0.00,0.00,22.68,923.03,21.17,64.86,40.33,124,0.00,0.00,0.00,166
2022/5/11 15:45:10,0.00,0.00,22.69,923.03,21.17,64.58,39.17,124,0.00,0.00,0.00,172
2022/5/11 15:45:30,0.00,0.00,22.75,923.03,21.17,64.25,49.00,123,0.00,0.00,0.00,185
2022/5/11 15:45:40,0.00,0.00,22.75,923.03,21.18,63.92,49.83,124,0.00,0.00,0.00,191
2022/5/11 15:45:50,0.00,0.00,22.71,923.03,21.18,64.23,44.17,124,0.00,0.00,0.00,197
2022/5/11 15:46:0,0.00,0.00,22.70,923.03,21.18,64.35,41.17,124,0.00,0.00,0.00,203
2022/5/11 15:46:30,0.00,0.00,22.69,923.03,21.18,64.00,37.11,124,0.00,0.00,0.00,222
2022/5/11 15:46:40,0.00,0.00,22.66,923.03,21.18,64.42,39.67,124,0.00,0.00,0.00,228
2022/5/11 15:46:50,0.00,0.00,22.64,922.79,21.18,64.51,44.17,124,0.00,0.00,0.00,234
2022/5/11 15:47:0,0.00,0.00,22.62,923.03,21.19,64.58,50.83,124,0.00,0.00,0.00,240
2022/5/11 15:47:30,0.00,0.00,22.54,923.11,21.18,64.40,38.84,123,0.00,0.00,0.00,259
2022/5/11 15:47:40,0.00,0.00,22.50,923.03,21.18,63.74,42.67,124,0.00,0.00,0.00,265
2022/5/11 15:47:50,0.00,0.00,22.50,923.03,21.19,63.76,38.67,124,0.00,0.00,0.00,271
2022/5/11 15:48:20,0.00,0.00,22.44,923.03,21.19,63.83,45.21,124,0.00,0.00,0.00,290
2022/5/11 15:48:30,0.00,0.00,22.35,922.79,21.19,63.81,46.33,124,0.00,0.00,0.00,296
2022/5/11 15:48:40,0.00,0.00,22.32,922.79,21.19,63.77,36.83,124,0.00,0.00,0.00,302
2022/5/11 15:49:10,0.00,0.00,22.37,922.96,21.19,63.84,41.26,124,0.00,0.00,0.00,321
2022/5/11 15:49:20,0.00,0.00,22.41,923.03,21.19,63.93,39.33,124,0.00,0.00,0.00,327
2022/5/11 15:49:30,0.00,0.00,22.45,923.28,21.19,63.88,35.33,124,0.00,0.00,0.00,333
2022/5/11 15:49:40,0.00,0.00,22.45,923.03,21.18,63.74,50.00,124,0.00,0.00,0.00,339
2022/5/11 15:50:0,0.00,0.00,22.40,923.03,21.19,63.53,48.15,124,0.00,0.00,0.00,352
2022/5/11 15:50:10,0.00,0.00,22.31,923.03,21.19,63.76,43.50,124,0.00,0.00,0.00,358
2022/5/11 15:50:20,0.00,0.00,22.32,922.79,21.19,63.85,52.83,123,0.00,0.00,0.00,364
2022/5/11 15:50:30,0.00,0.00,22.36,923.03,21.19,63.91,47.17,123,0.00,0.00,0.00,370
2022/5/11 15:51:0,0.00,0.00,22.31,922.96,21.19,63.87,46.95,124,0.00,0.00,0.00,389
2022/5/11 15:51:10,0.00,0.00,22.25,923.03,21.19,63.47,47.33,124,0.00,0.00,0.00,395
2022/5/11 15:51:20,0.00,0.00,22.26,922.79,21.19,63.89,40.67,124,0.00,0.00,0.00,401
2022/5/11 15:51:30,0.00,0.00,22.29,923.03,21.19,64.05,43.83,124,0.00,0.00,0.00,407
2022/5/11 15:51:50,0.00,0.00,22.27,923.03,21.19,63.98,48.85,124,0.00,0.00,0.00,420
2022/5/11 15:52:0,0.00,0.00,22.26,923.28,21.19,64.27,43.50,124,0.00,0.00,0.00,426
2022/5/11 15:52:10,0.00,0.00,22.24,923.03,21.19,63.97,47.83,124,0.00,0.00,0.00,432
2022/5/11 15:52:20,0.00,0.00,22.25,923.03,21.19,63.47,49.00,124,0.00,0.00,0.00,438
2022/5/11 15:52:50,0.00,0.00,22.25,923.03,21.19,63.61,43.68,124,0.00,0.00,0.00,457
2022/5/11 15:53:0,0.00,0.00,22.26,923.77,21.19,63.96,50.17,124,0.00,0.00,0.00,463
2022/5/11 15:53:10,0.00,0.00,22.23,923.03,21.19,63.76,45.83,124,0.00,0.00,0.00,469
2022/5/11 15:53:20,0.00,0.00,22.16,923.03,21.19,63.61,41.17,124,0.00,0.00,0.00,475
2022/5/11 15:53:50,0.00,0.00,22.18,922.96,21.19,63.08,43.05,124,0.00,0.00,0.00,494
2022/5/11 15:54:0,0.00,0.00,22.23,923.03,21.19,63.43,49.83,124,0.00,0.00,0.00,500
2022/5/11 15:54:10,0.00,0.00,22.20,923.03,21.19,63.71,45.00,124,0.00,0.00,0.00,506
2022/5/11 15:54:40,0.00,0.00,22.22,923.11,21.19,63.60,45.42,124,0.00,0.00,0.00,525
2022/5/11 15:54:50,0.00,0.00,22.25,923.03,21.19,63.58,37.00,124,0.00,0.00,0.00,531
2022/5/11 15:55:0,0.00,0.00,22.24,923.03,21.19,63.63,47.00,124,0.00,0.00,0.00,537
2022/5/11 15:55:30,0.00,0.00,22.31,923.03,21.19,63.75,44.68,124,0.00,0.00,0.00,556
2022/5/11 15:55:40,0.00,0.00,22.29,922.79,21.19,63.76,46.00,124,0.00,0.00,0.00,562
2022/5/11 15:55:50,0.00,0.00,22.27,923.03,21.19,63.80,38.83,123,0.00,0.00,0.00,568
2022/5/11 15:56:0,0.00,0.00,22.31,923.03,21.19,63.83,40.33,124,0.00,0.00,0.00,574
2022/5/11 15:56:20,0.00,0.00,22.31,923.15,21.19,63.98,44.85,124,0.00,0.00,0.00,587
2022/5/11 15:56:30,0.00,0.00,22.30,923.03,21.19,63.89,41.00,124,0.00,0.00,0.00,593
2022/5/11 15:56:40,0.00,0.00,22.28,923.03,21.19,64.14,44.33,124,0.00,0.00,0.00,599
2022/5/11 15:57:0,0.00,0.00,22.27,923.03,21.20,64.06,36.83,124,0.00,0.00,0.00,11
2022/5/11 15:57:30,0.00,0.00,22.26,923.03,21.20,63.72,47.26,124,0.00,0.00,0.00,30
2022/5/11 15:57:40,0.00,0.00,22.23,923.03,21.20,64.02,40.00,124,0.00,0.00,0.00,36
2022/5/11 15:57:50,0.00,0.00,22.26,923.28,21.21,64.08,45.33,124,0.00,0.00,0.00,42
2022/5/11 15:58:20,0.00,0.00,22.34,923.03,21.21,64.02,37.05,124,0.00,0.00,0.00,61
2022/5/11 15:58:30,0.00,0.00,22.35,923.03,21.20,63.98,47.83,124,0.00,0.00,0.00,67
2022/5/11 15:58:40,0.00,0.00,22.34,923.03,21.21,64.07,38.67,124,0.00,0.00,0.00,73
2022/5/11 15:59:10,0.00,0.00,22.34,922.88,21.21,63.76,44.05,124,0.00,0.00,0.00,92
2022/5/11 15:59:20,0.00,0.00,22.36,923.03,21.21,63.52,32.00,124,0.00,0.00,0.00,98
2022/5/11 15:59:30,0.00,0.00,22.42,923.03,21.21,63.61,42.67,124,0.00,0.00,0.00,104
2022/5/11 15:59:40,0.00,0.00,22.44,923.03,21.21,63.42,38.17,123,0.00,0.00,0.00,110
2022/5/11 16:0:10,0.00,0.00,22.45,922.96,21.21,63.11,42.32,123,0.00,0.00,0.00,129
2022/5/11 16:0:20,0.00,0.00,22.36,923.03,21.21,63.85,40.00,124,0.00,0.00,0.00,135
2022/5/11 16:0:30,0.00,0.00,22.40,923.03,21.21,64.09,53.67,124,0.00,0.00,0.00,141
2022/5/11 16:1:0,0.00,0.00,22.48,922.96,21.21,63.77,41.89,124,0.00,0.00,0.00,160
2022/5/11 16:1:10,0.00,0.00,22.53,923.03,21.22,63.86,42.17,124,0.00,0.00,0.00,166
2022/5/11 16:1:20,0.00,0.00,22.54,923.03,21.21,63.85,44.33,124,0.00,0.00,0.00,172
2022/5/11 16:1:50,0.00,0.00,22.50,923.03,21.22,64.22,42.84,124,0.00,0.00,0.00,191
2022/5/11 16:2:0,0.00,0.00,22.51,923.03,21.22,64.16,53.33,124,0.00,0.00,0.00,197
2022/5/11 16:2:10,0.00,0.00,22.54,923.03,21.22,64.27,36.17,124,0.00,0.00,0.00,203
2022/5/11 16:2:20,0.00,0.00,22.50,922.79,21.22,64.58,46.00,124,0.00,0.00,0.00,209
2022/5/11 16:2:50,0.00,0.00,22.54,923.03,21.22,64.13,42.32,124,0.00,0.00,0.00,228
2022/5/11 16:3:0,0.00,0.00,22.54,923.03,21.22,64.06,41.50,123,0.00,0.00,0.00,234
2022/5/11 16:3:10,0.00,0.00,22.55,923.03,21.22,63.90,43.50,124,0.00,0.00,0.00,240
2022/5/11 16:3:40,0.00,0.00,22.58,922.88,21.22,63.82,42.89,123,0.00,0.00,0.00,259
2022/5/11 16:3:50,0.00,0.00,22.65,923.03,21.22,63.87,47.67,124,0.00,0.00,0.00,265
2022/5/11 16:4:0,0.00,0.00,22.67,923.03,21.22,63.90,42.83,124,0.00,0.00,0.00,271
2022/5/11 16:4:30,0.00,0.00,22.65,923.03,21.22,63.90,43.47,124,0.00,0.00,0.00,290
2022/5/11 16:4:40,0.00,0.00,22.68,922.79,21.23,64.04,48.50,124,0.00,0.00,0.00,296
2022/5/11 16:4:50,0.00,0.00,22.69,923.03,21.23,64.08,47.17,124,0.00,0.00,0.00,302
2022/5/11 16:5:0,0.00,0.00,22.73,923.03,21.23,63.90,32.67,124,0.00,0.00,0.00,308
2022/5/11 16:5:20,0.00,0.00,22.79,923.03,21.23,63.75,45.92,124,0.00,0.00,0.00,321
2022/5/11 16:5:30,0.00,0.00,22.85,923.03,21.22,63.67,42.17,123,0.00,0.00,0.00,327
2022/5/11 16:5:40,0.00,0.00,22.84,923.03,21.23,63.93,47.83,124,0.00,0.00,0.00,333
2022/5/11 16:5:50,0.00,0.00,22.81,923.03,21.23,63.99,41.17,124,0.00,0.00,0.00,339
2022/5/11 16:6:20,0.00,0.00,22.79,923.03,21.23,63.37,37.32,123,0.00,0.00,0.00,358
2022/5/11 16:6:30,0.00,0.00,22.78,923.03,21.23,63.31,47.00,124,0.00,0.00,0.00,364
2022/5/11 16:6:40,0.00,0.00,22.81,923.03,21.23,63.48,44.83,124,0.00,0.00,0.00,370
2022/5/11 16:6:50,0.00,0.00,22.78,923.03,21.23,63.67,35.50,123,0.00,0.00,0.00,376
2022/5/11 16:7:20,0.00,0.00,22.82,923.03,21.23,63.66,45.37,123,0.00,0.00,0.00,395
2022/5/11 16:7:30,0.00,0.00,22.84,923.03,21.22,63.67,48.33,124,0.00,0.00,0.00,401
2022/5/11 16:7:40,0.00,0.00,22.83,923.03,21.22,63.74,41.83,124,0.00,0.00,0.00,407
2022/5/11 16:8:10,0.00,0.00,22.88,923.03,21.23,63.98,40.21,124,0.00,0.00,0.00,426
2022/5/11 16:8:20,0.00,0.00,22.84,923.03,21.23,64.05,48.67,124,0.00,0.00,0.00,432
2022/5/11 16:8:30,0.00,0.00,22.85,923.28,21.22,63.94,47.33,124,0.00,0.00,0.00,438
2022/5/11 16:9:0,0.00,0.00,22.88,922.96,21.22,63.97,42.16,124,0.00,0.00,0.00,457
2022/5/11 16:9:10,0.00,0.00,22.94,922.54,21.22,64.04,35.50,124,0.00,0.00,0.00,463
2022/5/11 16:9:20,0.00,0.00,22.93,923.03,21.22,64.10,52.83,124,0.00,0.00,0.00,469
2022/5/11 16:9:30,0.00,0.00,22.94,922.79,21.22,64.14,31.17,124,0.00,0.00,0.00,475
2022/5/11 16:9:50,0.00,0.00,23.00,923.03,21.22,64.18,37.38,123,0.00,0.00,0.00,488
2022/5/11 16:10:0,0.00,0.00,22.95,923.03,21.22,64.26,39.17,124,0.00,0.00,0.00,494
2022/5/11 16:10:10,0.00,0.00,22.87,923.03,21.22,64.09,47.17,124,0.00,0.00,0.00,500
2022/5/11 16:10:20,0.00,0.00,22.86,923.03,21.22,63.93,49.67,124,0.00,0.00,0.00,506
2022/5/11 16:10:50,0.00,0.00,22.80,922.96,21.22,63.78,42.00,124,0.00,0.00,0.00,525
2022/5/11 16:11:0,0.00,0.00,22.73,923.03,21.22,63.79,35.83,124,0.00,0.00,0.00,531
2022/5/11 16:11:10,0.00,0.00,22.69,923.03,21.22,63.91,47.17,124,0.00,0.00,0.00,537
2022/5/11 16:11:20,0.00,0.00,22.73,923.28,21.21,63.61,26.33,124,0.00,0.00,0.00,543
2022/5/11 16:11:30,0.00,0.00,22.69,923.03,21.21,63.45,40.00,124,0.00,0.00,0.00,549
2022/5/11 16:11:40,0.00,0.00,22.65,923.03,21.21,63.51,48.33,124,0.00,0.00,0.00,555
2022/5/11 16:12:10,0.00,0.00,22.57,922.88,21.21,63.74,48.37,124,0.00,0.00,0.00,574
2022/5/11 16:12:20,0.00,0.00,22.53,923.03,21.21,63.86,49.00,123,0.00,0.00,0.00,580
2022/5/11 16:12:30,0.00,0.00,22.54,923.03,21.21,64.33,36.00,124,0.00,0.00,0.00,586
2022/5/11 16:13:10,0.00,0.00,22.55,923.03,21.21,64.11,39.17,124,0.00,0.00,0.00,11
2022/5/11 16:13:20,0.00,0.00,22.51,922.79,21.21,63.88,41.17,124,0.00,0.00,0.00,17
2022/5/11 16:13:30,0.00,0.00,22.52,923.03,21.21,63.83,41.67,124,0.00,0.00,0.00,23
2022/5/11 16:14:0,0.00,0.00,22.54,923.03,21.21,63.73,46.26,123,0.00,0.00,0.00,42
2022/5/11 16:14:10,0.00,0.00,22.50,923.03,184.17,63.84,48.17,124,0.00,0.00,0.00,48
2022/5/11 16:14:20,0.00,0.00,22.52,923.03,21.20,63.88,41.67,124,0.00,0.00,0.00,54
2022/5/11 16:14:50,0.00,0.00,22.54,923.03,21.20,63.93,44.74,123,0.00,0.00,0.00,73
2022/5/11 16:15:0,0.00,0.00,22.50,923.03,21.20,63.87,38.33,124,0.00,0.00,0.00,79
2022/5/11 16:15:10,0.00,0.00,22.49,923.03,21.19,63.79,41.67,124,0.00,0.00,0.00,85
2022/5/11 16:15:20,0.00,0.00,22.47,923.52,21.19,63.71,40.50,124,0.00,0.00,0.00,91
2022/5/11 16:15:40,0.00,0.00,22.49,923.03,21.19,63.77,40.08,124,0.00,0.00,0.00,104
2022/5/11 16:15:50,0.00,0.00,22.50,923.28,21.19,63.88,44.00,124,0.00,0.00,0.00,110
2022/5/11 16:16:0,0.00,0.00,22.47,923.03,21.19,63.88,44.00,124,0.00,0.00,0.00,116
2022/5/11 16:16:10,0.00,0.00,22.48,923.03,21.19,63.80,42.83,124,0.00,0.00,0.00,122
2022/5/11 16:16:40,0.00,0.00,22.50,923.03,21.18,63.91,41.84,124,0.00,0.00,0.00,141
2022/5/11 16:16:50,0.00,0.00,22.46,923.03,21.18,64.42,51.67,124,0.00,0.00,0.00,147
2022/5/11 16:17:0,0.00,0.00,22.40,923.03,21.18,64.58,53.50,124,0.00,0.00,0.00,153
2022/5/11 16:17:10,0.00,0.00,22.45,922.79,21.18,64.14,41.33,123,0.00,0.00,0.00,159
2022/5/11 16:17:40,0.00,0.00,22.43,923.03,21.17,63.82,47.26,124,0.00,0.00,0.00,178
2022/5/11 16:17:50,0.00,0.00,22.45,923.03,21.17,63.74,40.00,124,0.00,0.00,0.00,184
2022/5/11 16:18:0,0.00,0.00,22.42,923.03,21.17,63.77,42.33,124,0.00,0.00,0.00,190
2022/5/11 16:18:30,0.00,0.00,22.40,923.03,21.16,63.71,42.37,124,0.00,0.00,0.00,209
2022/5/11 16:18:40,0.00,0.00,22.48,923.03,21.16,63.83,44.50,124,0.00,0.00,0.00,215
2022/5/11 16:18:50,0.00,0.00,22.48,923.03,21.16,63.91,50.17,124,0.00,0.00,0.00,221
2022/5/11 16:19:20,0.00,0.00,22.54,923.03,21.16,64.19,44.58,124,0.00,0.00,0.00,240
2022/5/11 16:19:30,0.00,0.00,22.59,923.03,21.15,64.21,29.83,124,0.00,0.00,0.00,246
2022/5/11 16:19:40,0.00,0.00,22.61,923.03,21.15,64.32,41.50,124,0.00,0.00,0.00,252
2022/5/11 16:20:10,0.00,0.00,22.71,923.03,21.15,64.53,42.53,124,0.00,0.00,0.00,271
2022/5/11 16:20:20,0.00,0.00,22.75,923.03,21.15,64.57,39.67,124,0.00,0.00,0.00,277
2022/5/11 16:20:30,0.00,0.00,22.75,923.03,21.15,64.56,36.67,124,0.00,0.00,0.00,283
2022/5/11 16:20:40,0.00,0.00,22.75,923.03,21.15,64.49,48.67,124,0.00,0.00,0.00,289
2022/5/11 16:21:10,0.00,0.00,22.71,923.03,21.15,64.43,42.26,124,0.00,0.00,0.00,308
2022/5/11 16:21:20,0.00,0.00,22.68,923.28,21.14,64.17,47.17,124,0.00,0.00,0.00,314
2022/5/11 16:21:30,0.00,0.00,22.66,923.03,21.14,64.11,38.17,123,0.00,0.00,0.00,320
2022/5/11 16:22:0,0.00,0.00,22.62,922.96,21.14,64.01,40.05,124,0.00,0.00,0.00,339
2022/5/11 16:22:10,0.00,0.00,22.62,923.03,21.14,64.03,42.83,124,0.00,0.00,0.00,345
2022/5/11 16:22:20,0.00,0.00,22.64,923.03,21.14,64.07,47.33,124,0.00,0.00,0.00,351
2022/5/11 16:22:50,0.00,0.00,22.68,922.80,21.14,64.11,44.79,124,0.00,0.00,0.00,370
2022/5/11 16:23:0,0.00,0.00,22.68,923.03,21.14,64.18,47.00,124,0.00,0.00,0.00,376
2022/5/11 16:23:10,0.00,0.00,22.69,923.03,21.13,64.30,44.17,123,0.00,0.00,0.00,382
2022/5/11 16:23:20,0.00,0.00,22.74,922.79,21.14,64.45,43.00,124,0.00,0.00,0.00,388
2022/5/11 16:23:40,0.00,0.00,22.71,923.03,21.13,64.44,45.85,124,0.00,0.00,0.00,401
2022/5/11 16:23:50,0.00,0.00,22.64,923.03,21.13,64.27,46.50,124,0.00,0.00,0.00,407
2022/5/11 16:24:0,0.00,0.00,22.58,923.03,21.13,64.19,42.50,124,0.00,0.00,0.00,413
2022/5/11 16:24:10,0.00,0.00,22.56,923.03,21.13,64.11,35.67,124,0.00,0.00,0.00,419
2022/5/11 16:24:40,0.00,0.00,22.55,923.11,21.13,64.01,44.95,123,0.00,0.00,0.00,438
2022/5/11 16:24:50,0.00,0.00,22.56,923.03,21.13,63.93,41.83,124,0.00,0.00,0.00,444
2022/5/11 16:25:0,0.00,0.00,22.59,923.03,21.13,63.98,43.67,124,0.00,0.00,0.00,450
2022/5/11 16:25:10,0.00,0.00,22.62,922.79,21.13,64.05,40.83,123,0.00,0.00,0.00,456
2022/5/11 16:25:40,0.00,0.00,22.63,923.19,21.13,64.16,42.79,123,0.00,0.00,0.00,475
2022/5/11 16:25:50,0.00,0.00,22.57,923.03,21.13,64.04,40.67,124,0.00,0.00,0.00,481
2022/5/11 16:26:0,0.00,0.00,22.56,923.28,21.13,64.08,46.67,124,0.00,0.00,0.00,487
2022/5/11 16:26:30,0.00,0.00,22.51,923.03,21.12,64.05,36.74,124,0.00,0.00,0.00,506
2022/5/11 16:26:40,0.00,0.00,22.46,923.03,21.12,63.98,44.83,123,0.00,0.00,0.00,512
2022/5/11 16:26:50,0.00,0.00,22.44,923.28,21.13,63.94,31.83,124,0.00,0.00,0.00,518
2022/5/11 16:27:20,0.00,0.00,22.47,923.26,21.11,64.07,44.37,124,0.00,0.00,0.00,537
2022/5/11 16:27:30,0.00,0.00,22.44,923.03,21.11,64.09,43.00,124,0.00,0.00,0.00,543
2022/5/11 16:27:40,0.00,0.00,22.37,923.03,21.11,63.98,45.83,124,0.00,0.00,0.00,549
2022/5/11 16:27:50,0.00,0.00,22.32,923.03,21.12,63.86,40.83,124,0.00,0.00,0.00,555
2022/5/11 16:28:10,0.00,0.00,22.42,923.03,21.12,63.85,42.92,124,0.00,0.00,0.00,568
2022/5/11 16:28:20,0.00,0.00,22.40,923.03,21.11,63.91,47.50,124,0.00,0.00,0.00,574
2022/5/11 16:28:30,0.00,0.00,22.39,923.03,21.10,63.93,45.50,123,0.00,0.00,0.00,580
2022/5/11 16:28:40,0.00,0.00,22.36,923.03,21.11,63.92,38.67,124,0.00,0.00,0.00,586
2022/5/11 16:29:20,0.00,0.00,22.34,923.03,21.10,63.93,42.33,124,0.00,0.00,0.00,11
2022/5/11 16:29:30,0.00,0.00,22.31,923.03,21.10,63.92,40.17,124,0.00,0.00,0.00,17
2022/5/11 16:29:40,0.00,0.00,22.28,923.03,21.10,63.86,40.50,124,0.00,0.00,0.00,23
2022/5/11 16:30:10,0.00,0.00,22.28,923.26,21.10,63.93,40.68,124,0.00,0.00,0.00,42
2022/5/11 16:30:20,0.00,0.00,22.43,923.03,21.10,64.10,36.67,124,0.00,0.00,0.00,48
2022/5/11 16:30:30,0.00,0.00,22.47,923.03,21.10,64.18,41.50,124,0.00,0.00,0.00,54
2022/5/11 16:31:0,0.00,0.00,22.40,923.11,21.10,64.39,46.42,124,0.00,0.00,0.00,73
2022/5/11 16:31:10,0.00,0.00,22.31,922.79,21.10,64.47,46.83,124,0.00,0.00,0.00,79
2022/5/11 16:31:20,0.00,0.00,22.33,923.03,21.10,64.28,44.17,124,0.00,0.00,0.00,85
2022/5/11 16:31:30,0.00,0.00,22.37,923.03,21.10,64.07,44.17,124,0.00,0.00,0.00,91
2022/5/11 16:32:0,0.00,0.00,22.37,922.65,21.10,63.98,40.26,124,0.00,0.00,0.00,110
2022/5/11 16:32:10,0.00,0.00,22.35,923.03,21.09,63.90,48.50,124,0.00,0.00,0.00,116
2022/5/11 16:32:20,0.00,0.00,22.31,923.03,21.09,63.80,40.50,124,0.00,0.00,0.00,122
2022/5/11 16:32:50,0.00,0.00,22.31,923.03,21.09,63.82,41.47,124,0.00,0.00,0.00,141
2022/5/11 16:33:0,0.00,0.00,22.31,923.28,21.09,63.89,38.83,123,0.00,0.00,0.00,147
2022/5/11 16:33:10,0.00,0.00,22.31,923.03,21.08,63.89,37.17,124,0.00,0.00,0.00,153
2022/5/11 16:33:40,0.00,0.00,22.23,923.03,21.08,63.85,46.89,124,0.00,0.00,0.00,172
2022/5/11 16:33:50,0.00,0.00,22.18,923.03,21.07,63.80,39.17,124,0.00,0.00,0.00,178
2022/5/11 16:34:0,0.00,0.00,22.19,923.03,21.07,63.80,44.50,124,0.00,0.00,0.00,184
2022/5/11 16:34:10,0.00,0.00,22.24,923.03,21.07,63.85,50.17,124,0.00,0.00,0.00,190
2022/5/11 16:34:30,0.00,0.00,22.23,923.15,21.06,63.74,38.85,123,0.00,0.00,0.00,203
2022/5/11 16:34:40,0.00,0.00,22.19,923.28,21.05,63.66,39.50,124,0.00,0.00,0.00,209
2022/5/11 16:34:50,0.00,0.00,22.19,923.03,21.05,63.73,42.33,124,0.00,0.00,0.00,215
2022/5/11 16:35:0,0.00,0.00,22.12,923.28,21.05,63.86,41.00,124,0.00,0.00,0.00,221
2022/5/11 16:35:30,0.00,0.00,22.07,922.96,21.05,63.70,40.74,124,0.00,0.00,0.00,240
2022/5/11 16:35:40,0.00,0.00,22.06,923.03,21.04,63.63,49.67,123,0.00,0.00,0.00,246
2022/5/11 16:35:50,0.00,0.00,22.10,923.03,21.04,63.81,40.83,124,0.00,0.00,0.00,252
2022/5/11 16:36:0,0.00,0.00,22.15,923.03,21.04,64.06,43.17,123,0.00,0.00,0.00,258
2022/5/11 16:36:20,0.00,0.00,22.27,923.03,21.03,64.05,42.62,124,0.00,0.00,0.00,271
2022/5/11 16:36:30,0.00,0.00,22.26,923.03,21.04,64.22,38.83,124,0.00,0.00,0.00,277
2022/5/11 16:36:40,0.00,0.00,22.22,923.28,21.03,64.27,47.33,124,0.00,0.00,0.00,283
2022/5/11 16:36:50,0.00,0.00,22.19,923.03,21.03,64.06,34.83,124,0.00,0.00,0.00,289
2022/5/11 16:37:20,0.00,0.00,22.17,923.03,21.03,63.71,37.42,124,0.00,0.00,0.00,308
2022/5/11 16:37:30,0.00,0.00,22.19,923.03,21.03,63.81,47.00,124,0.00,0.00,0.00,314
2022/5/11 16:37:40,0.00,0.00,22.17,923.28,21.03,63.80,54.67,124,0.00,0.00,0.00,320
2022/5/11 16:37:50,0.00,0.00,22.14,923.03,21.02,63.69,47.67,124,0.00,0.00,0.00,326
2022/5/11 16:38:20,0.00,0.00,22.17,923.11,21.02,63.79,42.26,124,0.00,0.00,0.00,345
2022/5/11 16:38:30,0.00,0.00,22.18,923.28,21.02,63.81,38.83,124,0.00,0.00,0.00,351
2022/5/11 16:38:40,0.00,0.00,22.14,923.03,21.02,63.83,30.33,124,0.00,0.00,0.00,357
2022/5/11 16:39:10,0.00,0.00,22.11,923.03,21.01,63.95,39.68,124,0.00,0.00,0.00,376
2022/5/11 16:39:20,0.00,0.00,22.10,923.28,21.01,64.01,38.33,124,0.00,0.00,0.00,382
2022/5/11 16:39:30,0.00,0.00,22.18,923.03,21.01,64.01,43.50,124,0.00,0.00,0.00,388
2022/5/11 16:40:0,0.00,0.00,22.28,923.03,21.01,64.33,45.84,124,0.00,0.00,0.00,407
2022/5/11 16:40:10,0.00,0.00,22.36,923.03,21.00,64.71,37.17,123,0.00,0.00,0.00,413
2022/5/11 16:40:20,0.00,0.00,22.37,923.03,21.01,64.81,42.00,124,0.00,0.00,0.00,419
2022/5/11 16:40:30,0.00,0.00,22.46,923.28,21.01,64.80,49.17,124,0.00,0.00,0.00,425
2022/5/11 16:40:50,0.00,0.00,22.50,923.03,21.01,64.80,46.92,124,0.00,0.00,0.00,438
2022/5/11 16:41:0,0.00,0.00,22.54,923.03,21.01,64.82,44.50,124,0.00,0.00,0.00,444
2022/5/11 16:41:10,0.00,0.00,22.50,923.03,21.01,64.82,41.67,123,0.00,0.00,0.00,450
2022/5/11 16:41:20,0.00,0.00,22.51,923.03,21.00,64.82,37.67,124,0.00,0.00,0.00,456
2022/5/11 16:41:50,0.00,0.00,22.58,923.03,21.00,64.78,43.21,124,0.00,0.00,0.00,475
2022/5/11 16:42:0,0.00,0.00,22.65,923.03,21.00,64.89,44.50,123,0.00,0.00,0.00,481
2022/5/11 16:42:10,0.00,0.00,22.65,923.03,21.00,64.98,39.50,124,0.00,0.00,0.00,487
2022/5/11 16:42:20,0.00,0.00,22.66,923.03,21.00,65.00,40.67,124,0.00,0.00,0.00,493
2022/5/11 16:42:40,0.00,0.00,22.74,923.03,21.00,65.00,41.62,123,0.00,0.00,0.00,506
2022/5/11 16:42:50,0.00,0.00,22.77,923.03,21.00,65.10,42.67,123,0.00,0.00,0.00,512
2022/5/11 16:43:0,0.00,0.00,22.81,923.03,21.00,65.23,44.33,124,0.00,0.00,0.00,518
2022/5/11 16:43:10,0.00,0.00,22.84,923.28,21.00,65.41,27.83,124,0.00,0.00,0.00,524
2022/5/11 16:43:40,0.00,0.00,22.86,922.96,21.00,65.56,42.42,124,0.00,0.00,0.00,543
2022/5/11 16:43:50,0.00,0.00,22.92,923.03,21.00,65.49,46.50,124,0.00,0.00,0.00,549
2022/5/11 16:44:0,0.00,0.00,22.92,923.03,21.00,65.42,42.33,124,0.00,0.00,0.00,555
2022/5/11 16:44:10,0.00,0.00,22.92,923.03,21.00,65.34,47.33,124,0.00,0.00,0.00,561
2022/5/11 16:44:30,0.00,0.00,22.94,923.48,21.00,65.20,37.46,124,0.00,0.00,0.00,574
2022/5/11 16:44:40,0.00,0.00,22.95,923.03,21.00,65.14,38.00,124,0.00,0.00,0.00,580
2022/5/11 16:44:50,0.00,0.00,22.97,923.03,21.00,65.16,50.83,124,0.00,0.00,0.00,586
2022/5/11 16:45:0,0.00,0.00,22.98,923.28,21.00,65.20,44.00,124,0.00,0.00,0.00,592
2022/5/11 16:45:40,0.00,0.00,23.00,923.03,20.99,65.24,39.67,123,0.00,0.00,0.00,17
2022/5/11 16:45:50,0.00,0.00,23.03,923.03,20.99,65.25,40.50,124,0.00,0.00,0.00,23
2022/5/11 16:46:0,0.00,0.00,23.01,923.03,20.99,65.28,34.33,124,0.00,0.00,0.00,29
2022/5/11 16:46:30,0.00,0.00,23.01,923.03,20.99,65.32,39.37,124,0.00,0.00,0.00,48
2022/5/11 16:46:40,0.00,0.00,23.05,923.03,20.98,65.33,34.83,124,0.00,0.00,0.00,54
2022/5/11 16:46:50,0.00,0.00,23.06,923.03,20.98,65.34,39.50,124,0.00,0.00,0.00,60
2022/5/11 16:47:0,0.00,0.00,23.06,923.03,20.98,65.36,42.00,124,0.00,0.00,0.00,66
2022/5/11 16:47:20,0.00,0.00,23.06,923.03,20.98,65.33,42.92,124,0.00,0.00,0.00,79
2022/5/11 16:47:30,0.00,0.00,23.12,923.03,20.98,65.35,43.67,124,0.00,0.00,0.00,85
2022/5/11 16:47:40,0.00,0.00,23.12,923.52,20.98,65.38,33.33,124,0.00,0.00,0.00,91
2022/5/11 16:47:50,0.00,0.00,23.12,923.03,20.98,65.41,44.50,123,0.00,0.00,0.00,97
2022/5/11 16:48:20,0.00,0.00,23.11,923.03,20.97,65.42,39.95,124,0.00,0.00,0.00,116
2022/5/11 16:48:30,0.00,0.00,23.12,923.03,20.96,65.44,41.50,124,0.00,0.00,0.00,122
2022/5/11 16:48:40,0.00,0.00,23.12,923.03,20.96,65.42,45.67,124,0.00,0.00,0.00,128
2022/5/11 16:48:50,0.00,0.00,23.10,922.79,20.96,65.43,47.67,124,0.00,0.00,0.00,134
2022/5/11 16:49:10,0.00,0.00,23.08,923.03,20.96,65.56,42.77,124,0.00,0.00,0.00,147
2022/5/11 16:49:20,0.00,0.00,23.12,923.03,20.96,65.56,39.17,123,0.00,0.00,0.00,153
2022/5/11 16:49:30,0.00,0.00,23.12,923.03,20.95,65.55,40.67,124,0.00,0.00,0.00,159
2022/5/11 16:49:40,0.00,0.00,23.15,923.03,20.95,65.54,30.33,124,0.00,0.00,0.00,165
2022/5/11 16:50:10,0.00,0.00,23.16,923.03,20.95,65.58,42.47,124,0.00,0.00,0.00,184
2022/5/11 16:50:20,0.00,0.00,23.19,923.03,20.95,65.58,40.67,124,0.00,0.00,0.00,190
2022/5/11 16:50:30,0.00,0.00,23.17,922.79,20.94,65.60,39.50,124,0.00,0.00,0.00,196
2022/5/11 16:50:40,0.00,0.00,23.18,923.03,20.94,65.66,41.00,124,0.00,0.00,0.00,202
2022/5/11 16:51:10,0.00,0.00,23.11,923.11,20.94,65.72,41.11,124,0.00,0.00,0.00,221
2022/5/11 16:51:20,0.00,0.00,23.07,923.03,20.94,65.73,35.83,124,0.00,0.00,0.00,227
2022/5/11 16:51:30,0.00,0.00,23.12,923.03,20.94,65.73,38.17,124,0.00,0.00,0.00,233
2022/5/11 16:52:0,0.00,0.00,23.16,923.03,20.93,114.85,41.95,124,0.00,0.00,0.00,252
2022/5/11 16:52:10,0.00,0.00,23.12,923.03,20.93,65.76,38.33,124,0.00,0.00,0.00,258
2022/5/11 16:52:20,0.00,0.00,23.14,923.03,20.93,65.78,47.67,124,0.00,0.00,0.00,264
2022/5/11 16:52:50,0.00,0.00,23.16,923.03,20.92,65.83,39.00,124,0.00,0.00,0.00,283
2022/5/11 16:53:0,0.00,0.00,23.12,923.28,20.92,65.84,43.83,124,0.00,0.00,0.00,289
2022/5/11 16:53:10,0.00,0.00,23.15,923.28,20.92,65.84,43.33,124,0.00,0.00,0.00,295
2022/5/11 16:53:20,0.00,0.00,23.14,923.03,20.92,65.81,42.33,124,0.00,0.00,0.00,301
2022/5/11 16:53:40,0.00,0.00,23.11,923.03,20.92,65.81,38.62,124,0.00,0.00,0.00,314
2022/5/11 16:53:50,0.00,0.00,23.09,923.03,20.92,65.81,48.33,123,0.00,0.00,0.00,320
2022/5/11 16:54:0,0.00,0.00,23.10,923.03,20.92,65.80,42.67,124,0.00,0.00,0.00,326
2022/5/11 16:54:10,0.00,0.00,23.06,923.03,20.92,65.81,38.00,124,0.00,0.00,0.00,332
2022/5/11 16:54:40,0.00,0.00,23.06,923.26,20.92,65.83,44.21,123,0.00,0.00,0.00,351
2022/5/11 16:54:50,0.00,0.00,23.01,923.03,20.91,65.81,36.50,124,0.00,0.00,0.00,357
2022/5/11 16:55:0,0.00,0.00,22.99,923.03,20.91,65.81,41.33,124,0.00,0.00,0.00,363
2022/5/11 16:55:10,0.00,0.00,22.98,923.03,20.91,65.83,47.33,124,0.00,0.00,0.00,369
2022/5/11 16:55:40,0.00,0.00,22.94,923.26,20.91,65.85,38.37,124,0.00,0.00,0.00,388
2022/5/11 16:55:50,0.00,0.00,22.93,923.03,20.91,65.87,40.50,124,0.00,0.00,0.00,394
2022/5/11 16:56:0,0.00,0.00,22.94,923.03,20.91,65.87,37.17,124,0.00,0.00,0.00,400
2022/5/11 16:56:30,0.00,0.00,22.89,922.96,20.91,65.88,42.42,124,0.00,0.00,0.00,419
2022/5/11 16:56:40,0.00,0.00,22.87,923.03,20.91,65.89,47.83,124,0.00,0.00,0.00,425
2022/5/11 16:56:50,0.00,0.00,22.87,923.03,20.91,65.89,40.00,124,0.00,0.00,0.00,431
2022/5/11 16:57:20,0.00,0.00,22.88,922.96,72.39,65.89,42.26,124,0.00,0.00,0.00,450
2022/5/11 16:57:30,0.00,0.00,22.86,923.03,20.90,65.89,38.00,124,0.00,0.00,0.00,456
2022/5/11 16:57:40,0.00,0.00,22.87,923.03,20.91,65.89,41.00,123,0.00,0.00,0.00,462
2022/5/11 16:57:50,0.00,0.00,22.85,923.03,20.90,65.89,40.17,123,0.00,0.00,0.00,468
2022/5/11 16:58:20,0.00,0.00,22.84,923.03,20.90,65.89,43.05,124,0.00,0.00,0.00,487
2022/5/11 16:58:30,0.00,0.00,22.81,923.28,20.90,65.89,42.83,124,0.00,0.00,0.00,493
2022/5/11 16:58:40,0.00,0.00,22.84,923.03,20.90,65.89,43.83,124,0.00,0.00,0.00,499
2022/5/11 16:59:10,0.00,0.00,22.86,923.03,20.90,65.86,41.00,124,0.00,0.00,0.00,518
2022/5/11 16:59:20,0.00,0.00,22.84,923.03,20.90,65.84,38.00,124,0.00,0.00,0.00,524
2022/5/11 16:59:30,0.00,0.00,22.83,923.03,20.90,65.84,38.00,124,0.00,0.00,0.00,530
2022/5/11 17:0:0,0.00,0.00,22.82,923.11,20.90,65.84,43.32,124,0.00,0.00,0.00,549
2022/5/11 17:0:10,0.00,0.00,22.81,923.28,20.90,65.84,49.33,124,0.00,0.00,0.00,555
2022/5/11 17:0:20,0.00,0.00,22.80,923.03,20.90,65.84,44.67,124,0.00,0.00,0.00,561
2022/5/11 17:0:30,0.00,0.00,22.81,923.28,20.90,65.84,41.17,124,0.00,0.00,0.00,567
2022/5/11 17:1:0,0.00,0.00,22.80,923.03,20.89,65.83,40.84,124,0.00,0.00,0.00,586
2022/5/11 17:1:10,0.00,0.00,22.75,923.03,20.89,65.81,40.67,124,0.00,0.00,0.00,592
2022/5/11 17:1:20,0.00,0.00,22.75,923.03,20.89,65.81,33.33,123,0.00,0.00,0.00,598
2022/5/11 17:1:50,0.00,0.00,22.75,923.26,20.88,65.84,48.85,124,0.00,0.00,0.00,17
2022/5/11 17:2:0,0.00,0.00,22.75,923.03,20.88,65.84,41.00,124,0.00,0.00,0.00,23
2022/5/11 17:2:10,0.00,0.00,22.76,923.03,20.88,65.84,40.00,124,0.00,0.00,0.00,29
2022/5/11 17:2:20,0.00,0.00,22.73,923.03,20.88,65.85,48.17,124,0.00,0.00,0.00,35
2022/5/11 17:2:50,0.00,0.00,22.72,923.19,20.88,65.85,42.68,124,0.00,0.00,0.00,54
2022/5/11 17:3:0,0.00,0.00,22.69,923.03,20.87,65.84,37.33,124,0.00,0.00,0.00,60
2022/5/11 17:3:10,0.00,0.00,22.69,923.03,20.88,65.85,44.17,124,0.00,0.00,0.00,66
2022/5/11 17:3:20,0.00,0.00,22.68,923.03,20.87,65.86,37.50,124,0.00,0.00,0.00,72
2022/5/11 17:3:40,0.00,0.00,22.69,923.15,20.87,65.87,46.62,123,0.00,0.00,0.00,85
2022/5/11 17:3:50,0.00,0.00,22.68,923.03,20.87,65.87,42.17,124,0.00,0.00,0.00,91
2022/5/11 17:4:0,0.00,0.00,22.67,923.03,20.87,65.87,38.33,124,0.00,0.00,0.00,97
2022/5/11 17:4:10,0.00,0.00,22.62,923.03,20.86,65.89,48.33,124,0.00,0.00,0.00,103
2022/5/11 17:4:40,0.00,0.00,22.64,923.19,20.87,65.88,42.05,124,0.00,0.00,0.00,122
2022/5/11 17:4:50,0.00,0.00,22.62,923.03,20.86,65.88,47.83,124,0.00,0.00,0.00,128
2022/5/11 17:5:0,0.00,0.00,22.61,923.03,20.86,65.89,39.17,124,0.00,0.00,0.00,134
2022/5/11 17:5:30,0.00,0.00,22.62,923.03,20.86,65.88,40.89,123,0.00,0.00,0.00,153
2022/5/11 17:5:40,0.00,0.00,22.58,923.52,20.86,65.87,47.50,123,0.00,0.00,0.00,159
2022/5/11 17:5:50,0.00,0.00,22.57,923.03,20.85,65.88,33.83,124,0.00,0.00,0.00,165
2022/5/11 17:6:0,0.00,0.00,22.56,923.28,20.85,65.89,29.50,124,0.00,0.00,0.00,171
2022/5/11 17:6:30,0.00,0.00,22.56,923.03,20.85,65.90,45.21,124,0.00,0.00,0.00,190
2022/5/11 17:6:40,0.00,0.00,22.55,923.28,20.85,65.92,43.83,124,0.00,0.00,0.00,196
2022/5/11 17:6:50,0.00,0.00,22.59,923.52,20.85,65.93,39.67,123,0.00,0.00,0.00,202
2022/5/11 17:7:20,0.00,0.00,22.56,923.26,20.84,65.94,39.53,124,0.00,0.00,0.00,221
2022/5/11 17:7:30,0.00,0.00,22.57,923.28,20.84,65.95,38.50,124,0.00,0.00,0.00,227
2022/5/11 17:7:40,0.00,0.00,22.53,923.28,20.84,65.95,37.33,124,0.00,0.00,0.00,233
2022/5/11 17:8:10,0.00,0.00,22.52,923.03,20.83,65.96,39.58,124,0.00,0.00,0.00,252
2022/5/11 17:8:20,0.00,0.00,22.50,923.28,20.83,65.98,35.83,123,0.00,0.00,0.00,258
2022/5/11 17:8:30,0.00,0.00,22.50,923.03,20.83,65.98,40.17,123,0.00,0.00,0.00,264
2022/5/11 17:8:40,0.00,0.00,22.51,923.28,20.83,65.98,46.50,124,0.00,0.00,0.00,270
2022/5/11 17:9:0,0.00,0.00,22.50,923.26,20.82,66.00,48.77,123,0.00,0.00,0.00,283
2022/5/11 17:9:10,0.00,0.00,22.51,923.03,20.81,66.03,46.83,124,0.00,0.00,0.00,289
2022/5/11 17:9:20,0.00,0.00,22.50,923.03,20.81,66.03,34.00,124,0.00,0.00,0.00,295
2022/5/11 17:9:30,0.00,0.00,22.50,923.03,20.81,66.03,30.00,124,0.00,0.00,0.00,301
2022/5/11 17:10:0,0.00,0.00,22.49,923.03,20.81,66.05,42.74,124,0.00,0.00,0.00,320
2022/5/11 17:10:10,0.00,0.00,22.50,923.03,20.81,66.05,40.67,124,0.00,0.00,0.00,326
2022/5/11 17:10:20,0.00,0.00,22.50,923.03,20.80,66.04,46.33,123,0.00,0.00,0.00,332
2022/5/11 17:10:30,0.00,0.00,22.50,923.52,20.80,66.05,42.17,124,0.00,0.00,0.00,338
2022/5/11 17:11:0,0.00,0.00,22.50,923.19,72.28,66.08,40.79,124,0.00,0.00,0.00,357
2022/5/11 17:11:10,0.00,0.00,22.50,923.52,20.79,66.11,46.17,124,0.00,0.00,0.00,363
2022/5/11 17:11:20,0.00,0.00,22.50,923.03,20.79,66.11,44.83,124,0.00,0.00,0.00,369
2022/5/11 17:11:50,0.00,0.00,22.49,923.11,20.79,66.11,40.47,124,0.00,0.00,0.00,388
2022/5/11 17:12:0,0.00,0.00,22.49,923.03,20.79,66.11,37.50,124,0.00,0.00,0.00,394
2022/5/11 17:12:10,0.00,0.00,22.46,923.52,20.78,66.11,41.50,124,0.00,0.00,0.00,400
2022/5/11 17:12:40,0.00,0.00,22.47,923.19,20.78,66.11,39.42,123,0.00,0.00,0.00,419
2022/5/11 17:12:50,0.00,0.00,22.48,923.03,20.78,66.13,53.67,124,0.00,0.00,0.00,425
2022/5/11 17:13:0,0.00,0.00,22.46,923.03,20.78,66.13,45.67,124,0.00,0.00,0.00,431
2022/5/11 17:13:30,0.00,0.00,22.46,923.11,20.77,66.13,41.79,124,0.00,0.00,0.00,450
2022/5/11 17:13:40,0.00,0.00,22.47,923.28,20.77,66.15,47.33,123,0.00,0.00,0.00,456
2022/5/11 17:13:50,0.00,0.00,22.47,923.28,20.77,66.15,40.00,124,0.00,0.00,0.00,462
2022/5/11 17:14:0,0.00,0.00,22.44,923.03,20.77,66.14,47.00,123,0.00,0.00,0.00,468
2022/5/11 17:14:30,0.00,0.00,22.44,923.57,20.76,66.13,45.21,123,0.00,0.00,0.00,487
2022/5/11 17:14:40,0.00,0.00,22.46,923.28,20.76,66.13,49.83,124,0.00,0.00,0.00,493
2022/5/11 17:14:50,0.00,0.00,22.49,923.03,20.76,221.61,39.50,124,0.00,0.00,0.00,499
2022/5/11 17:15:20,0.00,0.00,22.44,923.03,20.75,66.13,45.16,123,0.00,0.00,0.00,518
2022/5/11 17:15:30,0.00,0.00,22.46,923.28,20.75,66.15,44.83,124,0.00,0.00,0.00,524
2022/5/11 17:15:40,0.00,0.00,22.44,923.03,20.75,66.16,37.83,124,0.00,0.00,0.00,530
2022/5/11 17:16:10,0.00,0.00,22.41,923.19,20.75,66.16,42.11,124,0.00,0.00,0.00,549
2022/5/11 17:16:20,0.00,0.00,22.40,923.28,20.74,66.16,45.33,124,0.00,0.00,0.00,555
2022/5/11 17:16:30,0.00,0.00,22.39,923.03,20.74,66.16,37.67,124,0.00,0.00,0.00,561
2022/5/11 17:16:40,0.00,0.00,22.39,923.03,20.74,66.17,42.33,124,0.00,0.00,0.00,567
2022/5/11 17:17:0,0.00,0.00,22.41,923.15,20.74,66.16,46.38,124,0.00,0.00,0.00,580
2022/5/11 17:17:10,0.00,0.00,22.43,923.03,20.73,66.18,46.00,124,0.00,0.00,0.00,586
2022/5/11 17:17:20,0.00,0.00,22.41,923.03,20.73,66.18,45.67,124,0.00,0.00,0.00,592
2022/5/11 17:17:30,0.00,0.00,22.42,923.03,20.73,66.18,45.67,124,0.00,0.00,0.00,598
2022/5/11 17:18:10,0.00,0.00,22.39,923.11,20.73,66.21,43.53,123,0.00,0.00,0.00,23
2022/5/11 17:18:20,0.00,0.00,22.35,923.03,20.72,66.23,43.17,123,0.00,0.00,0.00,29
2022/5/11 17:18:30,0.00,0.00,22.35,923.03,20.72,66.23,39.67,124,0.00,0.00,0.00,35
2022/5/11 17:19:0,0.00,0.00,22.35,923.03,20.72,66.24,43.58,124,0.00,0.00,0.00,54
2022/5/11 17:19:10,0.00,0.00,22.32,923.28,20.71,66.24,30.83,124,0.00,0.00,0.00,60
2022/5/11 17:19:20,0.00,0.00,22.37,923.03,20.71,66.24,44.00,124,0.00,0.00,0.00,66
2022/5/11 17:19:50,0.00,0.00,22.38,923.19,72.20,66.24,39.26,123,0.00,0.00,0.00,85
2022/5/11 17:20:0,0.00,0.00,22.36,923.03,20.71,66.24,42.50,124,0.00,0.00,0.00,91
2022/5/11 17:20:10,0.00,0.00,22.35,923.03,20.70,66.24,48.00,124,0.00,0.00,0.00,97
2022/5/11 17:20:20,0.00,0.00,22.33,923.03,20.70,66.24,40.17,123,0.00,0.00,0.00,103
2022/5/11 17:20:50,0.00,0.00,22.34,923.03,20.70,66.27,44.68,124,0.00,0.00,0.00,122
2022/5/11 17:21:0,0.00,0.00,22.32,923.28,20.69,66.30,46.83,124,0.00,0.00,0.00,128
2022/5/11 17:21:10,0.00,0.00,22.32,923.28,20.69,66.30,49.17,124,0.00,0.00,0.00,134
2022/5/11 17:21:40,0.00,0.00,22.32,923.26,20.69,66.31,42.95,123,0.00,0.00,0.00,153
2022/5/11 17:21:50,0.00,0.00,22.31,923.03,20.69,66.32,44.50,124,0.00,0.00,0.00,159
2022/5/11 17:22:0,0.00,0.00,22.31,923.03,20.69,66.32,42.83,124,0.00,0.00,0.00,165
2022/5/11 17:22:30,0.00,0.00,22.30,923.03,20.68,66.33,39.95,124,0.00,0.00,0.00,184
2022/5/11 17:22:40,0.00,0.00,22.27,923.28,20.68,66.35,45.33,124,0.00,0.00,0.00,190
2022/5/11 17:22:50,0.00,0.00,22.27,923.03,20.67,66.35,43.33,124,0.00,0.00,0.00,196
2022/5/11 17:23:0,0.00,0.00,22.28,923.03,20.67,66.35,43.83,124,0.00,0.00,0.00,202
2022/5/11 17:23:30,0.00,0.00,22.29,923.19,20.67,66.35,43.58,124,0.00,0.00,0.00,221
2022/5/11 17:23:40,0.00,0.00,22.33,923.28,20.66,66.37,39.83,124,0.00,0.00,0.00,227
2022/5/11 17:23:50,0.00,0.00,22.31,923.28,20.66,66.36,42.33,124,0.00,0.00,0.00,233
2022/5/11 17:24:20,0.00,0.00,22.31,923.19,20.66,66.37,44.16,124,0.00,0.00,0.00,252
2022/5/11 17:24:30,0.00,0.00,22.31,923.03,20.66,66.37,46.67,124,0.00,0.00,0.00,258
2022/5/11 17:24:40,0.00,0.00,22.30,923.03,20.66,66.38,47.67,124,0.00,0.00,0.00,264
2022/5/11 17:25:10,0.00,0.00,22.30,923.19,20.65,66.40,42.05,124,0.00,0.00,0.00,283
2022/5/11 17:25:20,0.00,0.00,22.27,923.28,20.65,66.40,49.33,124,0.00,0.00,0.00,289
2022/5/11 17:25:30,0.00,0.00,22.31,923.03,20.65,66.41,41.00,124,0.00,0.00,0.00,295
2022/5/11 17:25:40,0.00,0.00,22.32,923.28,20.64,66.43,40.33,124,0.00,0.00,0.00,301
2022/5/11 17:26:0,0.00,0.00,22.32,923.15,20.64,66.43,43.23,124,0.00,0.00,0.00,314
2022/5/11 17:26:10,0.00,0.00,22.31,922.79,20.64,66.43,44.50,124,0.00,0.00,0.00,320
2022/5/11 17:26:20,0.00,0.00,22.37,923.28,20.64,66.43,31.83,124,0.00,0.00,0.00,326
2022/5/11 17:26:30,0.00,0.00,22.33,923.28,20.64,66.43,41.67,124,0.00,0.00,0.00,332
2022/5/11 17:27:0,0.00,0.00,22.31,923.26,20.64,66.43,42.26,123,0.00,0.00,0.00,351
2022/5/11 17:27:10,0.00,0.00,22.31,923.52,20.63,66.43,38.83,124,0.00,0.00,0.00,357
2022/5/11 17:27:20,0.00,0.00,22.31,923.28,20.63,66.43,43.17,123,0.00,0.00,0.00,363
2022/5/11 17:27:30,0.00,0.00,22.31,923.03,20.63,66.43,40.50,123,0.00,0.00,0.00,369
2022/5/11 17:27:50,0.00,0.00,22.29,923.71,20.62,66.46,42.54,123,0.00,0.00,0.00,382
2022/5/11 17:28:0,0.00,0.00,22.29,923.52,20.62,66.46,39.83,124,0.00,0.00,0.00,388
2022/5/11 17:28:10,0.00,0.00,22.27,923.03,20.62,66.47,36.83,124,0.00,0.00,0.00,394
2022/5/11 17:28:20,0.00,0.00,22.26,923.28,20.62,66.48,36.33,124,0.00,0.00,0.00,400
2022/5/11 17:28:50,0.00,0.00,22.26,923.50,20.62,66.46,41.26,123,0.00,0.00,0.00,419
2022/5/11 17:29:0,0.00,0.00,22.29,923.28,20.62,66.45,50.17,124,0.00,0.00,0.00,425
2022/5/11 17:29:10,0.00,0.00,22.25,923.77,20.61,66.45,41.17,124,0.00,0.00,0.00,431
2022/5/11 17:29:20,0.00,0.00,22.28,923.52,20.61,66.45,39.00,124,0.00,0.00,0.00,437
2022/5/11 17:29:40,0.00,0.00,22.27,923.15,20.61,66.47,37.85,123,0.00,0.00,0.00,450
2022/5/11 17:29:50,0.00,0.00,22.26,923.28,20.61,66.48,47.17,124,0.00,0.00,0.00,456
2022/5/11 17:30:0,0.00,0.00,22.30,923.77,20.60,66.48,42.67,123,0.00,0.00,0.00,462
2022/5/11 17:30:10,0.00,0.00,22.30,923.77,20.60,66.48,38.17,124,0.00,0.00,0.00,468
2022/5/11 17:30:40,0.00,0.00,22.25,923.34,20.60,66.49,41.11,124,0.00,0.00,0.00,487
2022/5/11 17:30:50,0.00,0.00,22.25,923.28,20.60,66.50,44.50,124,0.00,0.00,0.00,493
2022/5/11 17:31:0,0.00,0.00,22.24,923.28,20.59,66.50,38.50,124,0.00,0.00,0.00,499
2022/5/11 17:31:10,0.00,0.00,22.22,923.52,20.59,66.50,44.00,123,0.00,0.00,0.00,505
2022/5/11 17:31:30,0.00,0.00,22.22,923.60,20.59,66.50,46.85,124,0.00,0.00,0.00,518
2022/5/11 17:31:40,0.00,0.00,22.23,923.52,20.59,66.51,37.00,123,0.00,0.00,0.00,524
2022/5/11 17:31:50,0.00,0.00,22.25,923.52,20.59,66.53,46.67,124,0.00,0.00,0.00,530
2022/5/11 17:32:0,0.00,0.00,22.24,923.03,20.58,66.53,52.17,124,0.00,0.00,0.00,536
2022/5/11 17:32:30,0.00,0.00,22.23,923.57,20.58,66.54,45.53,124,0.00,0.00,0.00,555
2022/5/11 17:32:40,0.00,0.00,22.25,923.28,20.58,66.56,42.83,124,0.00,0.00,0.00,561
2022/5/11 17:32:50,0.00,0.00,22.25,923.03,20.58,66.56,44.50,124,0.00,0.00,0.00,567
2022/5/11 17:33:0,0.00,0.00,22.25,923.28,20.58,66.56,52.00,123,0.00,0.00,0.00,573
2022/5/11 17:33:30,0.00,0.00,22.23,923.50,20.57,66.56,39.42,124,0.00,0.00,0.00,592
2022/5/11 17:33:40,0.00,0.00,22.21,923.52,20.57,66.58,42.83,124,0.00,0.00,0.00,598
2022/5/11 17:34:20,0.00,0.00,22.22,923.65,20.56,66.59,40.53,124,0.00,0.00,0.00,23
2022/5/11 17:34:30,0.00,0.00,22.25,923.52,20.56,66.60,40.33,124,0.00,0.00,0.00,29
2022/5/11 17:34:40,0.00,0.00,22.22,923.03,20.56,66.62,43.00,124,0.00,0.00,0.00,35
2022/5/11 17:34:50,0.00,0.00,22.22,923.77,20.56,66.62,42.83,124,0.00,0.00,0.00,41
2022/5/11 17:35:20,0.00,0.00,22.20,923.73,20.55,66.63,42.79,124,0.00,0.00,0.00,60
2022/5/11 17:35:30,0.00,0.00,22.19,923.28,20.55,66.64,42.83,124,0.00,0.00,0.00,66
2022/5/11 17:35:40,0.00,0.00,22.19,923.03,20.55,66.64,45.17,124,0.00,0.00,0.00,72
2022/5/11 17:36:10,0.00,0.00,22.17,923.26,20.54,66.66,39.63,123,0.00,0.00,0.00,91
2022/5/11 17:36:20,0.00,0.00,22.18,923.28,20.54,66.67,45.00,123,0.00,0.00,0.00,97
2022/5/11 17:36:30,0.00,0.00,22.12,923.52,20.54,66.67,45.17,124,0.00,0.00,0.00,103
2022/5/11 17:37:0,0.00,0.00,22.13,923.42,20.54,66.67,39.74,124,0.00,0.00,0.00,122
2022/5/11 17:37:10,0.00,0.00,22.17,923.28,20.54,66.67,42.83,124,0.00,0.00,0.00,128
2022/5/11 17:37:20,0.00,0.00,22.19,924.01,20.54,66.68,39.83,124,0.00,0.00,0.00,134
2022/5/11 17:37:30,0.00,0.00,22.19,923.52,20.53,66.69,43.83,124,0.00,0.00,0.00,140
2022/5/11 18:24:40,0.00,0.00,22.36,923.40,21.11,64.64,43.75,124,0.00,0.00,0.00,3
2022/5/11 18:24:50,0.00,0.00,22.40,923.77,20.97,64.88,49.83,124,0.00,0.00,0.00,9
2022/5/11 18:25:10,0.00,0.00,22.45,924.16,20.78,65.55,43.85,124,0.00,0.00,0.00,22
2022/5/11 18:25:20,0.00,0.00,22.47,923.77,20.66,66.07,49.50,123,0.00,0.00,0.00,28
2022/5/11 18:25:30,0.00,0.00,22.45,923.77,20.61,66.28,42.67,124,0.00,0.00,0.00,34
2022/5/11 18:25:40,0.00,0.00,22.46,924.01,20.57,66.43,45.50,124,0.00,0.00,0.00,40
2022/5/11 18:26:10,0.00,0.00,22.51,923.80,20.52,66.59,42.89,124,0.00,0.00,0.00,59
2022/5/11 18:26:20,0.00,0.00,22.54,923.77,20.48,66.72,49.33,124,0.00,0.00,0.00,65
2022/5/11 18:26:30,0.00,0.00,22.56,923.52,20.46,66.77,37.50,124,0.00,0.00,0.00,71
2022/5/11 18:26:40,0.00,0.00,22.56,923.77,20.43,66.81,32.83,124,0.00,0.00,0.00,77
2022/5/11 18:27:10,0.00,0.00,22.56,923.57,20.43,66.91,41.00,124,0.00,0.00,0.00,96
2022/5/11 18:27:20,0.00,0.00,22.55,923.77,20.43,67.03,41.83,124,0.00,0.00,0.00,102
2022/5/11 18:27:30,0.00,0.00,22.51,923.77,20.43,67.08,39.83,124,0.00,0.00,0.00,108
2022/5/11 18:28:0,0.00,0.00,22.51,923.65,20.42,67.14,44.68,123,0.00,0.00,0.00,127
2022/5/11 18:28:10,0.00,0.00,22.50,923.77,20.41,67.22,51.17,124,0.00,0.00,0.00,133
2022/5/11 18:28:20,0.00,0.00,22.50,923.28,20.41,67.25,49.83,124,0.00,0.00,0.00,139
2022/5/11 18:28:50,0.00,0.00,22.50,923.73,20.41,67.32,38.37,124,0.00,0.00,0.00,158
2022/5/11 18:29:0,0.00,0.00,22.52,923.03,20.41,67.39,41.83,124,0.00,0.00,0.00,164
2022/5/11 18:29:10,0.00,0.00,22.50,923.77,20.41,67.39,38.83,123,0.00,0.00,0.00,170
2022/5/11 18:29:20,0.00,0.00,22.50,923.77,20.41,67.42,49.50,124,0.00,0.00,0.00,176
2022/5/11 18:29:40,0.00,0.00,22.51,923.82,20.37,67.46,46.08,124,0.00,0.00,0.00,189
2022/5/11 18:29:50,0.00,0.00,22.50,924.01,20.36,67.49,34.33,123,0.00,0.00,0.00,195
2022/5/11 18:30:0,0.00,0.00,22.50,923.28,20.35,67.52,47.00,124,0.00,0.00,0.00,201
2022/5/11 18:30:10,0.00,0.00,22.50,923.77,20.35,67.54,42.50,124,0.00,0.00,0.00,207
2022/5/11 18:30:40,0.00,0.00,22.49,923.73,20.33,67.57,40.26,123,0.00,0.00,0.00,226
2022/5/11 18:30:50,0.00,0.00,22.49,923.28,20.32,67.60,43.83,124,0.00,0.00,0.00,232
2022/5/11 18:31:0,0.00,0.00,22.48,923.77,20.31,67.62,39.33,124,0.00,0.00,0.00,238
2022/5/11 18:31:10,0.00,0.00,22.47,923.52,20.31,67.62,46.33,124,0.00,0.00,0.00,244
2022/5/11 18:31:40,0.00,0.00,22.48,923.80,20.30,67.64,40.16,124,0.00,0.00,0.00,263
2022/5/11 18:31:50,0.00,0.00,22.49,923.52,20.29,67.67,37.17,124,0.00,0.00,0.00,269
2022/5/11 18:32:0,0.00,0.00,22.49,923.28,20.29,67.69,41.17,123,0.00,0.00,0.00,275
2022/5/11 18:32:30,0.00,0.00,22.46,923.65,20.28,67.74,39.16,124,0.00,0.00,0.00,294
2022/5/11 18:32:40,0.00,0.00,22.47,923.77,20.27,67.79,35.83,123,0.00,0.00,0.00,300
2022/5/11 18:32:50,0.00,0.00,22.47,923.52,20.27,67.82,48.00,124,0.00,0.00,0.00,306
2022/5/11 18:33:20,0.00,0.00,22.49,923.57,20.27,67.87,44.32,124,0.00,0.00,0.00,325
2022/5/11 18:33:30,0.00,0.00,22.46,923.52,20.27,68.11,47.33,123,0.00,0.00,0.00,331
2022/5/11 20:7:10,0.00,0.00,22.97,924.50,21.29,66.48,55.25,124,0.00,0.00,0.00,3
2022/5/11 20:7:20,0.00,0.00,22.98,924.25,21.14,66.69,40.17,124,0.00,0.00,0.00,9
2022/5/11 20:7:50,0.00,0.00,23.09,924.65,20.91,116.50,44.74,124,0.00,0.00,0.00,28
2022/5/11 20:8:0,0.00,0.00,23.12,924.25,20.79,68.04,36.17,124,0.00,0.00,0.00,34
2022/5/11 20:8:10,0.00,0.00,23.14,924.25,20.75,68.16,44.00,123,0.00,0.00,0.00,40
2022/5/11 20:8:20,0.00,0.00,23.16,924.50,20.73,68.32,40.50,124,0.00,0.00,0.00,46
2022/5/11 20:8:50,0.00,0.00,23.12,924.42,20.69,68.56,40.42,123,0.00,0.00,0.00,65
2022/5/11 20:9:0,0.00,0.00,23.14,924.74,20.67,68.64,45.00,124,0.00,0.00,0.00,71
2022/5/11 20:9:10,0.00,0.00,23.14,924.25,20.66,68.68,40.17,123,0.00,0.00,0.00,77
2022/5/11 20:9:40,0.00,0.00,23.17,924.50,20.65,68.78,40.47,124,0.00,0.00,0.00,96
2022/5/11 20:9:50,0.00,0.00,23.16,924.50,20.64,68.82,45.33,124,0.00,0.00,0.00,102
2022/5/11 20:10:0,0.00,0.00,23.21,924.50,20.63,68.85,40.00,124,0.00,0.00,0.00,108
2022/5/11 20:10:30,0.00,0.00,23.29,924.42,20.62,69.00,41.05,124,0.00,0.00,0.00,127
2022/5/11 20:10:40,0.00,0.00,23.31,924.50,20.62,69.04,45.17,124,0.00,0.00,0.00,133
2022/5/11 20:10:50,0.00,0.00,23.36,924.50,20.61,69.09,45.00,124,0.00,0.00,0.00,139
2022/5/11 20:11:20,0.00,0.00,23.38,924.34,20.61,69.10,42.47,124,0.00,0.00,0.00,158
2022/5/11 20:11:30,0.00,0.00,23.39,924.50,20.60,69.08,39.17,123,0.00,0.00,0.00,164
2022/5/11 20:11:40,0.00,0.00,23.43,924.50,20.60,69.14,38.67,124,0.00,0.00,0.00,170
2022/5/11 20:11:50,0.00,0.00,23.40,924.25,20.59,69.12,42.17,124,0.00,0.00,0.00,176
2022/5/11 20:12:20,0.00,0.00,23.37,924.58,20.58,69.15,42.16,124,0.00,0.00,0.00,195
2022/5/11 20:12:30,0.00,0.00,23.35,924.50,20.58,69.23,45.00,124,0.00,0.00,0.00,201
2022/5/11 20:12:40,0.00,0.00,23.37,924.50,20.58,69.23,41.83,124,0.00,0.00,0.00,207
2022/5/11 20:13:10,0.00,0.00,23.36,924.50,20.57,69.34,38.89,124,0.00,0.00,0.00,226
2022/5/11 20:13:20,0.00,0.00,23.40,924.50,20.56,69.48,45.17,124,0.00,0.00,0.00,232
2022/5/11 20:13:30,0.00,0.00,23.44,924.50,20.56,69.61,40.67,123,0.00,0.00,0.00,238
2022/5/11 20:14:0,0.00,0.00,23.40,924.81,20.55,69.69,46.05,124,0.00,0.00,0.00,257
2022/5/11 20:14:10,0.00,0.00,23.41,924.50,20.55,69.68,41.17,124,0.00,0.00,0.00,263
2022/5/11 20:14:20,0.00,0.00,23.40,924.74,20.54,69.70,43.17,124,0.00,0.00,0.00,269
2022/5/11 20:14:30,0.00,0.00,23.37,924.50,20.54,69.75,32.17,124,0.00,0.00,0.00,275
2022/5/11 20:15:0,0.00,0.00,23.38,924.58,20.54,69.80,39.11,124,0.00,0.00,0.00,294
2022/5/11 20:15:10,0.00,0.00,23.37,924.25,20.55,69.81,40.17,124,0.00,0.00,0.00,300
2022/5/11 20:15:20,0.00,0.00,23.35,924.50,20.54,69.81,39.00,124,0.00,0.00,0.00,306
teste
