2022/6/21 0:0:54,0.00,0.00,22.95,924.30,19.02,68.96,138.64,83,0.00,0.00,0.00,98175
2022/6/21 0:2:44,0.00,0.00,22.94,924.05,19.03,68.91,140.54,84,0.00,0.00,0.00,98234
2022/6/21 0:4:34,0.00,0.00,22.91,924.28,19.03,68.93,135.98,83,0.00,0.00,0.00,98293
2022/6/21 0:6:25,0.00,0.00,22.89,924.23,19.04,69.11,143.71,83,0.00,0.00,0.00,98352
2022/6/21 0:8:15,0.00,0.00,22.93,924.20,19.04,69.23,129.10,83,0.00,0.00,0.00,98411
2022/6/21 0:11:56,0.00,0.00,22.97,924.10,19.05,69.44,133.68,84,0.00,0.00,0.00,98529
2022/6/21 0:13:46,0.00,0.00,22.97,924.32,19.06,69.23,131.78,83,0.00,0.00,0.00,98588
2022/6/21 0:15:37,0.00,0.00,22.97,924.27,19.07,69.15,145.68,83,0.00,0.00,0.00,98647
2022/6/21 0:17:27,0.00,0.00,22.97,924.18,19.07,69.18,138.80,83,0.00,0.00,0.00,98706
2022/6/21 0:19:18,0.00,0.00,22.97,923.88,19.08,69.24,139.07,83,0.00,0.00,0.00,98765
2022/6/21 0:21:8,0.00,0.00,22.95,923.93,19.08,69.37,141.05,83,0.00,0.00,0.00,98824
2022/6/21 0:22:58,0.00,0.00,22.94,924.23,19.08,69.55,139.93,83,0.00,0.00,0.00,98883
2022/6/21 0:24:49,0.00,0.00,22.97,924.05,19.09,69.54,138.76,83,0.00,0.00,0.00,98942
2022/6/21 0:26:39,0.00,0.00,22.98,924.15,19.09,69.30,137.10,83,0.00,0.00,0.00,99001
2022/6/21 0:28:30,0.00,0.00,23.00,924.05,19.10,69.19,142.25,83,0.00,0.00,0.00,99060
2022/6/21 0:30:20,0.00,0.00,23.01,924.20,19.10,69.16,140.42,83,0.00,0.00,0.00,99119
2022/6/21 0:32:10,0.00,0.00,22.99,924.15,19.11,69.25,139.34,83,0.00,0.00,0.00,99178
2022/6/21 0:34:1,0.00,0.00,22.98,924.25,19.11,69.35,138.92,83,0.00,0.00,0.00,99237
2022/6/21 0:35:51,0.00,0.00,22.98,924.57,19.11,69.59,140.83,83,0.00,0.00,0.00,99296
2022/6/21 0:37:41,0.00,0.00,23.00,924.57,19.11,69.59,133.22,83,0.00,0.00,0.00,99355
2022/6/21 0:39:32,0.00,0.00,23.02,924.37,19.12,69.44,156.75,83,0.00,0.00,0.00,99414
2022/6/21 0:41:22,0.00,0.00,23.06,924.30,19.12,69.32,127.32,83,0.00,0.00,0.00,99473
2022/6/21 0:43:12,0.00,0.00,23.04,924.50,19.12,69.32,139.32,83,0.00,0.00,0.00,99532
2022/6/21 0:45:3,0.00,0.00,23.04,924.42,19.13,69.35,144.14,83,0.00,0.00,0.00,99591
2022/6/21 0:46:53,0.00,0.00,23.06,924.52,19.13,69.50,136.05,83,0.00,0.00,0.00,99650
2022/6/21 0:48:43,0.00,0.00,23.03,924.50,19.13,69.64,140.08,83,0.00,0.00,0.00,99709
2022/6/21 0:50:34,0.00,0.00,23.01,924.47,19.13,69.82,140.32,83,0.00,0.00,0.00,99768
2022/6/21 0:52:24,0.00,0.00,23.05,924.65,19.14,69.62,143.05,83,0.00,0.00,0.00,99827
2022/6/21 0:54:14,0.00,0.00,23.07,924.60,19.14,69.52,138.36,83,0.00,0.00,0.00,99886
2022/6/21 0:56:5,0.00,0.00,23.06,924.55,19.14,69.47,139.58,83,0.00,0.00,0.00,99945
2022/6/21 0:57:55,0.00,0.00,23.05,924.52,19.14,69.52,142.07,83,0.00,0.00,0.00,100004
2022/6/21 0:59:45,0.00,0.00,23.03,924.50,19.15,69.61,142.76,83,0.00,0.00,0.00,100063
2022/6/21 1:1:36,0.00,0.00,23.01,924.55,19.15,69.79,140.37,83,0.00,0.00,0.00,100122
2022/6/21 1:3:26,0.00,0.00,23.01,924.62,19.15,69.78,140.66,83,0.00,0.00,0.00,100181
2022/6/21 1:5:17,0.00,0.00,23.04,924.57,19.15,69.71,140.63,83,0.00,0.00,0.00,100240
2022/6/21 1:7:7,0.00,0.00,23.07,924.55,19.15,69.65,142.37,83,0.00,0.00,0.00,100299
2022/6/21 1:8:57,0.00,0.00,23.06,924.52,19.15,69.61,140.54,83,0.00,0.00,0.00,100358
2022/6/21 1:10:48,0.00,0.00,23.06,924.60,19.15,69.65,139.92,83,0.00,0.00,0.00,100417
2022/6/21 1:12:38,0.00,0.00,23.06,924.65,19.16,69.78,142.07,83,0.00,0.00,0.00,100476
2022/6/21 1:14:28,0.00,0.00,23.05,924.45,19.16,69.80,140.42,83,0.00,0.00,0.00,100535
2022/6/21 1:16:19,0.00,0.00,23.03,924.42,19.16,70.02,146.69,83,0.00,0.00,0.00,100594
2022/6/21 1:18:9,0.00,0.00,23.06,924.55,19.16,69.95,143.69,83,0.00,0.00,0.00,100653
2022/6/21 1:19:59,0.00,0.00,23.08,924.55,19.17,69.86,140.08,83,0.00,0.00,0.00,100712
2022/6/21 1:21:50,0.00,0.00,23.05,924.57,19.17,69.84,133.46,83,0.00,0.00,0.00,100771
2022/6/21 1:23:40,0.00,0.00,23.04,924.60,19.18,69.87,133.53,83,0.00,0.00,0.00,100830
2022/6/21 1:25:30,0.00,0.00,23.06,924.57,19.18,69.93,128.92,83,0.00,0.00,0.00,100889
2022/6/21 1:27:21,0.00,0.00,23.08,924.57,19.17,69.98,139.68,83,0.00,0.00,0.00,100948
2022/6/21 1:29:11,0.00,0.00,23.07,924.50,19.17,70.09,142.61,83,0.00,0.00,0.00,101007
2022/6/21 1:31:1,0.00,0.00,23.09,924.60,19.18,70.10,138.15,83,0.00,0.00,0.00,101066
2022/6/21 1:32:52,0.00,0.00,23.08,924.47,19.18,70.04,149.95,83,0.00,0.00,0.00,101125
2022/6/21 1:34:42,0.00,0.00,23.11,924.55,19.18,69.98,142.80,83,0.00,0.00,0.00,101184
2022/6/21 1:36:32,0.00,0.00,23.09,924.57,19.18,70.03,144.51,83,0.00,0.00,0.00,101243
2022/6/21 1:38:23,0.00,0.00,23.09,924.60,19.19,70.24,141.71,83,0.00,0.00,0.00,101302
2022/6/21 1:40:13,0.00,0.00,23.08,924.60,19.19,70.35,136.98,83,0.00,0.00,0.00,101361
2022/6/21 1:42:4,0.00,0.00,23.07,924.67,19.19,70.41,138.71,83,0.00,0.00,0.00,101420
2022/6/21 1:43:54,0.00,0.00,23.07,924.62,19.19,70.42,140.29,83,0.00,0.00,0.00,101479
2022/6/21 1:45:44,0.00,0.00,23.11,924.62,19.19,70.25,138.61,83,0.00,0.00,0.00,101538
2022/6/21 1:47:35,0.00,0.00,23.08,924.75,19.20,70.22,141.53,83,0.00,0.00,0.00,101597
2022/6/21 1:49:25,0.00,0.00,23.06,924.75,19.20,70.27,140.69,83,0.00,0.00,0.00,101656
2022/6/21 1:51:15,0.00,0.00,23.01,924.67,19.20,70.38,143.46,83,0.00,0.00,0.00,101715
2022/6/21 1:53:6,0.00,0.00,23.00,924.65,19.20,70.34,139.83,83,0.00,0.00,0.00,101774
2022/6/21 1:54:56,0.00,0.00,23.00,924.65,19.20,70.47,138.02,83,0.00,0.00,0.00,101833
2022/6/21 1:56:46,0.00,0.00,23.02,924.62,19.21,70.44,142.54,83,0.00,0.00,0.00,101892
2022/6/21 1:58:37,0.00,0.00,23.04,924.67,19.21,70.52,130.32,83,0.00,0.00,0.00,101951
2022/6/21 2:0:27,0.00,0.00,23.06,924.65,19.21,70.40,140.02,83,0.00,0.00,0.00,102010
2022/6/21 2:2:17,0.00,0.00,23.06,924.55,19.21,70.30,148.95,83,0.00,0.00,0.00,102069
2022/6/21 2:4:8,0.00,0.00,23.03,924.70,19.21,70.30,139.36,83,0.00,0.00,0.00,102128
2022/6/21 2:5:58,0.00,0.00,23.03,924.65,19.21,70.41,139.05,83,0.00,0.00,0.00,102187
2022/6/21 2:7:48,0.00,0.00,23.06,924.57,19.21,70.49,141.59,83,0.00,0.00,0.00,102246
2022/6/21 2:9:39,0.00,0.00,23.04,924.40,19.22,70.61,141.92,83,0.00,0.00,0.00,102305
2022/6/21 2:11:29,0.00,0.00,23.06,923.55,19.22,70.46,139.92,83,0.00,0.00,0.00,102364
2022/6/21 2:13:20,0.00,0.00,23.07,923.53,19.22,70.36,137.93,83,0.00,0.00,0.00,102423
2022/6/21 2:15:10,0.00,0.00,23.07,923.58,19.22,70.40,141.31,83,0.00,0.00,0.00,102482
2022/6/21 2:17:0,0.00,0.00,23.10,923.53,19.22,70.45,141.15,83,0.00,0.00,0.00,102541
2022/6/21 2:18:51,0.00,0.00,23.10,923.63,19.23,70.57,143.31,83,0.00,0.00,0.00,102600
2022/6/21 2:20:41,0.00,0.00,23.09,923.48,19.23,70.63,140.69,84,0.00,0.00,0.00,102659
2022/6/21 2:22:31,0.00,0.00,23.12,923.63,19.23,70.67,143.05,83,0.00,0.00,0.00,102718
2022/6/21 2:24:22,0.00,0.00,23.13,923.53,19.23,70.62,132.97,83,0.00,0.00,0.00,102777
2022/6/21 2:26:12,0.00,0.00,23.12,923.58,19.23,70.56,151.22,83,0.00,0.00,0.00,102836
2022/6/21 2:28:2,0.00,0.00,23.12,923.38,19.23,70.50,141.92,83,0.00,0.00,0.00,102895
2022/6/21 2:29:53,0.00,0.00,23.09,923.43,19.24,70.58,140.69,83,0.00,0.00,0.00,102954
2022/6/21 2:31:43,0.00,0.00,23.08,923.58,19.24,70.69,133.63,83,0.00,0.00,0.00,103013
2022/6/21 2:33:33,0.00,0.00,23.07,923.53,19.24,70.70,143.34,83,0.00,0.00,0.00,103072
2022/6/21 2:35:24,0.00,0.00,23.07,923.45,19.24,70.73,161.73,83,0.00,0.00,0.00,103131
2022/6/21 2:37:14,0.00,0.00,23.11,923.50,19.24,70.62,144.42,83,0.00,0.00,0.00,103190
2022/6/21 2:39:4,0.00,0.00,23.11,923.50,19.24,70.55,138.39,83,0.00,0.00,0.00,103249
2022/6/21 2:40:55,0.00,0.00,23.08,923.38,19.25,70.54,163.08,83,0.00,0.00,0.00,103308
2022/6/21 2:42:45,0.00,0.00,23.07,923.36,19.25,70.57,130.42,83,0.00,0.00,0.00,103367
2022/6/21 2:44:36,0.00,0.00,23.09,923.45,19.25,70.60,148.66,83,0.00,0.00,0.00,103426
2022/6/21 2:46:26,0.00,0.00,23.10,923.21,19.25,70.60,141.36,83,0.00,0.00,0.00,103485
2022/6/21 2:48:16,0.00,0.00,23.09,923.38,19.25,70.60,139.90,83,0.00,0.00,0.00,103544
2022/6/21 2:50:7,0.00,0.00,23.09,923.41,19.25,70.48,139.46,83,0.00,0.00,0.00,103603
2022/6/21 2:51:57,0.00,0.00,23.06,923.33,19.25,70.39,141.56,83,0.00,0.00,0.00,103662
2022/6/21 2:53:47,0.00,0.00,23.06,923.33,19.25,70.34,144.25,83,0.00,0.00,0.00,103721
2022/6/21 2:55:38,0.00,0.00,23.06,923.31,19.25,70.27,146.34,83,0.00,0.00,0.00,103780
2022/6/21 2:57:28,0.00,0.00,23.07,923.38,19.25,70.26,144.76,83,0.00,0.00,0.00,103839
2022/6/21 2:59:18,0.00,0.00,23.08,923.26,19.25,70.21,144.32,83,0.00,0.00,0.00,103898
2022/6/21 3:1:9,0.00,0.00,23.06,923.31,19.25,70.12,137.54,83,0.00,0.00,0.00,103957
2022/6/21 3:2:59,0.00,0.00,23.10,923.33,19.25,70.04,143.31,83,0.00,0.00,0.00,104016
2022/6/21 3:4:49,0.00,0.00,23.09,923.28,19.25,69.92,147.90,83,0.00,0.00,0.00,104075
2022/6/21 3:6:40,0.00,0.00,23.07,923.26,19.25,69.86,140.07,83,0.00,0.00,0.00,104134
2022/6/21 3:8:30,0.00,0.00,23.05,923.33,19.24,69.85,139.90,83,0.00,0.00,0.00,104193
2022/6/21 3:10:20,0.00,0.00,23.02,923.36,19.24,69.88,140.92,83,0.00,0.00,0.00,104252
2022/6/21 3:12:11,0.00,0.00,23.05,923.28,19.24,70.00,144.49,83,0.00,0.00,0.00,104311
2022/6/21 3:14:1,0.00,0.00,23.04,923.31,19.23,70.01,141.20,83,0.00,0.00,0.00,104370
2022/6/21 3:15:52,0.00,0.00,23.05,923.28,19.24,70.00,140.27,83,0.00,0.00,0.00,104429
2022/6/21 3:17:42,0.00,0.00,23.07,923.41,19.24,69.95,139.17,83,0.00,0.00,0.00,104488
2022/6/21 3:19:32,0.00,0.00,23.08,923.31,19.24,69.94,140.14,83,0.00,0.00,0.00,104547
2022/6/21 3:21:23,0.00,0.00,23.10,923.21,19.24,69.97,141.46,83,0.00,0.00,0.00,104606
2022/6/21 3:23:13,0.00,0.00,23.09,923.41,19.23,69.94,142.36,83,0.00,0.00,0.00,104665
2022/6/21 3:25:3,0.00,0.00,23.10,923.38,19.23,70.03,138.80,83,0.00,0.00,0.00,104724
2022/6/21 3:26:54,0.00,0.00,23.08,923.31,19.22,70.00,143.27,83,0.00,0.00,0.00,104783
2022/6/21 3:28:44,0.00,0.00,23.04,923.26,19.23,69.92,141.03,83,0.00,0.00,0.00,104842
2022/6/21 3:30:34,0.00,0.00,23.08,923.21,19.23,69.90,141.22,83,0.00,0.00,0.00,104901
2022/6/21 3:32:25,0.00,0.00,23.11,923.28,19.23,69.84,139.31,83,0.00,0.00,0.00,104960
2022/6/21 3:36:5,0.00,0.00,23.07,923.18,19.23,69.80,142.19,83,0.00,0.00,0.00,105078
2022/6/21 3:37:56,0.00,0.00,23.06,923.26,19.23,69.89,142.00,83,0.00,0.00,0.00,105137
2022/6/21 3:39:46,0.00,0.00,23.03,923.18,19.23,70.00,139.08,83,0.00,0.00,0.00,105196
2022/6/21 3:41:36,0.00,0.00,23.05,923.23,19.23,70.26,124.46,83,0.00,0.00,0.00,105255
2022/6/21 3:43:27,0.00,0.00,23.07,923.13,19.23,70.20,148.71,83,0.00,0.00,0.00,105314
2022/6/21 3:45:17,0.00,0.00,23.11,923.23,19.23,70.09,108.49,83,0.00,0.00,0.00,105373
2022/6/21 3:47:7,0.00,0.00,23.12,923.13,19.23,70.03,136.71,83,0.00,0.00,0.00,105432
2022/6/21 3:48:58,0.00,0.00,23.11,923.16,19.23,70.04,138.49,83,0.00,0.00,0.00,105491
2022/6/21 3:50:48,0.00,0.00,23.12,923.28,19.24,70.05,138.54,83,0.00,0.00,0.00,105550
2022/6/21 3:52:39,0.00,0.00,23.12,923.18,19.23,70.04,136.24,83,0.00,0.00,0.00,105609
2022/6/21 3:54:29,0.00,0.00,23.08,923.06,19.23,70.12,140.15,83,0.00,0.00,0.00,105668
2022/6/21 3:56:19,0.00,0.00,23.06,922.93,19.23,70.18,144.68,83,0.00,0.00,0.00,105727
2022/6/21 3:58:10,0.00,0.00,23.06,922.98,19.23,70.20,140.05,83,0.00,0.00,0.00,105786
2022/6/21 4:0:0,0.00,0.00,23.07,922.61,19.23,70.19,142.37,83,0.00,0.00,0.00,105845
2022/6/21 4:1:50,0.00,0.00,23.03,922.58,19.22,70.17,139.78,83,0.00,0.00,0.00,105904
2022/6/21 4:3:41,0.00,0.00,23.03,922.29,19.22,70.13,146.29,83,0.00,0.00,0.00,105963
2022/6/21 4:5:31,0.00,0.00,23.02,922.24,19.21,70.09,148.75,83,0.00,0.00,0.00,106022
2022/6/21 4:7:21,0.00,0.00,22.99,922.06,19.21,69.99,138.46,83,0.00,0.00,0.00,106081
2022/6/21 4:9:12,0.00,0.00,23.01,922.26,19.20,69.89,134.51,83,0.00,0.00,0.00,106140
2022/6/21 4:11:2,0.00,0.00,23.01,922.04,19.19,69.86,150.86,83,0.00,0.00,0.00,106199
2022/6/21 4:12:52,0.00,0.00,22.99,922.16,19.19,69.84,138.47,83,0.00,0.00,0.00,106258
2022/6/21 4:14:43,0.00,0.00,22.97,922.16,19.19,69.84,136.78,83,0.00,0.00,0.00,106317
2022/6/21 4:16:33,0.00,0.00,22.95,922.06,19.18,69.86,134.27,83,0.00,0.00,0.00,106376
2022/6/21 4:18:23,0.00,0.00,22.94,922.09,19.18,69.89,133.41,83,0.00,0.00,0.00,106435
2022/6/21 4:20:14,0.00,0.00,22.93,922.24,19.17,69.90,139.93,83,0.00,0.00,0.00,106494
2022/6/21 4:22:4,0.00,0.00,22.95,922.06,19.17,69.89,155.44,83,0.00,0.00,0.00,106553
2022/6/21 4:23:54,0.00,0.00,22.95,922.26,19.17,69.88,139.56,83,0.00,0.00,0.00,106612
2022/6/21 4:25:45,0.00,0.00,22.95,922.14,19.16,69.79,134.81,83,0.00,0.00,0.00,106671
2022/6/21 4:27:35,0.00,0.00,22.94,922.09,19.16,69.72,132.19,83,0.00,0.00,0.00,106730
2022/6/21 4:29:26,0.00,0.00,22.91,921.99,19.15,69.65,150.12,83,0.00,0.00,0.00,106789
2022/6/21 4:31:16,0.00,0.00,22.92,922.01,19.15,69.61,142.12,83,0.00,0.00,0.00,106848
2022/6/21 4:33:6,0.00,0.00,22.91,921.96,19.14,69.60,132.34,83,0.00,0.00,0.00,106907
2022/6/21 4:34:57,0.00,0.00,22.89,921.99,19.14,69.59,134.66,83,0.00,0.00,0.00,106966
2022/6/21 4:36:47,0.00,0.00,22.86,921.99,19.14,69.57,139.36,83,0.00,0.00,0.00,107025
2022/6/21 4:38:37,0.00,0.00,22.86,921.99,19.13,69.52,140.19,83,0.00,0.00,0.00,107084
2022/6/21 4:40:28,0.00,0.00,22.88,922.14,19.13,69.51,154.69,84,0.00,0.00,0.00,107143
2022/6/21 4:42:18,0.00,0.00,22.86,922.14,19.13,69.49,121.83,84,0.00,0.00,0.00,107202
2022/6/21 4:44:8,0.00,0.00,22.84,922.19,19.12,69.50,124.81,83,0.00,0.00,0.00,107261
2022/6/21 4:45:59,0.00,0.00,22.89,922.09,19.12,69.52,163.66,83,0.00,0.00,0.00,107320
2022/6/21 4:47:49,0.00,0.00,22.92,922.41,19.12,69.58,118.05,84,0.00,0.00,0.00,107379
2022/6/21 4:49:39,0.00,0.00,22.91,921.99,19.11,69.60,140.83,83,0.00,0.00,0.00,107438
2022/6/21 4:51:30,0.00,0.00,22.89,921.86,19.11,69.60,140.53,83,0.00,0.00,0.00,107497
2022/6/21 4:53:20,0.00,0.00,22.91,921.81,19.10,69.60,140.85,83,0.00,0.00,0.00,107556
2022/6/21 4:55:10,0.00,0.00,22.91,921.81,19.10,69.53,160.17,83,0.00,0.00,0.00,107615
2022/6/21 4:57:1,0.00,0.00,22.91,921.81,19.10,69.50,111.93,83,0.00,0.00,0.00,107674
2022/6/21 4:58:51,0.00,0.00,22.87,921.94,19.10,69.50,148.92,83,0.00,0.00,0.00,107733
2022/6/21 5:0:41,0.00,0.00,22.87,921.84,19.09,69.49,141.36,83,0.00,0.00,0.00,107792
2022/6/21 5:2:32,0.00,0.00,22.88,921.96,19.08,69.41,151.08,83,0.00,0.00,0.00,107851
2022/6/21 5:4:22,0.00,0.00,22.89,921.79,19.08,69.39,150.36,83,0.00,0.00,0.00,107910
2022/6/21 5:6:13,0.00,0.00,22.85,921.79,19.08,69.35,137.95,83,0.00,0.00,0.00,107969
2022/6/21 5:8:3,0.00,0.00,22.82,921.81,19.07,69.27,145.14,83,0.00,0.00,0.00,108028
2022/6/21 5:9:53,0.00,0.00,22.80,921.84,19.07,69.23,136.42,83,0.00,0.00,0.00,108087
2022/6/21 5:11:44,0.00,0.00,22.77,921.77,19.06,69.15,140.39,83,0.00,0.00,0.00,108146
2022/6/21 5:13:34,0.00,0.00,22.78,921.57,19.06,69.14,141.39,83,0.00,0.00,0.00,108205
2022/6/21 5:15:24,0.00,0.00,22.81,921.77,19.06,69.13,143.15,83,0.00,0.00,0.00,108264
2022/6/21 5:17:15,0.00,0.00,22.88,921.72,19.07,69.12,135.54,83,0.00,0.00,0.00,108323
2022/6/21 5:19:5,0.00,0.00,22.90,921.59,19.07,69.09,138.36,83,0.00,0.00,0.00,108382
2022/6/21 5:20:55,0.00,0.00,22.90,921.72,19.07,69.10,146.32,83,0.00,0.00,0.00,108441
2022/6/21 5:22:46,0.00,0.00,22.93,921.42,19.07,69.09,138.22,83,0.00,0.00,0.00,108500
2022/6/21 5:24:36,0.00,0.00,22.94,921.09,19.08,69.02,140.90,83,0.00,0.00,0.00,108559
2022/6/21 5:26:26,0.00,0.00,22.95,921.19,19.07,68.98,151.80,83,0.00,0.00,0.00,108618
2022/6/21 5:28:17,0.00,0.00,22.97,921.34,19.07,68.98,140.93,83,0.00,0.00,0.00,108677
2022/6/21 5:30:7,0.00,0.00,22.91,921.44,19.07,68.98,152.49,83,0.00,0.00,0.00,108736
2022/6/21 5:31:57,0.00,0.00,22.89,921.54,19.07,69.00,136.90,83,0.00,0.00,0.00,108795
2022/6/21 5:33:48,0.00,0.00,22.87,921.64,19.07,69.02,143.24,83,0.00,0.00,0.00,108854
2022/6/21 5:35:38,0.00,0.00,22.93,921.54,19.08,69.02,141.08,83,0.00,0.00,0.00,108913
2022/6/21 5:37:28,0.00,0.00,22.98,921.62,19.08,69.00,144.31,83,0.00,0.00,0.00,108972
2022/6/21 5:39:19,0.00,0.00,22.98,921.59,19.08,68.98,183.63,83,0.00,0.00,0.00,109031
2022/6/21 5:41:9,0.00,0.00,22.97,921.64,19.08,68.98,154.46,83,0.00,0.00,0.00,109090
2022/6/21 5:42:59,0.00,0.00,22.94,921.64,19.08,68.99,148.49,83,0.00,0.00,0.00,109149
2022/6/21 5:44:50,0.00,0.00,22.88,921.64,19.08,68.98,143.14,84,0.00,0.00,0.00,109208
2022/6/21 5:46:40,0.00,0.00,22.91,921.72,19.08,69.01,128.44,84,0.00,0.00,0.00,109267
2022/6/21 5:48:30,0.00,0.00,22.92,921.52,19.08,69.02,130.20,83,0.00,0.00,0.00,109326
2022/6/21 5:50:21,0.00,0.00,22.96,921.02,19.08,68.99,140.12,83,0.00,0.00,0.00,109385
2022/6/21 5:52:11,0.00,0.00,22.95,920.67,19.09,68.96,162.56,83,0.00,0.00,0.00,109444
2022/6/21 5:54:2,0.00,0.00,22.94,920.67,19.08,68.99,170.12,83,0.00,0.00,0.00,109503
2022/6/21 5:55:52,0.00,0.00,22.92,920.65,19.08,69.04,144.58,83,0.00,0.00,0.00,109562
2022/6/21 5:57:42,0.00,0.00,22.89,920.62,19.09,69.12,144.90,83,0.00,0.00,0.00,109621
2022/6/21 5:59:33,0.00,0.00,22.93,920.50,19.09,69.11,143.03,83,0.00,0.00,0.00,109680
2022/6/21 6:1:23,0.00,0.00,22.92,920.50,19.09,69.07,142.27,83,0.00,0.00,0.00,109739
2022/6/21 6:3:13,0.00,0.00,22.93,920.42,19.09,69.07,141.97,83,0.00,0.00,0.00,109798
2022/6/21 6:5:4,0.00,0.00,22.93,920.45,19.09,69.15,141.83,83,0.00,0.00,0.00,109857
2022/6/21 6:6:54,0.00,0.00,22.90,920.40,19.09,69.26,145.03,83,0.00,0.00,0.00,109916
2022/6/21 6:8:44,0.00,0.00,22.89,920.40,19.09,69.27,144.64,83,0.00,0.00,0.00,109975
2022/6/21 6:10:35,0.00,0.00,22.91,920.25,19.09,69.28,143.14,83,0.00,0.00,0.00,110034
2022/6/21 6:12:25,0.00,0.00,22.97,920.40,19.10,69.23,144.37,83,0.00,0.00,0.00,110093
2022/6/21 6:16:33,0.00,0.00,22.69,920.25,19.09,69.19,162.56,83,0.00,0.00,0.00,58
2022/6/21 6:18:23,0.00,0.00,22.55,920.27,19.09,69.17,118.37,83,0.00,0.00,0.00,117
2022/6/21 6:20:14,0.00,0.00,22.51,920.45,19.09,69.19,127.66,83,0.00,0.00,0.00,176
2022/6/21 6:22:4,0.00,0.00,22.50,920.32,19.08,69.24,139.69,83,0.00,0.00,0.00,235
2022/6/21 6:23:54,0.00,0.00,22.51,920.40,19.08,69.38,126.17,83,0.00,0.00,0.00,294
2022/6/21 6:25:45,0.00,0.00,22.56,920.60,19.08,69.51,134.20,83,0.00,0.00,0.00,353
2022/6/21 6:27:35,0.00,0.00,22.64,920.35,19.08,69.61,138.08,83,0.00,0.00,0.00,412
2022/6/21 6:29:25,0.00,0.00,22.73,920.27,19.09,69.52,142.05,83,0.00,0.00,0.00,471
2022/6/21 6:31:16,0.00,0.00,22.78,920.37,19.09,69.54,136.54,83,0.00,0.00,0.00,530
2022/6/21 6:33:6,0.00,0.00,22.78,920.30,19.09,69.55,144.24,84,0.00,0.00,0.00,589
2022/6/21 6:34:57,0.00,0.00,22.78,920.40,19.10,69.59,140.14,83,0.00,0.00,0.00,648
2022/6/21 6:36:47,0.00,0.00,22.79,920.42,19.10,69.61,144.02,83,0.00,0.00,0.00,707
2022/6/21 6:38:37,0.00,0.00,22.81,920.27,19.10,69.69,139.58,83,0.00,0.00,0.00,766
2022/6/21 6:40:28,0.00,0.00,22.81,920.37,19.10,69.71,145.66,83,0.00,0.00,0.00,825
2022/6/21 6:42:18,0.00,0.00,22.82,920.40,19.10,69.85,144.20,83,0.00,0.00,0.00,884
2022/6/21 6:44:8,0.00,0.00,22.88,920.45,19.10,69.69,135.66,83,0.00,0.00,0.00,943
2022/6/21 6:45:59,0.00,0.00,22.90,920.35,19.11,69.72,151.49,83,0.00,0.00,0.00,1002
2022/6/21 6:47:49,0.00,0.00,22.90,920.37,19.11,69.72,141.54,83,0.00,0.00,0.00,1061
2022/6/21 6:49:39,0.00,0.00,22.90,920.45,19.11,69.74,138.31,83,0.00,0.00,0.00,1120
2022/6/21 6:51:30,0.00,0.00,22.87,920.37,19.11,69.85,141.76,83,0.00,0.00,0.00,1179
2022/6/21 6:53:20,0.00,0.00,22.87,920.52,19.11,69.95,143.58,83,0.00,0.00,0.00,1238
2022/6/21 6:55:10,0.00,0.00,22.87,920.32,19.11,69.82,144.36,83,0.00,0.00,0.00,1297
2022/6/21 6:57:1,0.00,0.00,22.89,920.45,19.11,69.74,136.73,83,0.00,0.00,0.00,1356
2022/6/21 6:58:51,0.00,0.00,22.94,920.27,19.10,69.71,139.05,83,0.00,0.00,0.00,1415
2022/6/21 7:0:41,0.00,0.00,22.92,920.35,19.10,69.70,144.44,83,0.00,0.00,0.00,1474
2022/6/21 7:2:32,0.00,0.00,22.93,920.35,19.10,69.65,138.29,83,0.00,0.00,0.00,1533
2022/6/21 7:4:22,0.00,0.00,22.90,920.40,19.09,69.63,150.49,83,0.00,0.00,0.00,1592
2022/6/21 7:6:12,0.00,0.00,22.83,920.42,19.09,69.60,135.51,83,0.00,0.00,0.00,1651
2022/6/21 7:8:3,0.00,0.00,22.84,920.40,19.09,69.64,140.31,83,0.00,0.00,0.00,1710
2022/6/21 7:9:53,0.00,0.00,22.82,920.30,19.08,69.69,125.44,83,0.00,0.00,0.00,1769
2022/6/21 7:11:44,0.00,0.00,22.81,920.32,19.07,69.69,154.71,83,0.00,0.00,0.00,1828
2022/6/21 7:13:34,0.00,0.00,22.81,920.42,19.07,69.73,137.46,83,0.00,0.00,0.00,1887
2022/6/21 7:15:24,0.00,0.00,22.81,920.35,19.07,69.74,135.41,83,0.00,0.00,0.00,1946
2022/6/21 7:17:15,0.00,0.00,22.78,920.35,19.06,69.74,135.68,83,0.00,0.00,0.00,2005
2022/6/21 7:19:5,0.00,0.00,22.72,920.37,19.05,69.70,118.03,83,0.00,0.00,0.00,2064
2022/6/21 7:20:55,0.00,0.00,22.72,920.37,19.05,69.67,164.05,83,0.00,0.00,0.00,2123
2022/6/21 7:22:46,0.00,0.00,22.71,920.40,19.04,69.65,127.10,83,0.00,0.00,0.00,2182
2022/6/21 7:24:36,0.00,0.00,22.67,920.35,19.04,69.62,150.83,83,0.00,0.00,0.00,2241
2022/6/21 7:26:26,0.00,0.00,22.68,920.45,19.04,69.59,150.10,83,0.00,0.00,0.00,2300
2022/6/21 7:28:17,0.00,0.00,22.66,920.35,19.03,69.55,139.34,83,0.00,0.00,0.00,2359
2022/6/21 7:30:7,0.00,0.00,22.66,920.32,19.03,69.50,125.81,83,0.00,0.00,0.00,2418
2022/6/21 7:31:57,0.00,0.00,22.64,920.32,19.02,69.51,140.37,83,0.00,0.00,0.00,2477
2022/6/21 7:33:48,0.00,0.00,22.62,920.30,19.01,69.47,121.66,83,0.00,0.00,0.00,2536
2022/6/21 7:35:38,0.00,0.00,22.62,920.32,19.01,69.43,121.56,83,0.00,0.00,0.00,2595
2022/6/21 7:37:28,0.00,0.00,22.64,920.37,19.01,69.39,137.36,83,0.00,0.00,0.00,2654
2022/6/21 7:39:19,0.00,0.00,22.61,920.37,19.00,69.36,140.56,83,0.00,0.00,0.00,2713
2022/6/21 7:41:9,0.00,0.00,22.58,920.45,19.00,69.32,126.66,83,0.00,0.00,0.00,2772
2022/6/21 7:42:59,0.00,0.00,22.59,921.47,19.00,69.34,146.92,83,0.00,0.00,0.00,2831
2022/6/21 7:44:50,0.00,0.00,22.58,921.79,18.99,69.36,112.78,83,0.00,0.00,0.00,2890
2022/6/21 7:46:40,0.00,0.00,22.58,922.34,18.99,69.35,135.75,83,0.00,0.00,0.00,2949
2022/6/21 7:48:30,0.00,0.00,22.60,922.71,18.99,69.34,135.61,83,0.00,0.00,0.00,3008
2022/6/21 7:50:21,0.00,0.00,22.61,922.26,18.99,69.29,137.27,83,0.00,0.00,0.00,3067
2022/6/21 7:52:11,0.00,0.00,22.59,921.99,18.98,69.19,157.85,83,0.00,0.00,0.00,3126
2022/6/21 7:54:1,0.00,0.00,22.55,921.94,18.98,69.09,139.41,83,0.00,0.00,0.00,3185
2022/6/21 7:55:52,0.00,0.00,22.54,921.91,18.97,69.06,143.42,83,0.00,0.00,0.00,3244
2022/6/21 7:57:42,0.00,0.00,22.52,921.89,18.97,69.04,141.56,83,0.00,0.00,0.00,3303
2022/6/21 7:59:33,0.00,0.00,22.54,921.91,18.96,69.04,137.29,83,0.00,0.00,0.00,3362
2022/6/21 8:1:23,0.00,0.00,22.55,921.96,18.95,69.01,144.58,83,0.00,0.00,0.00,3421
2022/6/21 8:3:13,0.00,0.00,22.53,921.84,18.94,69.04,161.97,83,0.00,0.00,0.00,3480
2022/6/21 8:5:4,0.00,0.00,22.54,921.89,18.94,69.09,140.81,83,0.00,0.00,0.00,3539
2022/6/21 8:6:54,0.00,0.00,22.51,921.79,18.94,69.09,143.27,83,0.00,0.00,0.00,3598
2022/6/21 8:8:44,0.00,0.00,22.51,921.89,18.93,69.14,137.98,83,0.00,0.00,0.00,3657
2022/6/21 8:10:35,0.00,0.00,22.51,921.94,18.93,69.18,139.44,83,0.00,0.00,0.00,3716
2022/6/21 8:12:25,0.00,0.00,22.54,921.86,18.93,69.16,137.42,83,0.00,0.00,0.00,3775
2022/6/21 8:14:15,0.00,0.00,22.51,921.84,18.92,69.17,141.42,83,0.00,0.00,0.00,3834
2022/6/21 8:16:6,0.00,0.00,22.54,921.77,18.91,69.23,151.68,84,0.00,0.00,0.00,3893
2022/6/21 8:17:56,0.00,0.00,22.54,921.77,18.91,69.28,135.41,83,0.00,0.00,0.00,3952
2022/6/21 8:19:46,0.00,0.00,22.55,921.84,18.91,69.32,139.20,83,0.00,0.00,0.00,4011
2022/6/21 8:21:37,0.00,0.00,22.51,921.84,18.90,69.36,136.90,83,0.00,0.00,0.00,4070
2022/6/21 8:23:27,0.00,0.00,22.52,921.77,18.90,69.43,143.07,83,0.00,0.00,0.00,4129
2022/6/21 8:25:17,0.00,0.00,22.53,921.79,18.90,69.45,149.66,83,0.00,0.00,0.00,4188
2022/6/21 8:27:8,0.00,0.00,22.54,921.77,18.89,69.49,142.31,83,0.00,0.00,0.00,4247
2022/6/21 8:28:58,0.00,0.00,22.50,921.77,18.89,69.52,146.51,83,0.00,0.00,0.00,4306
2022/6/21 8:30:48,0.00,0.00,22.54,921.81,18.89,69.55,120.27,83,0.00,0.00,0.00,4365
2022/6/21 8:32:39,0.00,0.00,22.54,921.84,18.89,69.57,147.08,83,0.00,0.00,0.00,4424
2022/6/21 8:34:29,0.00,0.00,22.55,921.74,18.88,69.57,144.02,83,0.00,0.00,0.00,4483
2022/6/21 8:36:19,0.00,0.00,22.49,921.79,18.88,69.57,144.73,83,0.00,0.00,0.00,4542
2022/6/21 8:38:10,0.00,0.00,22.50,921.67,18.88,69.56,140.75,83,0.00,0.00,0.00,4601
2022/6/21 8:40:0,0.00,0.00,22.50,921.74,18.88,69.58,143.90,83,0.00,0.00,0.00,4660
2022/6/21 8:41:50,0.00,0.00,22.50,921.64,18.87,69.57,139.47,83,0.00,0.00,0.00,4719
2022/6/21 8:43:41,0.00,0.00,22.50,921.77,18.87,69.56,140.25,83,0.00,0.00,0.00,4778
2022/6/21 8:45:31,0.00,0.00,22.50,921.72,18.87,69.58,143.78,83,0.00,0.00,0.00,4837
2022/6/21 8:47:21,0.00,0.00,22.55,921.74,18.86,69.70,148.24,83,0.00,0.00,0.00,4896
2022/6/21 8:49:12,0.00,0.00,22.50,921.74,18.85,69.63,144.56,83,0.00,0.00,0.00,4955
2022/6/21 8:51:2,0.00,0.00,22.49,921.69,18.85,69.56,149.14,83,0.00,0.00,0.00,5014
2022/6/21 8:52:52,0.00,0.00,22.52,921.69,18.85,69.56,149.58,83,0.00,0.00,0.00,5073
2022/6/21 8:54:43,0.00,0.00,22.50,921.72,18.85,69.56,147.41,83,0.00,0.00,0.00,5132
2022/6/21 8:56:33,0.00,0.00,22.50,921.59,18.84,69.55,147.86,83,0.00,0.00,0.00,5191
2022/6/21 8:58:23,0.00,0.00,22.49,921.74,18.84,69.56,146.95,83,0.00,0.00,0.00,5250
2022/6/21 9:2:4,0.00,0.00,22.51,921.67,18.83,69.52,150.07,83,0.00,0.00,0.00,5368
2022/6/21 9:3:55,0.00,0.00,22.52,921.77,18.82,69.50,148.46,83,0.00,0.00,0.00,5427
2022/6/21 9:5:45,0.00,0.00,22.50,921.72,18.81,69.53,149.54,83,0.00,0.00,0.00,5486
2022/6/21 9:7:35,0.00,0.00,22.49,921.64,18.81,69.50,146.78,83,0.00,0.00,0.00,5545
2022/6/21 9:9:26,0.00,0.00,22.50,921.79,18.80,69.47,147.75,83,0.00,0.00,0.00,5604
2022/6/21 9:11:16,0.00,0.00,22.48,921.77,18.79,69.43,148.39,83,0.00,0.00,0.00,5663
2022/6/21 9:13:6,0.00,0.00,22.47,921.69,18.78,69.44,150.32,83,0.00,0.00,0.00,5722
2022/6/21 9:14:57,0.00,0.00,22.49,921.67,18.78,69.48,164.71,83,0.00,0.00,0.00,5781
2022/6/21 9:16:47,0.00,0.00,22.50,921.67,18.77,69.51,150.63,83,0.00,0.00,0.00,5840
2022/6/21 9:18:37,0.00,0.00,22.48,921.72,18.77,69.49,149.03,83,0.00,0.00,0.00,5899
2022/6/21 9:20:28,0.00,0.00,22.45,921.57,18.76,69.49,145.08,83,0.00,0.00,0.00,5958
2022/6/21 9:22:18,0.00,0.00,22.45,921.67,18.76,69.48,149.51,83,0.00,0.00,0.00,6017
2022/6/21 9:24:8,0.00,0.00,22.45,921.81,18.75,69.44,142.20,83,0.00,0.00,0.00,6076
2022/6/21 9:25:59,0.00,0.00,22.44,921.79,18.75,69.53,131.78,83,0.00,0.00,0.00,6135
2022/6/21 9:27:49,0.00,0.00,22.45,921.74,18.74,69.56,131.46,83,0.00,0.00,0.00,6194
2022/6/21 9:29:39,0.00,0.00,22.49,921.72,18.74,69.54,116.86,83,0.00,0.00,0.00,6253
2022/6/21 9:31:30,0.00,0.00,22.50,921.86,18.74,69.50,135.80,83,0.00,0.00,0.00,6312
2022/6/21 9:33:20,0.00,0.00,22.54,921.69,18.73,69.53,128.97,83,0.00,0.00,0.00,6371
2022/6/21 9:35:10,0.00,0.00,22.55,921.81,18.73,69.64,122.98,83,0.00,0.00,0.00,6430
2022/6/21 9:37:1,0.00,0.00,22.57,921.79,18.74,69.72,131.15,83,0.00,0.00,0.00,6489
2022/6/21 9:38:51,0.00,0.00,22.57,921.84,18.74,69.68,130.46,84,0.00,0.00,0.00,6548
2022/6/21 9:40:41,0.00,0.00,22.58,921.84,18.74,69.72,121.05,83,0.00,0.00,0.00,6607
2022/6/21 9:42:32,0.00,0.00,22.58,921.84,18.74,69.74,118.75,83,0.00,0.00,0.00,6666
2022/6/21 9:44:22,0.00,0.00,22.59,921.84,18.74,70.04,123.12,83,0.00,0.00,0.00,6725
2022/6/21 9:46:12,0.00,0.00,22.58,921.86,18.74,70.09,113.03,83,0.00,0.00,0.00,6784
2022/6/21 9:49:53,0.00,0.00,22.61,921.77,18.73,69.98,126.44,83,0.00,0.00,0.00,6902
2022/6/21 9:51:43,0.00,0.00,22.61,921.84,18.73,69.98,126.05,83,0.00,0.00,0.00,6961
2022/6/21 9:53:34,0.00,0.00,22.62,921.77,18.73,69.98,128.53,83,0.00,0.00,0.00,7020
2022/6/21 9:55:24,0.00,0.00,22.56,921.96,18.73,69.95,126.83,83,0.00,0.00,0.00,7079
2022/6/21 9:57:14,0.00,0.00,22.55,921.89,18.73,69.98,115.24,83,0.00,0.00,0.00,7138
2022/6/21 9:59:5,0.00,0.00,22.50,922.04,18.73,70.11,138.85,83,0.00,0.00,0.00,7197
2022/6/21 10:0:55,0.00,0.00,22.49,922.06,18.73,70.20,105.95,83,0.00,0.00,0.00,7256
2022/6/21 10:2:46,0.00,0.00,22.53,921.86,18.73,70.16,133.86,83,0.00,0.00,0.00,7315
2022/6/21 10:4:36,0.00,0.00,22.54,922.19,18.73,69.90,111.92,83,0.00,0.00,0.00,7374
2022/6/21 10:6:26,0.00,0.00,22.48,922.41,18.73,69.01,100.08,83,0.00,0.00,0.00,7433
2022/6/21 10:8:17,0.00,0.00,22.44,922.51,18.72,68.66,122.71,83,0.00,0.00,0.00,7492
2022/6/21 10:10:7,0.00,0.00,22.42,922.44,18.71,68.65,145.51,83,0.00,0.00,0.00,7551
2022/6/21 10:11:57,0.00,0.00,22.42,922.49,18.70,68.69,121.47,83,0.00,0.00,0.00,7610
2022/6/21 10:13:48,0.00,0.00,22.43,922.51,18.70,68.76,113.51,83,0.00,0.00,0.00,7669
2022/6/21 10:15:38,0.00,0.00,22.43,922.61,18.68,68.85,125.20,83,0.00,0.00,0.00,7728
2022/6/21 10:17:28,0.00,0.00,22.41,922.39,18.67,68.95,116.92,83,0.00,0.00,0.00,7787
2022/6/21 10:19:19,0.00,0.00,22.36,922.83,18.66,69.26,110.97,83,0.00,0.00,0.00,7846
2022/6/21 10:21:9,0.00,0.00,22.32,922.96,18.66,69.50,108.63,83,0.00,0.00,0.00,7905
2022/6/21 10:22:59,0.00,0.00,22.32,922.83,18.66,69.67,113.07,83,0.00,0.00,0.00,7964
2022/6/21 10:24:50,0.00,0.00,22.38,923.28,18.66,69.50,112.76,83,0.00,0.00,0.00,8023
2022/6/21 10:26:40,0.00,0.00,22.37,923.28,18.66,69.52,109.14,83,0.00,0.00,0.00,8082
2022/6/21 10:28:30,0.00,0.00,22.38,923.43,18.65,69.74,142.19,83,0.00,0.00,0.00,8141
2022/6/21 10:30:21,0.00,0.00,22.33,923.75,18.65,69.82,110.63,84,0.00,0.00,0.00,8200
2022/6/21 10:32:11,0.00,0.00,22.30,923.55,18.65,69.72,117.97,84,0.00,0.00,0.00,8259
2022/6/21 10:34:1,0.00,0.00,22.25,923.45,18.65,69.74,139.66,83,0.00,0.00,0.00,8318
2022/6/21 10:35:52,0.00,0.00,22.15,923.38,18.65,69.80,124.93,83,0.00,0.00,0.00,8377
2022/6/21 10:37:42,0.00,0.00,22.20,923.45,18.65,70.31,111.54,84,0.00,0.00,0.00,8436
2022/6/21 10:39:32,0.00,0.00,22.31,923.43,18.66,70.18,81.90,83,0.00,0.00,0.00,8495
2022/6/21 10:41:23,0.00,0.00,22.39,923.28,18.67,70.16,110.83,83,0.00,0.00,0.00,8554
2022/6/21 10:43:13,0.00,0.00,22.40,923.03,18.69,69.74,120.27,83,0.00,0.00,0.00,8613
2022/6/21 10:45:3,0.00,0.00,22.47,923.16,18.70,69.88,106.78,83,0.00,0.00,0.00,8672
2022/6/21 10:46:54,0.00,0.00,22.47,923.16,18.72,69.74,120.92,83,0.00,0.00,0.00,8731
2022/6/21 10:48:44,0.00,0.00,22.46,923.31,18.74,69.99,115.75,84,0.00,0.00,0.00,8790
2022/6/21 10:50:34,0.00,0.00,22.47,923.38,18.75,69.76,109.15,83,0.00,0.00,0.00,8849
2022/6/21 10:52:25,0.00,0.00,22.53,923.41,18.76,69.48,65.02,84,0.00,0.00,0.00,8908
2022/6/21 10:54:15,0.00,0.00,22.52,923.36,18.78,69.36,107.75,84,0.00,0.00,0.00,8967
2022/6/21 10:56:5,0.00,0.00,22.47,923.41,18.78,69.14,141.39,83,0.00,0.00,0.00,9026
2022/6/21 10:57:56,0.00,0.00,22.43,923.26,18.78,69.15,139.69,84,0.00,0.00,0.00,9085
2022/6/21 10:59:46,0.00,0.00,22.41,923.38,18.78,69.14,124.15,83,0.00,0.00,0.00,9144
2022/6/21 11:1:36,0.00,0.00,22.43,923.38,18.79,69.26,125.81,84,0.00,0.00,0.00,9203
2022/6/21 11:3:27,0.00,0.00,22.44,923.41,18.78,69.11,118.75,84,0.00,0.00,0.00,9262
2022/6/21 11:5:17,0.00,0.00,22.42,923.28,18.78,69.18,112.64,84,0.00,0.00,0.00,9321
2022/6/21 11:7:7,0.00,0.00,22.43,923.38,18.78,69.19,120.78,84,0.00,0.00,0.00,9380
2022/6/21 11:8:58,0.00,0.00,22.42,923.31,18.76,69.13,118.25,83,0.00,0.00,0.00,9439
2022/6/21 11:10:48,0.00,0.00,22.43,923.33,18.75,69.22,106.75,83,0.00,0.00,0.00,9498
2022/6/21 11:12:39,0.00,0.00,22.42,923.38,18.73,69.36,111.27,83,0.00,0.00,0.00,9557
2022/6/21 11:14:29,0.00,0.00,22.41,923.31,18.71,69.40,114.88,83,0.00,0.00,0.00,9616
2022/6/21 11:16:19,0.00,0.00,22.39,923.31,18.70,69.44,121.24,83,0.00,0.00,0.00,9675
2022/6/21 11:18:10,0.00,0.00,22.45,923.38,18.68,69.48,123.03,83,0.00,0.00,0.00,9734
2022/6/21 11:20:0,0.00,0.00,22.48,923.23,18.67,69.59,118.63,84,0.00,0.00,0.00,9793
2022/6/21 11:21:50,0.00,0.00,22.45,923.23,18.67,69.83,111.71,83,0.00,0.00,0.00,9852
2022/6/21 11:23:41,0.00,0.00,22.39,923.21,18.66,70.06,110.54,84,0.00,0.00,0.00,9911
2022/6/21 11:25:31,0.00,0.00,22.38,923.21,18.65,69.99,110.31,83,0.00,0.00,0.00,9970
2022/6/21 11:27:21,0.00,0.00,22.35,923.13,18.64,69.96,116.93,84,0.00,0.00,0.00,10029
2022/6/21 11:29:12,0.00,0.00,22.35,923.03,18.63,69.99,113.02,84,0.00,0.00,0.00,10088
2022/6/21 11:31:2,0.00,0.00,22.31,923.31,18.62,70.26,121.19,83,0.00,0.00,0.00,10147
2022/6/21 11:32:52,0.00,0.00,22.23,923.28,18.63,70.87,121.59,84,0.00,0.00,0.00,10206
2022/6/21 11:34:43,0.00,0.00,22.22,923.26,18.65,70.79,119.97,83,0.00,0.00,0.00,10265
2022/6/21 11:36:33,0.00,0.00,22.33,923.21,18.67,70.93,114.32,83,0.00,0.00,0.00,10324
2022/6/21 11:38:23,0.00,0.00,22.35,923.21,18.68,70.88,113.39,83,0.00,0.00,0.00,10383
2022/6/21 11:40:14,0.00,0.00,22.33,923.13,18.70,70.99,114.24,84,0.00,0.00,0.00,10442
2022/6/21 11:42:4,0.00,0.00,22.37,923.31,18.70,71.05,115.58,83,0.00,0.00,0.00,10501
2022/6/21 11:43:54,0.00,0.00,22.40,923.26,18.70,71.17,132.12,84,0.00,0.00,0.00,10560
2022/6/21 11:45:45,0.00,0.00,22.44,923.26,18.71,71.21,101.78,83,0.00,0.00,0.00,10619
2022/6/21 11:47:35,0.00,0.00,22.47,923.28,18.71,71.48,117.02,84,0.00,0.00,0.00,10678
2022/6/21 11:49:25,0.00,0.00,22.49,923.41,18.71,71.50,113.64,83,0.00,0.00,0.00,10737
2022/6/21 11:51:16,0.00,0.00,22.50,923.33,18.71,71.42,111.59,84,0.00,0.00,0.00,10796
2022/6/21 11:53:6,0.00,0.00,22.51,923.21,18.71,71.43,106.05,83,0.00,0.00,0.00,10855
2022/6/21 11:54:56,0.00,0.00,22.51,923.08,18.71,71.64,112.68,83,0.00,0.00,0.00,10914
2022/6/21 11:56:47,0.00,0.00,22.44,923.23,18.71,72.38,116.29,83,0.00,0.00,0.00,10973
2022/6/21 11:58:37,0.00,0.00,22.28,923.06,18.72,72.57,117.56,83,0.00,0.00,0.00,11032
2022/6/21 12:0:28,0.00,0.00,22.22,923.11,18.73,72.46,115.31,84,0.00,0.00,0.00,11091
2022/6/21 12:2:18,0.00,0.00,22.19,923.18,18.73,73.10,118.61,83,0.00,0.00,0.00,11150
2022/6/21 12:4:9,0.00,0.00,22.24,923.16,18.74,72.93,116.56,84,0.00,0.00,0.00,11209
2022/6/21 12:5:59,0.00,0.00,22.32,922.98,18.75,72.82,112.44,83,0.00,0.00,0.00,11268
2022/6/21 12:7:49,0.00,0.00,22.33,923.13,18.77,73.11,111.81,83,0.00,0.00,0.00,11327
2022/6/21 12:9:40,0.00,0.00,22.31,923.06,18.78,72.97,113.86,83,0.00,0.00,0.00,11386
2022/6/21 12:11:30,0.00,0.00,22.33,922.76,18.79,72.81,107.61,83,0.00,0.00,0.00,11445
2022/6/21 12:13:20,0.00,0.00,22.24,922.29,18.79,72.76,151.49,83,0.00,0.00,0.00,11504
2022/6/21 12:15:11,0.00,0.00,22.17,922.01,18.79,72.57,138.68,83,0.00,0.00,0.00,11563
2022/6/21 12:18:51,0.00,0.00,22.06,923.11,18.80,72.57,116.86,83,0.00,0.00,0.00,11681
2022/6/21 12:20:42,0.00,0.00,22.03,923.03,18.81,72.53,113.29,84,0.00,0.00,0.00,11740
2022/6/21 12:22:32,0.00,0.00,21.99,923.01,18.80,72.50,121.69,83,0.00,0.00,0.00,11799
2022/6/21 12:24:22,0.00,0.00,21.98,922.61,18.80,72.45,115.66,84,0.00,0.00,0.00,11858
2022/6/21 12:26:13,0.00,0.00,21.97,922.88,18.79,72.43,105.42,83,0.00,0.00,0.00,11917
2022/6/21 12:28:3,0.00,0.00,21.92,922.86,18.78,72.42,120.54,83,0.00,0.00,0.00,11976
2022/6/21 12:29:53,0.00,0.00,21.94,922.63,18.77,72.43,111.31,83,0.00,0.00,0.00,12035
2022/6/21 12:31:44,0.00,0.00,21.92,922.34,18.77,72.43,99.07,84,0.00,0.00,0.00,12094
2022/6/21 12:33:34,0.00,0.00,21.87,922.41,18.76,72.44,105.93,83,0.00,0.00,0.00,12153
2022/6/21 12:35:24,0.00,0.00,21.80,922.14,18.75,72.48,103.95,84,0.00,0.00,0.00,12212
2022/6/21 12:37:15,0.00,0.00,21.78,921.99,18.76,72.59,102.37,84,0.00,0.00,0.00,12271
2022/6/21 12:39:5,0.00,0.00,21.79,921.89,18.76,72.50,99.02,84,0.00,0.00,0.00,12330
2022/6/21 12:40:55,0.00,0.00,21.81,921.96,18.76,72.56,100.83,83,0.00,0.00,0.00,12389
2022/6/21 12:42:46,0.00,0.00,21.78,921.91,18.77,72.49,96.19,83,0.00,0.00,0.00,12448
2022/6/21 12:44:36,0.00,0.00,21.77,922.01,18.77,72.44,101.07,83,0.00,0.00,0.00,12507
2022/6/21 12:46:26,0.00,0.00,21.74,922.06,18.77,72.49,101.49,84,0.00,0.00,0.00,12566
2022/6/21 12:48:17,0.00,0.00,21.80,921.94,18.78,72.53,103.53,84,0.00,0.00,0.00,12625
2022/6/21 12:50:7,0.00,0.00,21.78,921.86,18.78,72.57,103.32,83,0.00,0.00,0.00,12684
2022/6/21 12:51:57,0.00,0.00,21.74,922.04,18.78,72.45,108.07,83,0.00,0.00,0.00,12743
2022/6/21 12:53:48,0.00,0.00,21.69,921.89,18.77,72.34,102.49,83,0.00,0.00,0.00,12802
2022/6/21 12:55:38,0.00,0.00,21.68,921.86,18.77,72.26,104.54,83,0.00,0.00,0.00,12861
2022/6/21 12:57:28,0.00,0.00,21.68,921.84,18.77,72.19,107.71,83,0.00,0.00,0.00,12920
2022/6/21 12:59:19,0.00,0.00,21.69,921.94,18.75,72.21,107.86,84,0.00,0.00,0.00,12979
2022/6/21 13:1:9,0.00,0.00,21.69,922.06,18.74,72.25,106.53,83,0.00,0.00,0.00,13038
2022/6/21 13:2:59,0.00,0.00,21.68,922.04,18.73,72.27,111.44,84,0.00,0.00,0.00,13097
2022/6/21 13:4:50,0.00,0.00,21.66,922.19,18.71,72.35,121.53,84,0.00,0.00,0.00,13156
2022/6/21 13:6:40,0.00,0.00,21.65,921.96,18.70,72.39,121.08,83,0.00,0.00,0.00,13215
2022/6/21 13:8:30,0.00,0.00,21.60,921.99,18.69,72.35,107.83,83,0.00,0.00,0.00,13274
2022/6/21 13:10:21,0.00,0.00,21.56,921.81,18.68,72.36,100.44,84,0.00,0.00,0.00,13333
2022/6/21 13:14:1,0.00,0.00,21.51,921.74,18.66,72.37,116.97,84,0.00,0.00,0.00,13451
2022/6/21 13:15:52,0.00,0.00,21.50,921.99,18.65,72.42,115.02,83,0.00,0.00,0.00,13510
2022/6/21 13:17:42,0.00,0.00,21.53,922.06,18.64,72.43,119.34,84,0.00,0.00,0.00,13569
2022/6/21 13:19:32,0.00,0.00,21.58,922.01,18.63,72.46,121.44,83,0.00,0.00,0.00,13628
2022/6/21 13:21:23,0.00,0.00,21.54,921.89,18.61,72.46,127.78,84,0.00,0.00,0.00,13687
2022/6/21 13:23:13,0.00,0.00,21.55,921.89,18.60,72.49,98.22,84,0.00,0.00,0.00,13746
2022/6/21 13:25:3,0.00,0.00,21.66,922.31,18.59,72.94,87.05,84,0.00,0.00,0.00,13805
2022/6/21 13:26:54,0.00,0.00,21.81,922.26,18.60,73.32,105.00,83,0.00,0.00,0.00,13864
2022/6/21 13:28:44,0.00,0.00,21.95,922.56,18.60,73.34,106.54,83,0.00,0.00,0.00,13923
2022/6/21 13:30:35,0.00,0.00,22.08,921.81,18.61,73.63,106.27,84,0.00,0.00,0.00,13982
2022/6/21 13:32:25,0.00,0.00,22.14,921.72,18.63,73.70,107.86,83,0.00,0.00,0.00,14041
2022/6/21 13:36:6,0.00,0.00,22.20,922.44,18.67,74.65,126.90,83,0.00,0.00,0.00,14159
2022/6/21 13:37:56,0.00,0.00,22.20,922.21,18.69,74.12,112.92,84,0.00,0.00,0.00,14218
2022/6/21 13:39:46,0.00,0.00,22.28,921.81,18.71,74.00,119.20,84,0.00,0.00,0.00,14277
2022/6/21 13:41:37,0.00,0.00,22.33,921.99,18.73,73.79,112.34,84,0.00,0.00,0.00,14336
2022/6/21 13:43:27,0.00,0.00,22.43,922.11,18.75,73.97,114.76,83,0.00,0.00,0.00,14395
2022/6/21 13:45:17,0.00,0.00,22.49,922.58,18.77,74.19,115.93,84,0.00,0.00,0.00,14454
2022/6/21 13:47:8,0.00,0.00,22.48,922.49,18.80,73.97,116.02,84,0.00,0.00,0.00,14513
2022/6/21 13:48:58,0.00,0.00,22.54,922.19,18.83,74.06,109.19,84,0.00,0.00,0.00,14572
2022/6/21 13:50:48,0.00,0.00,22.56,922.06,18.85,74.07,101.90,83,0.00,0.00,0.00,14631
2022/6/21 13:52:39,0.00,0.00,22.58,921.91,18.87,73.95,96.98,84,0.00,0.00,0.00,14690
2022/6/21 13:54:29,0.00,0.00,22.62,921.86,18.89,74.04,102.12,83,0.00,0.00,0.00,14749
2022/6/21 13:56:19,0.00,0.00,22.63,922.04,18.90,73.64,102.71,84,0.00,0.00,0.00,14808
2022/6/21 13:58:10,0.00,0.00,22.60,922.06,18.91,73.81,105.64,83,0.00,0.00,0.00,14867
2022/6/21 14:0:0,0.00,0.00,22.61,921.89,18.93,73.61,107.88,84,0.00,0.00,0.00,14926
2022/6/21 14:1:50,0.00,0.00,22.64,921.91,18.94,73.60,109.63,83,0.00,0.00,0.00,14985
2022/6/21 14:3:41,0.00,0.00,22.54,921.99,18.96,73.03,106.61,83,0.00,0.00,0.00,15044
2022/6/21 14:5:31,0.00,0.00,22.43,921.86,18.98,72.85,105.54,83,0.00,0.00,0.00,15103
2022/6/21 14:7:21,0.00,0.00,22.38,921.84,19.00,72.76,111.19,83,0.00,0.00,0.00,15162
2022/6/21 14:9:12,0.00,0.00,22.36,921.69,19.00,72.74,101.76,83,0.00,0.00,0.00,15221
2022/6/21 14:11:2,0.00,0.00,22.41,921.81,19.01,73.34,108.78,84,0.00,0.00,0.00,15280
2022/6/21 14:12:52,0.00,0.00,22.46,921.81,19.03,73.24,91.00,84,0.00,0.00,0.00,15339
2022/6/21 14:14:43,0.00,0.00,22.44,921.81,19.03,72.62,94.68,84,0.00,0.00,0.00,15398
2022/6/21 14:16:33,0.00,0.00,22.41,921.77,19.03,72.61,115.97,84,0.00,0.00,0.00,15457
2022/6/21 14:18:23,0.00,0.00,22.29,921.77,19.03,72.30,108.46,83,0.00,0.00,0.00,15516
2022/6/21 14:20:14,0.00,0.00,22.17,921.81,19.03,72.21,94.66,84,0.00,0.00,0.00,15575
2022/6/21 14:22:4,0.00,0.00,22.05,921.81,19.03,72.04,87.36,84,0.00,0.00,0.00,15634
2022/6/21 14:23:54,0.00,0.00,21.95,921.77,19.02,71.97,97.97,84,0.00,0.00,0.00,15693
2022/6/21 14:25:45,0.00,0.00,21.89,921.69,19.01,71.94,99.25,83,0.00,0.00,0.00,15752
2022/6/21 14:27:35,0.00,0.00,21.89,921.59,19.01,71.78,121.92,84,0.00,0.00,0.00,15811
2022/6/21 14:29:25,0.00,0.00,21.90,921.86,19.00,71.73,94.54,84,0.00,0.00,0.00,15870
2022/6/21 14:31:16,0.00,0.00,21.90,921.81,18.99,71.70,92.80,84,0.00,0.00,0.00,15929
2022/6/21 14:33:6,0.00,0.00,21.85,921.79,18.98,71.69,101.24,84,0.00,0.00,0.00,15988
2022/6/21 14:34:56,0.00,0.00,21.81,921.79,18.97,71.66,101.56,84,0.00,0.00,0.00,16047
2022/6/21 14:36:47,0.00,0.00,21.81,921.74,18.97,72.12,104.98,83,0.00,0.00,0.00,16106
2022/6/21 14:38:37,0.00,0.00,21.98,921.64,18.97,72.84,107.02,83,0.00,0.00,0.00,16165
2022/6/21 14:40:27,0.00,0.00,22.11,921.81,18.98,73.07,103.75,83,0.00,0.00,0.00,16224
2022/6/21 14:42:18,0.00,0.00,22.25,921.79,19.00,73.40,107.34,84,0.00,0.00,0.00,16283
2022/6/21 14:44:8,0.00,0.00,22.32,921.84,19.02,74.17,105.56,84,0.00,0.00,0.00,16342
2022/6/21 14:45:58,0.00,0.00,22.37,921.79,19.04,74.46,104.22,83,0.00,0.00,0.00,16401
2022/6/21 14:47:49,0.00,0.00,22.37,921.81,19.06,74.23,110.25,84,0.00,0.00,0.00,16460
2022/6/21 14:49:39,0.00,0.00,22.36,921.79,19.08,74.28,109.14,84,0.00,0.00,0.00,16519
2022/6/21 14:51:29,0.00,0.00,22.42,921.77,19.10,73.94,111.93,83,0.00,0.00,0.00,16578
2022/6/21 14:55:10,0.00,0.00,22.51,921.94,19.12,73.61,116.44,84,0.00,0.00,0.00,16696
2022/6/21 14:57:0,0.00,0.00,22.59,922.93,19.12,73.08,112.69,84,0.00,0.00,0.00,16755
2022/6/21 14:58:51,0.00,0.00,22.55,922.66,19.11,73.00,112.54,83,0.00,0.00,0.00,16814
2022/6/21 15:0:41,0.00,0.00,22.52,921.72,19.10,73.04,96.19,84,0.00,0.00,0.00,16873
2022/6/21 15:2:32,0.00,0.00,22.48,921.72,19.09,72.99,117.61,84,0.00,0.00,0.00,16932
2022/6/21 15:4:22,0.00,0.00,22.41,921.77,19.08,72.99,106.92,83,0.00,0.00,0.00,16991
2022/6/21 15:6:12,0.00,0.00,22.33,921.74,19.07,72.85,110.90,83,0.00,0.00,0.00,17050
2022/6/21 15:8:3,0.00,0.00,22.31,921.57,19.07,72.65,105.69,84,0.00,0.00,0.00,17109
2022/6/21 15:9:53,0.00,0.00,22.27,921.32,19.06,72.24,106.69,83,0.00,0.00,0.00,17168
2022/6/21 15:11:43,0.00,0.00,22.20,921.42,19.05,72.27,106.19,83,0.00,0.00,0.00,17227
2022/6/21 15:13:34,0.00,0.00,22.21,921.29,19.04,72.36,106.08,83,0.00,0.00,0.00,17286
2022/6/21 15:15:24,0.00,0.00,22.33,921.29,19.05,71.98,105.95,83,0.00,0.00,0.00,17345
2022/6/21 15:17:14,0.00,0.00,22.40,921.54,19.05,71.94,102.97,83,0.00,0.00,0.00,17404
2022/6/21 15:19:5,0.00,0.00,22.51,921.12,19.06,71.87,101.81,83,0.00,0.00,0.00,17463
2022/6/21 15:20:55,0.00,0.00,22.54,921.27,19.08,71.89,98.39,83,0.00,0.00,0.00,17522
2022/6/21 15:22:45,0.00,0.00,22.53,921.37,19.09,71.96,101.10,83,0.00,0.00,0.00,17581
2022/6/21 15:24:36,0.00,0.00,22.49,921.52,19.10,72.18,79.27,83,0.00,0.00,0.00,17640
2022/6/21 15:26:26,0.00,0.00,22.46,921.14,19.11,72.11,90.42,83,0.00,0.00,0.00,17699
2022/6/21 15:28:16,0.00,0.00,22.43,921.07,19.12,72.22,94.69,84,0.00,0.00,0.00,17758
2022/6/21 15:30:7,0.00,0.00,22.40,920.87,19.13,72.09,92.83,83,0.00,0.00,0.00,17817
2022/6/21 15:31:57,0.00,0.00,22.39,921.14,19.14,72.11,91.19,83,0.00,0.00,0.00,17876
2022/6/21 15:33:47,0.00,0.00,22.41,921.32,19.14,72.09,106.69,84,0.00,0.00,0.00,17935
2022/6/21 15:35:38,0.00,0.00,22.37,920.95,19.15,72.09,94.58,83,0.00,0.00,0.00,17994
2022/6/21 15:37:28,0.00,0.00,22.35,920.82,19.16,71.95,93.64,83,0.00,0.00,0.00,18053
2022/6/21 15:39:18,0.00,0.00,22.29,921.22,19.16,71.84,84.98,84,0.00,0.00,0.00,18112
2022/6/21 15:41:9,0.00,0.00,22.27,921.14,19.16,71.71,113.73,83,0.00,0.00,0.00,18171
2022/6/21 15:42:59,0.00,0.00,22.25,920.90,19.16,71.72,118.47,84,0.00,0.00,0.00,18230
2022/6/21 15:44:49,0.00,0.00,22.20,920.55,19.15,71.60,111.78,83,0.00,0.00,0.00,18289
2022/6/21 15:46:40,0.00,0.00,22.24,920.75,19.15,71.58,111.27,84,0.00,0.00,0.00,18348
2022/6/21 15:48:30,0.00,0.00,22.24,921.32,19.14,71.45,86.36,83,0.00,0.00,0.00,18407
2022/6/21 15:50:20,0.00,0.00,22.26,921.74,19.13,71.41,94.15,83,0.00,0.00,0.00,18466
2022/6/21 15:52:11,0.00,0.00,22.22,921.62,19.12,71.40,123.75,84,0.00,0.00,0.00,18525
2022/6/21 15:54:1,0.00,0.00,22.21,921.49,19.11,71.26,113.37,83,0.00,0.00,0.00,18584
2022/6/21 15:55:51,0.00,0.00,22.16,921.64,19.10,71.22,120.90,83,0.00,0.00,0.00,18643
2022/6/21 15:57:42,0.00,0.00,22.12,921.81,19.09,71.29,102.93,84,0.00,0.00,0.00,18702
2022/6/21 15:59:32,0.00,0.00,22.08,921.84,19.09,71.37,108.00,84,0.00,0.00,0.00,18761
2022/6/21 16:1:22,0.00,0.00,22.05,922.73,19.09,71.42,117.29,84,0.00,0.00,0.00,18820
2022/6/21 16:3:13,0.00,0.00,22.05,923.18,19.10,71.46,125.10,84,0.00,0.00,0.00,18879
2022/6/21 16:5:3,0.00,0.00,22.04,923.11,19.10,71.47,122.29,83,0.00,0.00,0.00,18938
2022/6/21 16:6:53,0.00,0.00,22.06,922.24,19.10,71.41,116.14,83,0.00,0.00,0.00,18997
2022/6/21 16:8:44,0.00,0.00,22.15,921.76,19.10,71.50,114.58,83,0.00,0.00,0.00,19056
2022/6/21 16:10:34,0.00,0.00,22.19,921.84,19.09,71.41,118.88,84,0.00,0.00,0.00,19115
2022/6/21 16:12:24,0.00,0.00,22.24,921.67,19.08,71.37,108.51,83,0.00,0.00,0.00,19174
2022/6/21 16:14:15,0.00,0.00,22.24,921.81,19.06,71.32,104.53,84,0.00,0.00,0.00,19233
2022/6/21 16:16:5,0.00,0.00,22.22,921.84,19.05,71.28,102.17,84,0.00,0.00,0.00,19292
2022/6/21 16:17:55,0.00,0.00,22.24,921.62,19.04,71.19,131.42,84,0.00,0.00,0.00,19351
2022/6/21 16:19:46,0.00,0.00,22.26,921.72,19.02,71.09,105.71,84,0.00,0.00,0.00,19410
2022/6/21 16:21:36,0.00,0.00,22.23,921.67,19.00,70.95,129.83,84,0.00,0.00,0.00,19469
2022/6/21 16:23:26,0.00,0.00,22.23,921.77,18.99,70.94,116.07,84,0.00,0.00,0.00,19528
2022/6/21 16:25:17,0.00,0.00,22.17,921.72,18.97,70.91,106.81,84,0.00,0.00,0.00,19587
2022/6/21 16:27:7,0.00,0.00,22.14,921.84,18.96,70.84,98.69,83,0.00,0.00,0.00,19646
2022/6/21 16:28:58,0.00,0.00,22.19,921.77,18.95,70.97,102.80,83,0.00,0.00,0.00,19705
2022/6/21 16:30:48,0.00,0.00,22.23,921.79,18.96,71.10,103.80,84,0.00,0.00,0.00,19764
2022/6/21 16:32:38,0.00,0.00,22.28,921.84,18.95,71.32,98.15,83,0.00,0.00,0.00,19823
2022/6/21 16:34:29,0.00,0.00,22.29,921.59,18.96,71.53,110.42,83,0.00,0.00,0.00,19882
2022/6/21 16:36:19,0.00,0.00,22.25,921.69,18.96,71.88,105.92,84,0.00,0.00,0.00,19941
2022/6/21 16:38:9,0.00,0.00,22.26,921.79,18.98,71.95,112.73,83,0.00,0.00,0.00,20000
2022/6/21 16:40:0,0.00,0.00,22.28,921.79,18.99,72.05,105.00,83,0.00,0.00,0.00,20059
2022/6/21 16:41:50,0.00,0.00,22.31,921.79,19.00,72.12,108.59,84,0.00,0.00,0.00,20118
2022/6/21 16:43:40,0.00,0.00,22.36,921.64,19.00,72.21,117.54,84,0.00,0.00,0.00,20177
2022/6/21 16:45:31,0.00,0.00,22.45,921.42,19.02,72.32,99.97,83,0.00,0.00,0.00,20236
2022/6/21 16:47:21,0.00,0.00,22.47,921.67,19.03,72.22,125.02,83,0.00,0.00,0.00,20295
2022/6/21 16:49:11,0.00,0.00,22.54,921.74,19.04,72.18,108.44,83,0.00,0.00,0.00,20354
2022/6/21 16:51:2,0.00,0.00,22.54,921.84,19.06,72.10,114.08,84,0.00,0.00,0.00,20413
2022/6/21 16:52:52,0.00,0.00,22.57,921.74,19.06,71.57,94.47,83,0.00,0.00,0.00,20472
2022/6/21 16:54:42,0.00,0.00,22.58,921.74,19.05,71.41,114.31,83,0.00,0.00,0.00,20531
2022/6/21 16:56:33,0.00,0.00,22.54,921.67,19.03,71.60,111.34,84,0.00,0.00,0.00,20590
2022/6/21 16:58:23,0.00,0.00,22.51,921.74,19.03,72.09,116.97,83,0.00,0.00,0.00,20649
2022/6/21 17:0:13,0.00,0.00,22.57,921.62,19.04,72.22,108.54,83,0.00,0.00,0.00,20708
2022/6/21 17:2:4,0.00,0.00,22.66,921.59,19.05,72.03,104.76,84,0.00,0.00,0.00,20767
2022/6/21 17:3:54,0.00,0.00,22.74,921.57,19.07,71.75,110.83,84,0.00,0.00,0.00,20826
2022/6/21 17:5:44,0.00,0.00,22.82,921.64,19.08,71.94,106.34,83,0.00,0.00,0.00,20885
2022/6/21 17:7:35,0.00,0.00,22.90,921.77,19.09,71.97,106.63,83,0.00,0.00,0.00,20944
2022/6/21 17:9:25,0.00,0.00,22.93,921.64,19.10,71.66,106.58,83,0.00,0.00,0.00,21003
2022/6/21 17:11:15,0.00,0.00,22.94,921.49,19.11,71.47,108.10,83,0.00,0.00,0.00,21062
2022/6/21 17:13:6,0.00,0.00,22.89,921.57,19.11,71.37,112.56,83,0.00,0.00,0.00,21121
2022/6/21 17:14:56,0.00,0.00,22.94,921.42,19.11,71.46,105.27,83,0.00,0.00,0.00,21180
2022/6/21 17:16:46,0.00,0.00,22.92,920.72,19.12,71.44,104.49,83,0.00,0.00,0.00,21239
2022/6/21 17:18:37,0.00,0.00,22.93,920.67,19.13,71.06,109.98,84,0.00,0.00,0.00,21298
2022/6/21 17:20:27,0.00,0.00,22.94,920.87,19.14,71.22,105.44,84,0.00,0.00,0.00,21357
2022/6/21 17:22:17,0.00,0.00,22.90,921.19,19.14,71.03,123.39,84,0.00,0.00,0.00,21416
2022/6/21 17:24:8,0.00,0.00,22.90,921.14,19.15,70.86,108.32,84,0.00,0.00,0.00,21475
2022/6/21 17:25:58,0.00,0.00,22.84,920.45,19.14,70.61,85.39,84,0.00,0.00,0.00,21534
2022/6/21 17:27:48,0.00,0.00,22.72,920.50,19.13,70.61,107.75,83,0.00,0.00,0.00,21593
2022/6/21 17:29:39,0.00,0.00,22.61,920.47,19.11,70.57,105.71,83,0.00,0.00,0.00,21652
2022/6/21 17:31:29,0.00,0.00,22.54,920.92,19.09,70.59,115.90,83,0.00,0.00,0.00,21711
2022/6/21 17:33:20,0.00,0.00,22.53,921.02,19.07,70.69,113.64,83,0.00,0.00,0.00,21770
2022/6/21 17:35:10,0.00,0.00,22.52,921.57,19.05,70.72,113.12,84,0.00,0.00,0.00,21829
2022/6/21 17:37:0,0.00,0.00,22.50,921.72,19.04,70.69,112.90,84,0.00,0.00,0.00,21888
2022/6/21 17:38:51,0.00,0.00,22.44,921.62,19.03,70.72,119.44,83,0.00,0.00,0.00,21947
2022/6/21 17:40:41,0.00,0.00,22.40,921.54,19.01,70.80,118.85,84,0.00,0.00,0.00,22006
2022/6/21 17:42:31,0.00,0.00,22.35,921.49,18.99,70.70,124.42,84,0.00,0.00,0.00,22065
2022/6/21 17:44:22,0.00,0.00,22.28,921.72,18.97,70.61,124.02,83,0.00,0.00,0.00,22124
2022/6/21 17:46:12,0.00,0.00,22.32,921.44,18.95,70.69,118.93,83,0.00,0.00,0.00,22183
2022/6/21 17:48:2,0.00,0.00,22.38,921.39,18.93,70.70,106.63,84,0.00,0.00,0.00,22242
2022/6/21 17:49:53,0.00,0.00,22.43,921.24,18.90,70.72,121.90,83,0.00,0.00,0.00,22301
2022/6/21 17:51:43,0.00,0.00,22.44,921.34,18.89,70.76,132.83,83,0.00,0.00,0.00,22360
2022/6/21 17:53:33,0.00,0.00,22.44,921.34,18.88,70.82,133.53,83,0.00,0.00,0.00,22419
2022/6/21 17:55:24,0.00,0.00,22.47,921.47,18.89,70.88,121.49,83,0.00,0.00,0.00,22478
2022/6/21 17:57:14,0.00,0.00,22.49,921.52,18.90,71.04,128.76,83,0.00,0.00,0.00,22537
2022/6/21 17:59:4,0.00,0.00,22.48,921.62,18.91,71.02,125.20,84,0.00,0.00,0.00,22596
2022/6/21 18:0:55,0.00,0.00,22.44,921.52,18.92,71.11,116.76,83,0.00,0.00,0.00,22655
2022/6/21 18:2:45,0.00,0.00,22.45,921.69,18.94,71.14,129.47,83,0.00,0.00,0.00,22714
2022/6/21 18:4:35,0.00,0.00,22.50,921.67,18.95,71.23,122.03,83,0.00,0.00,0.00,22773
2022/6/21 18:6:26,0.00,0.00,22.50,921.74,18.96,69.86,122.36,83,0.00,0.00,0.00,22832
2022/6/21 18:8:16,0.00,0.00,22.49,921.81,18.96,71.18,124.29,83,0.00,0.00,0.00,22891
2022/6/21 18:10:6,0.00,0.00,22.48,921.94,18.97,71.14,127.17,84,0.00,0.00,0.00,22950
2022/6/21 18:11:57,0.00,0.00,22.51,921.84,18.98,71.24,127.41,83,0.00,0.00,0.00,23009
2022/6/21 18:13:47,0.00,0.00,22.56,921.77,18.98,71.31,120.00,84,0.00,0.00,0.00,23068
2022/6/21 18:15:37,0.00,0.00,22.59,921.81,18.99,71.37,131.25,84,0.00,0.00,0.00,23127
2022/6/21 18:17:28,0.00,0.00,22.59,921.84,18.99,71.23,123.12,84,0.00,0.00,0.00,23186
2022/6/21 18:19:18,0.00,0.00,22.60,921.91,18.99,71.15,125.98,83,0.00,0.00,0.00,23245
2022/6/21 18:21:8,0.00,0.00,22.64,921.94,18.98,71.22,138.75,83,0.00,0.00,0.00,23304
2022/6/21 18:22:59,0.00,0.00,22.65,922.29,18.97,71.28,112.27,84,0.00,0.00,0.00,23363
2022/6/21 18:26:39,0.00,0.00,22.64,922.16,18.94,71.31,120.93,84,0.00,0.00,0.00,23481
2022/6/21 18:28:30,0.00,0.00,22.67,921.89,18.93,71.28,126.07,83,0.00,0.00,0.00,23540
2022/6/21 18:30:20,0.00,0.00,22.64,921.77,18.92,71.32,125.97,84,0.00,0.00,0.00,23599
2022/6/21 18:32:11,0.00,0.00,22.63,921.79,18.92,71.38,120.00,84,0.00,0.00,0.00,23658
2022/6/21 18:34:1,0.00,0.00,22.61,921.62,18.92,71.36,121.36,84,0.00,0.00,0.00,23717
2022/6/21 18:35:51,0.00,0.00,22.64,921.69,18.93,71.35,124.12,83,0.00,0.00,0.00,23776
2022/6/21 18:37:42,0.00,0.00,22.64,921.69,18.94,71.34,120.08,83,0.00,0.00,0.00,23835
2022/6/21 18:39:32,0.00,0.00,22.70,921.62,18.96,71.29,123.92,83,0.00,0.00,0.00,23894
2022/6/21 18:41:22,0.00,0.00,22.75,921.42,18.97,71.17,123.27,84,0.00,0.00,0.00,23953
2022/6/21 18:43:13,0.00,0.00,22.75,921.37,18.97,71.17,129.00,83,0.00,0.00,0.00,24012
2022/6/21 18:45:3,0.00,0.00,22.74,921.22,18.97,71.16,122.47,83,0.00,0.00,0.00,24071
2022/6/21 18:46:53,0.00,0.00,22.69,921.34,18.98,71.14,122.85,83,0.00,0.00,0.00,24130
2022/6/21 18:48:44,0.00,0.00,22.70,921.12,18.98,71.16,121.44,83,0.00,0.00,0.00,24189
2022/6/21 18:50:34,0.00,0.00,22.74,921.12,19.00,71.12,121.51,84,0.00,0.00,0.00,24248
2022/6/21 18:52:24,0.00,0.00,22.81,921.14,19.01,71.08,123.12,83,0.00,0.00,0.00,24307
2022/6/21 18:54:15,0.00,0.00,22.81,920.92,19.02,71.08,126.02,84,0.00,0.00,0.00,24366
2022/6/21 18:56:5,0.00,0.00,22.82,920.87,19.02,71.09,125.54,83,0.00,0.00,0.00,24425
2022/6/21 18:57:55,0.00,0.00,22.77,920.65,19.02,71.06,125.59,83,0.00,0.00,0.00,24484
2022/6/21 18:59:46,0.00,0.00,22.75,920.75,19.02,71.02,123.66,83,0.00,0.00,0.00,24543
2022/6/21 19:1:36,0.00,0.00,22.76,921.00,19.03,71.24,124.46,83,0.00,0.00,0.00,24602
2022/6/21 19:3:26,0.00,0.00,22.81,920.97,19.05,71.35,126.12,83,0.00,0.00,0.00,24661
2022/6/21 19:5:17,0.00,0.00,22.87,920.85,19.06,71.25,126.12,83,0.00,0.00,0.00,24720
2022/6/21 19:7:7,0.00,0.00,22.86,920.87,19.08,71.28,122.86,83,0.00,0.00,0.00,24779
2022/6/21 19:8:57,0.00,0.00,22.81,921.04,19.08,71.39,122.14,83,0.00,0.00,0.00,24838
2022/6/21 19:10:48,0.00,0.00,22.85,920.72,19.09,71.31,120.81,83,0.00,0.00,0.00,24897
2022/6/21 19:12:38,0.00,0.00,22.84,920.72,19.09,71.26,121.10,84,0.00,0.00,0.00,24956
2022/6/21 19:14:28,0.00,0.00,22.81,920.85,19.08,71.38,122.47,84,0.00,0.00,0.00,25015
2022/6/21 19:16:19,0.00,0.00,22.80,920.67,19.08,71.44,120.41,84,0.00,0.00,0.00,25074
2022/6/21 19:18:9,0.00,0.00,22.75,920.70,19.07,71.41,121.71,84,0.00,0.00,0.00,25133
2022/6/21 19:19:59,0.00,0.00,22.72,920.99,19.07,71.35,118.32,84,0.00,0.00,0.00,25192
2022/6/21 19:21:50,0.00,0.00,22.72,920.72,19.06,71.27,121.25,83,0.00,0.00,0.00,25251
2022/6/21 19:23:40,0.00,0.00,22.64,920.47,19.05,71.17,118.81,83,0.00,0.00,0.00,25310
2022/6/21 19:25:31,0.00,0.00,22.56,920.55,19.04,71.10,133.75,84,0.00,0.00,0.00,25369
2022/6/21 19:27:21,0.00,0.00,22.51,920.55,19.03,71.02,122.73,83,0.00,0.00,0.00,25428
2022/6/21 19:29:11,0.00,0.00,22.54,920.65,19.02,70.97,124.19,83,0.00,0.00,0.00,25487
2022/6/21 19:31:2,0.00,0.00,22.59,920.65,19.01,70.93,123.98,83,0.00,0.00,0.00,25546
2022/6/21 19:32:52,0.00,0.00,22.59,920.45,19.00,71.01,123.03,83,0.00,0.00,0.00,25605
2022/6/21 19:34:42,0.00,0.00,22.54,920.65,19.00,71.09,123.88,84,0.00,0.00,0.00,25664
2022/6/21 19:36:33,0.00,0.00,22.53,920.62,18.99,71.12,125.92,83,0.00,0.00,0.00,25723
2022/6/21 19:38:23,0.00,0.00,22.49,920.60,18.98,71.12,121.34,83,0.00,0.00,0.00,25782
2022/6/21 19:40:13,0.00,0.00,22.44,921.12,18.97,71.13,120.15,84,0.00,0.00,0.00,25841
2022/6/21 19:42:4,0.00,0.00,22.42,921.29,18.97,71.17,121.71,83,0.00,0.00,0.00,25900
2022/6/21 19:43:54,0.00,0.00,22.48,921.27,18.97,71.13,126.37,83,0.00,0.00,0.00,25959
2022/6/21 19:45:44,0.00,0.00,22.55,920.97,18.97,71.20,121.22,83,0.00,0.00,0.00,26018
2022/6/21 19:47:35,0.00,0.00,22.60,921.07,18.97,71.28,121.83,83,0.00,0.00,0.00,26077
2022/6/21 19:49:25,0.00,0.00,22.62,921.09,18.96,71.30,122.42,84,0.00,0.00,0.00,26136
2022/6/21 19:51:15,0.00,0.00,22.67,921.44,18.97,71.28,124.03,83,0.00,0.00,0.00,26195
2022/6/21 19:53:6,0.00,0.00,22.70,921.49,18.99,71.30,124.81,83,0.00,0.00,0.00,26254
2022/6/21 19:54:56,0.00,0.00,22.77,921.52,19.00,71.21,123.27,84,0.00,0.00,0.00,26313
2022/6/21 19:56:46,0.00,0.00,22.81,921.39,19.01,71.20,123.24,83,0.00,0.00,0.00,26372
2022/6/21 19:58:37,0.00,0.00,22.82,921.47,19.01,71.18,124.29,83,0.00,0.00,0.00,26431
2022/6/21 20:0:27,0.00,0.00,22.80,921.57,19.01,71.16,125.95,83,0.00,0.00,0.00,26490
2022/6/21 20:2:17,0.00,0.00,22.77,921.72,19.02,71.14,122.80,84,0.00,0.00,0.00,26549
2022/6/21 20:4:8,0.00,0.00,22.80,921.67,19.03,71.13,124.88,84,0.00,0.00,0.00,26608
2022/6/21 20:5:58,0.00,0.00,22.83,921.74,19.04,71.08,121.53,84,0.00,0.00,0.00,26667
2022/6/21 20:7:48,0.00,0.00,22.90,921.47,19.05,70.97,125.15,83,0.00,0.00,0.00,26726
2022/6/21 20:11:29,0.00,0.00,22.91,921.47,19.06,70.94,121.98,84,0.00,0.00,0.00,26844
2022/6/21 20:13:19,0.00,0.00,22.87,921.37,19.05,70.93,126.14,83,0.00,0.00,0.00,26903
2022/6/21 20:15:10,0.00,0.00,22.80,921.42,19.05,71.04,123.32,83,0.00,0.00,0.00,26962
2022/6/21 20:17:0,0.00,0.00,22.79,921.67,19.05,71.32,121.47,84,0.00,0.00,0.00,27021
2022/6/21 20:18:51,0.00,0.00,22.79,921.54,19.05,71.54,127.39,83,0.00,0.00,0.00,27080
2022/6/21 20:20:41,0.00,0.00,22.76,921.52,19.05,71.72,131.75,83,0.00,0.00,0.00,27139
2022/6/21 20:22:31,0.00,0.00,22.75,921.49,19.04,71.85,126.12,84,0.00,0.00,0.00,27198
2022/6/21 20:24:22,0.00,0.00,22.71,921.22,19.04,71.95,123.73,83,0.00,0.00,0.00,27257
2022/6/21 20:26:12,0.00,0.00,22.64,921.22,19.03,71.96,122.37,84,0.00,0.00,0.00,27316
2022/6/21 20:28:2,0.00,0.00,22.56,921.09,19.03,71.99,124.68,83,0.00,0.00,0.00,27375
2022/6/21 20:29:53,0.00,0.00,22.53,921.07,19.02,71.98,124.29,84,0.00,0.00,0.00,27434
2022/6/21 20:31:43,0.00,0.00,22.53,920.95,19.02,71.98,121.51,84,0.00,0.00,0.00,27493
2022/6/21 20:33:33,0.00,0.00,22.54,920.97,19.02,71.96,124.83,84,0.00,0.00,0.00,27552
2022/6/21 20:35:24,0.00,0.00,22.50,920.72,19.01,71.98,121.27,83,0.00,0.00,0.00,27611
2022/6/21 20:37:14,0.00,0.00,22.49,920.97,19.00,71.97,116.02,83,0.00,0.00,0.00,27670
2022/6/21 20:39:4,0.00,0.00,22.50,920.65,19.00,71.90,114.49,83,0.00,0.00,0.00,27729
2022/6/21 20:40:55,0.00,0.00,22.49,920.55,18.99,71.86,137.44,83,0.00,0.00,0.00,27788
2022/6/21 20:42:45,0.00,0.00,22.44,920.55,18.99,71.84,105.05,84,0.00,0.00,0.00,27847
2022/6/21 20:44:35,0.00,0.00,22.43,920.82,18.99,71.86,126.42,83,0.00,0.00,0.00,27906
2022/6/21 20:46:26,0.00,0.00,22.46,920.92,18.98,71.86,121.75,84,0.00,0.00,0.00,27965
2022/6/21 20:48:16,0.00,0.00,22.50,920.57,18.98,71.93,137.88,84,0.00,0.00,0.00,28024
2022/6/21 20:50:6,0.00,0.00,22.52,920.32,18.98,72.00,104.00,84,0.00,0.00,0.00,28083
2022/6/21 20:51:57,0.00,0.00,22.57,920.45,18.99,72.11,78.73,84,0.00,0.00,0.00,28142
2022/6/21 20:53:47,0.00,0.00,22.64,920.40,19.00,72.03,116.07,84,0.00,0.00,0.00,28201
2022/6/21 20:55:37,0.00,0.00,22.71,920.37,19.01,71.95,118.58,84,0.00,0.00,0.00,28260
2022/6/21 20:59:18,0.00,0.00,22.78,920.42,19.02,71.96,113.93,84,0.00,0.00,0.00,28378
2022/6/21 21:1:8,0.00,0.00,22.76,920.37,19.03,71.99,123.46,84,0.00,0.00,0.00,28437
2022/6/21 21:2:59,0.00,0.00,22.75,920.50,19.03,72.04,120.92,84,0.00,0.00,0.00,28496
2022/6/21 21:4:49,0.00,0.00,22.76,920.35,19.05,72.11,115.56,83,0.00,0.00,0.00,28555
2022/6/21 21:6:40,0.00,0.00,22.78,920.55,19.06,72.01,119.25,83,0.00,0.00,0.00,28614
2022/6/21 21:8:30,0.00,0.00,22.82,920.55,19.07,71.90,140.44,84,0.00,0.00,0.00,28673
2022/6/21 21:10:20,0.00,0.00,22.87,920.45,19.08,71.89,161.25,83,0.00,0.00,0.00,28732
2022/6/21 21:12:11,0.00,0.00,22.84,920.45,19.08,71.96,114.36,83,0.00,0.00,0.00,28791
2022/6/21 21:14:1,0.00,0.00,22.83,920.30,19.07,72.02,125.22,83,0.00,0.00,0.00,28850
2022/6/21 21:15:51,0.00,0.00,22.75,920.37,19.07,72.02,110.14,83,0.00,0.00,0.00,28909
2022/6/21 21:17:42,0.00,0.00,22.70,920.35,19.07,71.96,124.32,83,0.00,0.00,0.00,28968
2022/6/21 21:19:32,0.00,0.00,22.67,920.25,19.06,71.89,123.95,84,0.00,0.00,0.00,29027
2022/6/21 21:21:22,0.00,0.00,22.66,920.20,19.06,71.83,120.02,84,0.00,0.00,0.00,29086
2022/6/21 21:23:13,0.00,0.00,22.62,920.22,19.05,71.81,117.03,83,0.00,0.00,0.00,29145
2022/6/21 21:25:3,0.00,0.00,22.61,920.35,19.05,71.77,116.83,83,0.00,0.00,0.00,29204
2022/6/21 21:26:53,0.00,0.00,22.54,920.13,19.05,71.72,127.20,137,0.54,0.00,0.00,29263
2022/6/21 21:28:44,0.00,0.00,22.55,920.30,19.04,71.74,123.69,328,0.00,0.00,0.00,29322
2022/6/21 21:30:34,0.00,0.00,22.57,920.20,19.04,71.69,120.86,328,0.00,0.00,0.00,29381
2022/6/21 21:32:24,0.00,0.00,22.55,920.05,19.03,71.68,121.00,329,0.00,0.00,0.00,29440
2022/6/21 21:34:15,0.00,0.00,22.49,920.17,19.03,71.72,124.47,325,0.00,0.00,0.00,29499
2022/6/21 21:36:5,0.00,0.00,22.50,920.32,19.04,71.82,131.37,320,0.00,0.00,0.00,29558
2022/6/21 21:37:55,0.00,0.00,22.47,920.25,19.04,71.88,130.61,330,0.00,0.00,0.00,29617
2022/6/21 21:39:46,0.00,0.00,22.45,920.17,19.05,71.96,116.27,330,0.00,0.00,0.00,29676
2022/6/21 21:41:36,0.00,0.00,22.54,920.35,19.07,72.17,120.19,330,0.00,0.00,0.00,29735
2022/6/21 21:43:26,0.00,0.00,22.69,920.37,19.09,72.07,117.36,330,0.00,0.00,0.00,29794
2022/6/21 21:45:17,0.00,0.00,22.78,920.57,19.10,71.88,115.12,330,0.00,0.00,0.00,29853
2022/6/21 21:47:7,0.00,0.00,22.81,920.57,19.12,72.02,120.63,330,0.00,0.00,0.00,29912
2022/6/21 21:48:58,0.00,0.00,22.86,920.47,19.14,71.96,123.05,330,0.00,0.00,0.00,29971
2022/6/21 21:50:48,0.00,0.00,22.90,920.47,19.15,71.87,118.66,330,0.00,0.00,0.00,30030
2022/6/21 21:52:38,0.00,0.00,22.94,920.20,19.18,71.80,119.25,330,0.00,0.00,0.00,30089
2022/6/21 21:54:29,0.00,0.00,22.93,920.37,19.20,71.83,120.76,330,0.00,0.00,0.00,30148
2022/6/21 21:56:19,0.00,0.00,22.98,920.47,19.22,71.67,120.32,330,0.00,0.00,0.00,30207
2022/6/21 21:58:9,0.00,0.00,23.06,921.12,19.23,71.40,120.12,330,0.00,0.00,0.00,30266
2022/6/21 22:0:0,0.00,0.00,23.04,921.44,19.22,71.34,118.14,330,0.00,0.00,0.00,30325
2022/6/21 22:1:50,0.00,0.00,22.95,921.59,19.21,71.42,118.69,330,0.00,0.00,0.00,30384
2022/6/21 22:3:40,0.00,0.00,22.87,921.67,19.20,71.62,117.76,330,0.00,0.00,0.00,30443
2022/6/21 22:5:31,0.00,0.00,22.87,920.67,19.21,71.73,118.51,330,0.00,0.00,0.00,30502
2022/6/21 22:7:21,0.00,0.00,22.89,920.40,19.23,71.72,119.41,330,0.00,0.00,0.00,30561
