2022/5/27 15:44:37,0.00,0.00,22.22,924.80,20.68,69.82,41.88,75,0.00,0.00,0.00,294
2022/5/27 15:46:12,0.00,0.00,22.25,924.75,20.68,69.86,43.78,75,0.00,0.00,0.00,353
2022/5/27 15:47:46,0.00,0.00,22.21,925.17,20.66,69.75,53.63,75,0.00,0.00,0.00,412
2022/5/27 15:49:21,0.00,0.00,22.16,925.34,20.65,69.71,51.17,75,0.00,0.00,0.00,471
2022/5/27 15:50:56,0.00,0.00,22.13,925.24,20.64,69.93,53.92,75,0.00,0.00,0.00,530
2022/5/27 15:52:31,0.00,0.00,22.16,925.10,20.62,70.14,55.90,75,0.00,0.00,0.00,589
2022/5/27 15:54:5,0.00,0.00,22.19,925.07,20.60,69.91,50.97,75,0.00,0.00,0.00,648
2022/5/27 15:55:40,0.00,0.00,22.18,925.37,20.59,69.87,49.02,75,0.00,0.00,0.00,707
2022/5/27 15:57:15,0.00,0.00,22.15,925.14,20.57,69.84,51.66,75,0.00,0.00,0.00,766
2022/5/27 15:58:49,0.00,0.00,22.12,925.34,20.55,69.89,53.31,75,0.00,0.00,0.00,825
2022/5/27 16:0:24,0.00,0.00,22.11,925.34,20.53,70.12,53.41,75,0.00,0.00,0.00,884
2022/5/27 16:1:59,0.00,0.00,22.12,925.27,20.50,70.35,52.25,75,0.00,0.00,0.00,943
