2022/6/12 0:0:23,0.00,0.00,21.00,928.85,17.59,50.18,116.29,119,0.00,0.00,0.00,166733
2022/6/12 0:2:14,0.00,0.00,21.06,928.75,17.59,50.16,132.75,119,0.00,0.00,0.00,166792
2022/6/12 0:4:4,0.00,0.00,21.07,928.55,17.60,50.01,124.59,119,0.00,0.00,0.00,166851
2022/6/12 0:5:54,0.00,0.00,21.23,928.75,17.61,49.91,142.32,119,0.00,0.00,0.00,166910
2022/6/12 0:7:45,0.00,0.00,21.25,928.75,17.59,50.00,136.19,119,0.00,0.00,0.00,166969
2022/6/12 0:9:35,0.00,0.00,21.25,928.57,17.59,49.99,123.59,119,0.00,0.00,0.00,167028
2022/6/12 0:11:25,0.00,0.00,21.24,928.25,17.59,50.03,128.73,119,0.00,0.00,0.00,167087
2022/6/12 0:13:16,0.00,0.00,21.23,928.18,17.59,50.17,131.90,119,0.00,0.00,0.00,167146
2022/6/12 0:15:6,0.00,0.00,21.22,927.95,17.59,50.17,136.93,119,0.00,0.00,0.00,167205
2022/6/12 0:16:56,0.00,0.00,21.21,927.85,17.58,50.18,132.83,119,0.00,0.00,0.00,167264
2022/6/12 0:18:47,0.00,0.00,21.19,927.85,17.56,50.14,123.63,119,0.00,0.00,0.00,167323
2022/6/12 0:20:37,0.00,0.00,21.17,927.83,17.55,50.28,127.95,119,0.00,0.00,0.00,167382
2022/6/12 0:22:27,0.00,0.00,21.14,927.73,17.53,50.25,125.36,119,0.00,0.00,0.00,167441
2022/6/12 0:24:18,0.00,0.00,21.10,927.65,17.52,50.14,140.07,119,0.00,0.00,0.00,167500
2022/6/12 0:26:8,0.00,0.00,21.11,927.80,17.51,50.23,147.34,119,0.00,0.00,0.00,167559
2022/6/12 0:27:58,0.00,0.00,21.15,927.88,17.52,50.35,173.83,119,0.00,0.00,0.00,167618
2022/6/12 0:29:49,0.00,0.00,21.20,927.83,17.53,50.31,167.10,119,0.00,0.00,0.00,167677
2022/6/12 0:31:39,0.00,0.00,21.21,928.00,17.55,50.22,140.02,119,0.00,0.00,0.00,167736
2022/6/12 0:33:29,0.00,0.00,21.18,927.98,17.56,50.28,137.88,119,0.00,0.00,0.00,167795
2022/6/12 0:35:20,0.00,0.00,21.21,927.70,17.58,50.32,148.22,119,0.00,0.00,0.00,167854
2022/6/12 0:37:10,0.00,0.00,21.23,927.88,17.59,50.37,142.92,119,0.00,0.00,0.00,167913
