2022/6/24 0:1:26,0.00,0.00,23.15,924.90,19.52,80.28,136.29,92,0.00,0.00,0.00,126613
2022/6/24 0:3:17,0.00,0.00,23.14,924.92,19.52,80.28,137.32,92,0.00,0.00,0.00,126672
2022/6/24 0:5:7,0.00,0.00,23.14,925.07,19.52,80.25,137.78,93,0.00,0.00,0.00,126731
2022/6/24 0:6:58,0.00,0.00,23.12,925.00,19.52,80.24,137.92,92,0.00,0.00,0.00,126790
2022/6/24 0:8:48,0.00,0.00,23.12,925.07,19.52,80.24,137.58,92,0.00,0.00,0.00,126849
2022/6/24 0:10:38,0.00,0.00,23.12,925.05,19.52,80.23,137.73,92,0.00,0.00,0.00,126908
2022/6/24 0:12:29,0.00,0.00,23.13,924.85,19.52,80.22,148.20,92,0.00,0.00,0.00,126967
2022/6/24 0:14:19,0.00,0.00,23.12,924.82,19.52,80.19,176.47,92,0.00,0.00,0.00,127026
2022/6/24 0:16:9,0.00,0.00,23.12,924.90,19.52,80.19,138.61,92,0.00,0.00,0.00,127085
2022/6/24 0:18:0,0.00,0.00,23.13,924.82,19.52,80.16,135.56,92,0.00,0.00,0.00,127144
2022/6/24 0:19:50,0.00,0.00,23.13,924.87,19.52,80.18,137.66,92,0.00,0.00,0.00,127203
2022/6/24 0:21:40,0.00,0.00,23.16,924.82,19.52,80.17,127.05,92,0.00,0.00,0.00,127262
2022/6/24 0:23:31,0.00,0.00,23.16,924.85,19.51,80.17,129.25,92,0.00,0.00,0.00,127321
2022/6/24 0:25:21,0.00,0.00,23.16,925.10,19.51,80.17,132.93,92,0.00,0.00,0.00,127380
2022/6/24 0:27:11,0.00,0.00,23.13,924.95,19.51,80.17,129.53,93,0.00,0.00,0.00,127439
2022/6/24 0:29:2,0.00,0.00,23.12,925.00,19.51,80.16,132.86,92,0.00,0.00,0.00,127498
