2022/7/1 0:0:27,0.00,0.00,22.55,924.77,18.97,68.16,139.17,335,0.00,0.00,0.00,55754
2022/7/1 0:2:17,0.00,0.00,22.52,924.87,18.96,68.28,137.81,335,0.00,0.00,0.00,55813
2022/7/1 0:4:8,0.00,0.00,22.51,924.77,18.95,68.36,137.05,336,0.00,0.00,0.00,55872
2022/7/1 0:5:58,0.00,0.00,22.50,924.75,18.94,68.47,140.85,335,0.00,0.00,0.00,55931
2022/7/1 0:7:48,0.00,0.00,22.49,924.85,18.93,68.62,140.19,335,0.00,0.00,0.00,55990
2022/7/1 0:9:39,0.00,0.00,22.49,924.85,18.92,68.63,137.02,336,0.00,0.00,0.00,56049
2022/7/1 0:11:29,0.00,0.00,22.46,924.85,18.91,68.67,136.41,336,0.00,0.00,0.00,56108
2022/7/1 0:13:19,0.00,0.00,22.44,924.82,18.90,68.70,136.53,336,0.00,0.00,0.00,56167
2022/7/1 0:15:10,0.00,0.00,22.46,924.67,18.89,68.78,137.78,336,0.00,0.00,0.00,56226
2022/7/1 0:17:0,0.00,0.00,22.45,924.82,18.88,68.82,133.97,336,0.00,0.00,0.00,56285
2022/7/1 0:18:50,0.00,0.00,22.44,924.82,18.88,68.85,137.53,335,0.00,0.00,0.00,56344
2022/7/1 0:20:41,0.00,0.00,22.44,924.92,18.87,68.96,142.90,335,0.00,0.00,0.00,56403
2022/7/1 0:22:31,0.00,0.00,22.44,924.67,18.86,69.09,142.36,335,0.00,0.00,0.00,56462
