2022/6/1 0:0:4,0.00,0.00,21.09,923.28,998.00,998.00,100.07,11,0.00,0.00,0.00,1428
2022/6/1 0:1:32,0.00,0.00,21.05,923.26,998.00,998.00,106.61,11,0.00,0.00,0.00,1487
2022/6/1 0:3:1,0.00,0.00,21.05,923.33,998.00,998.00,93.24,11,0.00,0.00,0.00,1546
2022/6/1 0:4:30,0.00,0.00,21.02,923.38,998.00,998.00,106.22,10,0.00,0.00,0.00,1605
2022/6/1 0:5:59,0.00,0.00,21.01,923.31,998.00,998.00,97.58,10,0.00,0.00,0.00,1664
2022/6/1 0:7:27,0.00,0.00,21.00,924.00,998.00,998.00,103.10,11,0.00,0.00,0.00,1723
2022/6/1 0:8:56,0.00,0.00,20.99,924.25,998.00,998.00,105.86,11,0.00,0.00,0.00,1782
2022/6/1 0:10:25,0.00,0.00,20.98,923.63,998.00,998.00,94.07,11,0.00,0.00,0.00,1841
2022/6/1 0:11:53,0.00,0.00,20.94,923.33,998.00,998.00,94.69,11,0.00,0.00,0.00,1900
2022/6/1 0:13:22,0.00,0.00,20.90,923.31,998.00,998.00,129.05,11,0.00,0.00,0.00,1959
2022/6/1 0:14:51,0.00,0.00,20.89,923.28,998.00,998.00,108.29,11,0.00,0.00,0.00,2018
2022/6/1 0:16:19,0.00,0.00,20.88,923.28,998.00,998.00,108.54,11,0.00,0.00,0.00,2077
2022/6/1 0:17:48,0.00,0.00,20.88,923.26,998.00,998.00,103.34,11,0.00,0.00,0.00,2136
2022/6/1 0:19:17,0.00,0.00,20.92,923.26,998.00,998.00,126.98,10,0.00,0.00,0.00,2195
2022/6/1 0:20:45,0.00,0.00,20.94,923.23,998.00,998.00,120.66,11,0.00,0.00,0.00,2254
2022/6/1 0:22:14,0.00,0.00,20.93,923.31,998.00,998.00,119.39,11,0.00,0.00,0.00,2313
2022/6/1 0:23:43,0.00,0.00,20.95,923.33,998.00,998.00,81.97,11,0.00,0.00,0.00,2372
2022/6/1 0:25:11,0.00,0.00,20.96,923.43,998.00,998.00,102.29,11,0.00,0.00,0.00,2431
2022/6/1 0:26:40,0.00,0.00,20.96,923.60,998.00,998.00,123.42,11,0.00,0.00,0.00,2490
2022/6/1 0:28:9,0.00,0.00,20.94,923.63,998.00,998.00,102.66,11,0.00,0.00,0.00,2549
2022/6/1 0:29:37,0.00,0.00,20.96,923.73,998.00,998.00,103.83,11,0.00,0.00,0.00,2608
2022/6/1 0:31:6,0.00,0.00,20.92,923.33,998.00,998.00,116.83,11,0.00,0.00,0.00,2667
2022/6/1 0:32:35,0.00,0.00,20.91,923.50,998.00,998.00,111.39,11,0.00,0.00,0.00,2726
2022/6/1 0:34:3,0.00,0.00,20.90,923.36,998.00,998.00,92.19,11,0.00,0.00,0.00,2785
2022/6/1 0:35:32,0.00,0.00,20.89,923.21,998.00,998.00,118.08,10,0.00,0.00,0.00,2844
2022/6/1 0:37:1,0.00,0.00,20.89,923.31,998.00,998.00,126.88,11,0.00,0.00,0.00,2903
2022/6/1 0:38:29,0.00,0.00,20.88,923.33,998.00,998.00,106.05,11,0.00,0.00,0.00,2962
2022/6/1 0:39:58,0.00,0.00,20.85,923.36,998.00,998.00,112.83,11,0.00,0.00,0.00,3021
2022/6/1 0:41:27,0.00,0.00,20.85,923.28,998.00,998.00,112.80,11,0.00,0.00,0.00,3080
2022/6/1 0:42:55,0.00,0.00,20.86,923.36,998.00,998.00,111.75,11,0.00,0.00,0.00,3139
2022/6/1 0:44:24,0.00,0.00,20.87,923.33,998.00,998.00,160.81,11,0.00,0.00,0.00,3198
2022/6/1 0:45:53,0.00,0.00,20.87,923.28,998.00,998.00,150.02,11,0.00,0.00,0.00,3257
2022/6/1 0:47:21,0.00,0.00,20.84,923.28,998.00,998.00,110.05,11,0.00,0.00,0.00,3316
2022/6/1 0:48:50,0.00,0.00,20.83,923.23,998.00,998.00,117.03,11,0.00,0.00,0.00,3375
2022/6/1 0:50:19,0.00,0.00,20.85,923.31,998.00,998.00,108.78,11,0.00,0.00,0.00,3434
2022/6/1 0:51:47,0.00,0.00,20.81,923.31,998.00,998.00,111.98,11,0.00,0.00,0.00,3493
2022/6/1 0:53:16,0.00,0.00,20.80,923.45,998.00,998.00,124.78,11,0.00,0.00,0.00,3552
2022/6/1 0:54:45,0.00,0.00,20.80,923.58,998.00,998.00,100.12,11,0.00,0.00,0.00,3611
2022/6/1 0:56:13,0.00,0.00,20.83,923.41,998.00,998.00,103.69,11,0.00,0.00,0.00,3670
2022/6/1 0:57:42,0.00,0.00,20.81,923.23,998.00,998.00,102.81,11,0.00,0.00,0.00,3729
2022/6/1 0:59:11,0.00,0.00,20.81,923.31,998.00,998.00,110.83,11,0.00,0.00,0.00,3788
2022/6/1 1:0:39,0.00,0.00,20.81,923.31,998.00,998.00,93.81,10,0.00,0.00,0.00,3847
2022/6/1 1:2:8,0.00,0.00,20.81,923.18,998.00,998.00,100.58,11,0.00,0.00,0.00,3906
2022/6/1 1:3:37,0.00,0.00,20.81,923.03,998.00,998.00,121.98,11,0.00,0.00,0.00,3965
2022/6/1 1:5:5,0.00,0.00,20.81,923.21,998.00,998.00,121.95,11,0.00,0.00,0.00,4024
2022/6/1 1:6:34,0.00,0.00,20.78,923.23,998.00,998.00,109.32,11,0.00,0.00,0.00,4083
2022/6/1 1:8:3,0.00,0.00,20.78,923.23,998.00,998.00,77.36,11,0.00,0.00,0.00,4142
2022/6/1 1:9:31,0.00,0.00,20.76,923.23,998.00,998.00,103.34,11,0.00,0.00,0.00,4201
2022/6/1 1:11:0,0.00,0.00,20.75,923.06,998.00,998.00,77.71,10,0.00,0.00,0.00,4260
2022/6/1 1:12:29,0.00,0.00,20.76,923.18,998.00,998.00,111.75,11,0.00,0.00,0.00,4319
2022/6/1 1:13:57,0.00,0.00,20.76,923.23,998.00,998.00,92.24,11,0.00,0.00,0.00,4378
2022/6/1 1:15:26,0.00,0.00,20.76,923.18,998.00,998.00,114.83,11,0.00,0.00,0.00,4437
