Time,Battery,Solar_panel,Indoor_temperature,Pressure,Outdoor_temperature,Outdoor_humidity,Solar_radiation,Wind_direction,Wind_speed,Rainfall_1,Rainfall_2,Counter
2022-08-27 03:09:46,0.0,4.91,22.0,794.0,20.71,64.16,200.64,109,0.0,0.0,0.0,58
2022-08-27 03:10:49,0.0,4.92,22.0,794.0,20.7,64.19,196.34,108,0.0,0.0,0.0,117
2022-08-27 03:11:53,0.0,4.92,22.0,794.0,20.7,64.15,200.76,109,0.0,0.0,0.0,176
2022-08-27 03:12:57,0.0,4.92,22.0,794.02,20.7,64.1,195.24,107,0.0,0.0,0.0,235
2022-08-27 03:14:00,0.0,4.92,22.0,794.0,20.69,64.06,197.75,108,0.0,0.0,0.0,294
2022-08-27 03:15:04,0.0,4.92,22.0,794.0,20.69,63.88,200.68,109,0.0,0.0,0.0,353
2022-08-27 03:16:08,0.0,4.92,22.0,794.0,20.68,63.84,198.46,108,0.0,0.0,0.0,412
2022-08-27 03:17:12,0.0,4.92,22.0,794.0,20.68,63.95,198.31,108,0.0,0.0,0.0,471
2022-08-27 03:18:46,0.0,4.92,22.0,794.02,20.68,64.0,198.46,108,0.0,0.0,0.0,58
2022-08-27 03:19:49,0.0,4.92,22.0,794.0,20.68,64.07,195.44,107,0.0,0.0,0.0,117
2022-08-27 03:20:53,0.0,4.92,22.0,794.02,20.68,64.08,198.29,108,0.0,0.0,0.0,176
2022-08-27 03:21:57,0.0,4.92,22.0,794.05,20.68,64.04,199.47,108,0.0,0.0,0.0,235
2022-08-27 03:23:00,0.0,4.92,22.0,794.07,20.68,64.02,195.25,107,0.0,0.0,0.0,294
2022-08-27 03:24:04,0.0,4.92,22.0,794.0,20.69,64.01,194.64,107,0.0,0.0,0.0,353
2022-08-27 03:25:08,0.0,4.92,22.0,794.0,20.69,63.98,198.76,108,0.0,0.0,0.0,412
2022-08-27 03:26:12,0.0,4.92,22.0,794.0,20.69,63.93,199.53,108,0.0,0.0,0.0,471
2022-08-27 03:27:46,0.0,4.91,22.0,794.0,20.68,63.82,199.05,108,0.0,0.0,0.0,58
2022-08-27 03:28:49,0.0,4.92,22.0,794.0,20.68,63.83,197.41,107,0.0,0.0,0.0,117
2022-08-27 03:29:53,0.0,4.92,22.0,794.0,20.68,63.74,200.12,108,0.0,0.0,0.0,176
2022-08-27 03:30:57,0.0,4.92,22.0,794.02,20.67,63.61,194.8,107,0.0,0.0,0.0,235
2022-08-27 03:32:00,0.0,4.91,22.0,794.05,20.67,63.53,203.8,109,0.0,0.0,0.0,294
2022-08-27 03:33:04,0.0,4.91,22.0,794.0,20.67,63.51,196.51,107,0.0,0.0,0.0,353
2022-08-27 03:34:08,0.0,4.9,22.0,794.0,20.67,63.56,198.31,107,0.0,0.0,0.0,412
2022-08-27 03:35:12,0.0,4.9,22.0,794.02,20.67,63.55,197.8,107,0.0,0.0,0.0,471
2022-08-27 03:36:46,0.0,4.89,22.0,794.02,20.66,63.39,197.95,107,0.0,0.0,0.0,58
2022-08-27 03:37:49,0.0,4.9,22.0,794.0,20.66,63.36,202.17,108,0.0,0.0,0.0,117
2022-08-27 03:38:53,0.0,4.9,22.0,794.07,20.65,63.32,199.07,107,0.0,0.0,0.0,176
2022-08-27 03:39:57,0.0,4.9,22.0,794.05,20.65,63.21,199.92,108,0.0,0.0,0.0,235
2022-08-27 03:41:00,0.0,4.9,22.0,794.05,20.65,63.24,200.1,108,0.0,0.0,0.0,294
2022-08-27 03:42:04,0.0,4.91,22.0,794.0,20.64,63.25,197.29,107,0.0,0.0,0.0,353
2022-08-27 03:43:08,0.0,4.92,22.0,794.0,20.64,63.19,198.51,107,0.0,0.0,0.0,412
2022-08-27 03:44:12,0.0,4.92,22.0,794.0,20.64,63.29,201.98,108,0.0,0.0,0.0,471
2022-08-27 03:45:46,0.0,4.91,22.0,794.0,20.64,63.29,200.81,108,0.0,0.0,0.0,58
2022-08-27 03:46:49,0.0,4.92,22.0,794.02,20.63,63.23,200.24,108,0.0,0.0,0.0,117
2022-08-27 03:47:53,0.0,4.92,22.0,794.0,20.63,63.18,201.24,108,0.0,0.0,0.0,176
2022-08-27 03:48:57,0.0,4.92,22.0,794.02,20.63,63.18,202.95,108,0.0,0.0,0.0,235
2022-08-27 03:50:00,0.0,4.92,22.0,794.0,20.63,63.16,196.32,106,0.0,0.0,0.0,294
2022-08-27 03:51:04,0.0,4.92,22.0,794.07,20.63,63.19,197.42,107,0.0,0.0,0.0,353
2022-08-27 03:52:08,0.0,4.91,22.0,794.0,20.63,63.22,198.92,107,0.0,0.0,0.0,412
2022-08-27 03:53:12,0.0,4.9,22.0,794.05,20.63,63.22,201.68,108,0.0,0.0,0.0,471
2022-08-27 03:54:46,0.0,4.89,22.0,794.0,20.63,63.2,202.31,108,0.0,0.0,0.0,58
2022-08-27 03:55:49,0.0,4.89,22.0,794.0,20.63,63.16,203.0,108,0.0,0.0,0.0,117
2022-08-27 03:56:53,0.0,4.89,22.0,794.0,20.63,63.15,200.53,108,0.0,0.0,0.0,176
2022-08-27 03:57:57,0.0,4.89,22.0,794.0,20.63,63.06,199.9,107,0.0,0.0,0.0,235
2022-08-27 03:59:00,0.0,4.9,22.0,794.05,20.63,62.94,201.27,108,0.0,0.0,0.0,294
2022-08-27 04:00:04,0.0,4.92,22.0,794.07,20.62,62.95,197.81,106,0.0,0.0,0.0,353
2022-08-27 04:01:08,0.0,4.92,22.0,794.0,20.62,62.98,198.66,107,0.0,0.0,0.0,412
2022-08-27 04:02:12,0.0,4.92,22.0,794.0,20.62,62.96,201.22,108,0.0,0.0,0.0,471
2022-08-27 04:03:46,0.0,4.91,22.0,794.0,20.62,62.97,203.22,108,0.0,0.0,0.0,58
2022-08-27 04:04:49,0.0,4.92,22.0,794.02,20.62,62.94,201.69,108,0.0,0.0,0.0,117
2022-08-27 04:06:57,0.0,4.92,22.0,794.05,20.62,63.02,196.34,106,0.0,0.0,0.0,235
2022-08-27 04:08:00,0.0,4.92,22.0,794.0,20.62,63.02,203.36,108,0.0,0.0,0.0,294
2022-08-27 04:09:04,0.0,4.92,22.0,794.0,20.62,63.04,201.73,108,0.0,0.0,0.0,353
2022-08-27 04:10:08,0.0,4.92,22.0,794.0,20.62,63.0,199.24,107,0.0,0.0,0.0,412
2022-08-27 04:11:12,0.0,4.92,22.0,794.07,20.63,62.99,200.12,107,0.0,0.0,0.0,471
2022-08-27 04:12:46,0.0,4.91,22.0,794.0,20.63,63.05,199.86,107,0.0,0.0,0.0,58
2022-08-27 04:13:49,0.0,4.92,22.0,794.02,20.63,62.96,202.61,108,0.0,0.0,0.0,117
2022-08-27 04:14:53,0.0,4.92,22.0,794.0,20.63,63.02,196.75,106,0.0,0.0,0.0,176
2022-08-27 04:15:57,0.0,4.92,22.0,794.02,20.63,63.11,197.31,107,0.0,0.0,0.0,235
2022-08-27 04:17:00,0.0,4.92,22.0,794.02,20.63,63.12,200.75,108,0.0,0.0,0.0,294
2022-08-27 04:18:04,0.0,4.92,22.0,794.0,20.64,63.06,201.61,108,0.0,0.0,0.0,353
2022-08-27 04:19:08,0.0,4.92,22.0,794.07,20.64,63.09,200.47,107,0.0,0.0,0.0,412
2022-08-27 04:20:12,0.0,4.92,22.0,794.0,20.64,63.15,197.29,106,0.0,0.0,0.0,471
2022-08-27 04:21:46,0.0,4.91,22.0,794.0,20.65,63.16,199.86,107,0.0,0.0,0.0,58
2022-08-27 04:22:49,0.0,4.92,22.0,794.0,20.65,63.16,202.14,108,0.0,0.0,0.0,117
2022-08-27 04:23:53,0.0,4.92,22.0,794.0,20.65,63.26,198.93,107,0.0,0.0,0.0,176
2022-08-27 04:24:57,0.0,4.92,22.0,794.0,20.65,63.21,198.68,107,0.0,0.0,0.0,235
2022-08-27 04:26:00,0.0,4.93,22.0,794.0,20.65,63.23,194.64,106,0.0,0.0,0.0,294
2022-08-27 04:27:04,0.0,4.92,22.0,794.0,20.65,63.25,199.24,108,0.0,0.0,0.0,353
2022-08-27 04:28:08,0.0,4.93,22.0,794.0,20.65,63.25,202.15,108,0.0,0.0,0.0,412
2022-08-27 04:29:11,0.0,4.92,22.0,794.07,20.65,63.29,204.08,108,0.0,0.0,0.0,471
2022-08-27 04:30:46,0.0,4.91,22.0,794.0,20.65,63.26,206.64,110,0.0,0.0,0.0,58
2022-08-27 04:31:49,0.0,4.92,22.0,794.0,20.65,63.29,199.31,107,0.0,0.0,0.0,117
2022-08-27 04:32:53,0.0,4.92,22.0,794.0,20.65,63.3,198.34,107,0.0,0.0,0.0,176
2022-08-27 04:33:57,0.0,4.92,22.0,794.0,20.66,63.31,197.68,107,0.0,0.0,0.0,235
2022-08-27 04:35:00,0.0,4.92,22.0,794.07,20.66,63.27,200.85,108,0.0,0.0,0.0,294
2022-08-27 04:36:04,0.0,4.92,22.0,794.1,20.66,63.22,202.41,108,0.0,0.0,0.0,353
2022-08-27 04:37:08,0.0,4.92,22.0,794.0,20.66,63.21,199.97,107,0.0,0.0,0.0,412
2022-08-27 04:38:12,0.0,4.92,22.0,794.02,20.66,63.21,200.78,107,0.0,0.0,0.0,471
2022-08-27 04:39:46,0.0,4.91,22.0,794.0,20.65,63.28,196.58,106,0.0,0.0,0.0,58
2022-08-27 04:40:49,0.01,4.92,22.0,794.0,20.65,63.3,199.36,107,0.0,0.0,0.0,117
2022-08-27 04:41:53,0.0,4.92,22.0,794.0,20.64,63.26,198.75,107,0.0,0.0,0.0,176
2022-08-27 04:42:57,0.0,4.92,22.0,794.05,20.64,63.21,197.22,106,0.0,0.0,0.0,235
2022-08-27 04:44:00,0.0,4.92,22.0,794.0,20.63,63.16,201.42,108,0.0,0.0,0.0,294
2022-08-27 04:45:04,0.0,4.92,22.0,794.0,20.62,63.06,197.81,106,0.0,0.0,0.0,353
2022-08-27 04:46:08,0.0,4.92,22.0,794.02,20.62,62.98,202.47,108,0.0,0.0,0.0,412
2022-08-27 08:37:17,0.0,4.89,21.03,794.05,20.12,61.6,216.8,109,0.0,0.0,0.0,58
2022-08-27 08:38:21,0.0,4.9,21.03,794.0,20.14,61.76,216.05,109,0.0,0.0,0.0,117
2022-08-27 08:39:25,0.0,4.91,21.0,794.0,20.16,61.83,210.2,107,0.0,0.0,0.0,176
2022-08-27 08:40:28,0.0,4.91,21.03,794.0,20.17,61.88,209.73,107,0.0,0.0,0.0,235
2022-08-27 08:41:32,0.0,4.9,21.02,794.0,20.18,61.92,207.42,106,0.0,0.0,0.0,294
2022-08-27 08:42:36,0.0,4.9,21.05,794.05,20.18,61.93,210.64,107,0.0,0.0,0.0,353
2022-08-27 08:43:39,0.0,4.9,21.0,794.0,20.19,61.85,210.02,107,0.0,0.0,0.0,412
2022-08-27 08:44:43,0.0,4.9,21.03,794.0,20.2,61.78,206.95,106,0.0,0.0,0.0,471
2022-08-27 08:46:17,0.0,4.89,21.0,794.0,20.2,61.74,212.8,109,0.0,0.0,0.0,58
2022-08-27 08:47:21,0.0,4.9,21.03,794.0,20.21,61.67,200.81,103,0.0,0.0,0.0,117
2022-08-27 08:48:25,0.0,4.91,21.0,794.0,20.2,61.55,213.66,108,0.0,0.0,0.0,176
2022-08-27 08:49:28,0.0,4.91,21.03,794.0,20.21,61.31,213.2,109,0.0,0.0,0.0,235
2022-08-27 08:50:32,0.0,4.91,21.0,794.05,20.22,61.39,207.25,107,0.0,0.0,0.0,294
2022-08-27 08:51:36,0.0,4.91,21.03,794.0,20.22,61.36,206.9,106,0.0,0.0,0.0,353
2022-08-27 08:52:39,0.0,4.91,21.0,794.0,20.23,61.4,211.24,107,0.0,0.0,0.0,412
2022-08-27 08:53:43,0.0,4.91,21.03,794.0,20.24,61.39,205.39,105,0.0,0.0,0.0,471
2022-08-27 09:10:01,0.0,4.89,21.0,794.0,20.22,61.35,219.68,110,0.0,0.0,0.0,58
2022-08-27 09:11:05,0.0,4.89,21.03,794.0,20.24,61.27,210.34,106,0.0,0.0,0.0,117
2022-08-27 09:12:08,0.0,4.88,21.0,794.0,20.25,61.15,209.97,107,0.0,0.0,0.0,176
2022-08-27 09:13:12,0.0,4.88,21.1,794.05,20.26,61.18,208.42,106,0.0,0.0,0.0,235
2022-08-27 09:14:16,0.0,4.89,21.34,794.0,20.27,61.18,210.17,107,0.0,0.0,0.0,294
2022-08-27 09:15:20,0.0,4.89,21.44,794.0,20.27,61.22,207.66,106,0.0,0.0,0.0,353
2022-08-27 09:16:23,0.0,4.89,21.39,794.0,20.27,61.25,208.95,106,0.0,0.0,0.0,412
2022-08-27 09:17:27,0.0,4.89,21.42,794.0,20.27,61.26,205.39,105,0.0,0.0,0.0,471
2022-08-27 09:19:01,0.0,4.89,21.51,794.0,20.28,61.24,208.44,106,0.0,0.0,0.0,58
2022-08-27 09:20:05,0.0,4.9,21.54,794.0,20.28,61.2,211.15,107,0.0,0.0,0.0,117
2022-08-27 09:21:08,0.0,4.9,21.58,794.0,20.29,61.12,208.17,106,0.0,0.0,0.0,176
2022-08-27 09:22:12,0.0,4.91,21.58,794.02,20.29,61.07,210.51,107,0.0,0.0,0.0,235
2022-08-27 09:23:16,0.0,4.91,21.53,794.0,20.29,61.1,203.17,105,0.0,0.0,0.0,294
2022-08-27 09:24:20,0.0,4.91,21.76,794.0,20.29,61.2,213.93,108,0.0,0.0,0.0,353
2022-08-27 09:25:23,0.0,4.91,22.0,794.0,20.29,61.27,205.15,105,0.0,0.0,0.0,412
2022-08-27 09:26:27,0.0,4.92,22.0,794.0,20.29,61.26,208.85,107,0.0,0.0,0.0,471
2022-08-27 09:28:01,0.0,4.91,22.0,794.0,20.29,61.46,212.49,108,0.0,0.0,0.0,58
2022-08-27 09:29:05,0.0,4.92,22.0,794.0,20.3,61.62,207.39,106,0.0,0.0,0.0,117
2022-08-27 09:30:08,0.0,4.92,22.0,794.0,20.3,61.64,206.39,106,0.0,0.0,0.0,176
2022-08-27 09:31:12,0.0,4.91,22.0,794.0,20.31,61.62,205.27,105,0.0,0.0,0.0,235
2022-08-27 09:32:16,0.0,4.91,22.0,794.0,20.32,61.62,208.73,107,0.0,0.0,0.0,294
2022-08-27 09:33:19,0.0,4.92,22.0,794.0,20.33,61.67,205.53,105,0.0,0.0,0.0,353
2022-08-27 09:34:23,0.0,4.92,22.0,794.0,20.34,61.59,207.05,106,0.0,0.0,0.0,412
2022-08-27 09:35:27,0.0,4.92,22.0,794.0,20.34,61.55,206.12,106,0.0,0.0,0.0,471
2022-08-27 09:37:01,0.0,4.91,22.0,794.0,20.35,61.46,204.56,105,0.0,0.0,0.0,58
2022-08-27 09:38:05,0.0,4.92,22.0,794.05,20.35,61.33,205.15,105,0.0,0.0,0.0,117
2022-08-27 09:39:08,0.0,4.92,22.0,794.02,20.36,61.31,205.07,105,0.0,0.0,0.0,176
2022-08-27 09:40:12,0.0,4.91,22.0,794.0,20.37,61.22,209.69,107,0.0,0.0,0.0,235
2022-08-27 09:41:16,0.0,4.91,22.0,794.0,20.37,61.08,204.66,105,0.0,0.0,0.0,294
2022-08-27 09:42:20,0.0,4.91,22.0,794.02,20.37,61.03,204.46,105,0.0,0.0,0.0,353
2022-08-27 09:43:23,0.0,4.91,22.0,794.0,20.38,60.99,208.03,106,0.0,0.0,0.0,412
2022-08-27 09:44:27,0.0,4.91,22.0,794.0,20.38,60.93,203.9,105,0.0,0.0,0.0,471
2022-08-27 09:46:01,0.0,4.91,22.0,794.0,20.39,60.86,210.32,107,0.0,0.0,0.0,58
2022-08-27 09:47:05,0.0,4.91,22.0,794.0,20.39,60.89,206.22,105,0.0,0.0,0.0,117
2022-08-27 09:49:12,0.0,4.91,22.0,794.0,20.38,60.7,204.1,105,0.0,0.0,0.0,235
2022-08-27 09:50:16,0.0,4.91,22.0,794.0,20.39,60.76,208.61,106,0.0,0.0,0.0,294
2022-08-27 09:51:20,0.0,4.91,22.0,794.07,20.39,60.77,207.24,106,0.0,0.0,0.0,353
2022-08-27 09:52:23,0.0,4.9,22.0,794.0,20.39,60.72,204.59,105,0.0,0.0,0.0,412
2022-08-27 09:53:27,0.0,4.9,22.0,794.0,20.4,60.55,203.12,104,0.0,0.0,0.0,471
2022-08-27 09:55:01,0.0,4.89,22.0,794.07,20.41,60.47,205.05,105,0.0,0.0,0.0,58
2022-08-27 09:56:05,0.0,4.9,22.0,794.0,20.41,60.5,205.05,105,0.0,0.0,0.0,117
2022-08-27 09:57:08,0.0,4.9,22.0,794.02,20.41,60.42,205.24,105,0.0,0.0,0.0,176
2022-08-27 09:58:12,0.0,4.9,22.0,794.0,20.41,60.41,208.2,106,0.0,0.0,0.0,235
2022-08-27 09:59:16,0.0,4.9,22.0,794.0,20.41,60.27,206.85,105,0.0,0.0,0.0,294
2022-08-27 10:00:19,0.0,4.9,22.0,794.0,20.41,60.3,204.25,104,0.0,0.0,0.0,353
2022-08-27 10:01:23,0.0,4.9,22.0,794.02,20.42,60.27,206.98,105,0.0,0.0,0.0,412
2022-08-27 10:02:27,0.0,4.9,22.0,794.0,20.42,60.15,204.58,104,0.0,0.0,0.0,471
2022-08-27 10:04:01,0.0,4.89,22.0,794.0,20.42,60.02,210.0,106,0.0,0.0,0.0,58
2022-08-27 10:05:05,0.0,4.9,22.0,794.0,20.43,60.06,207.88,105,0.0,0.0,0.0,117
2022-08-27 10:06:08,0.0,4.9,22.0,794.0,20.43,59.88,208.37,105,0.0,0.0,0.0,176
2022-08-27 10:07:12,0.0,4.9,22.0,794.05,20.44,59.91,204.22,104,0.0,0.0,0.0,235
2022-08-27 10:08:16,0.0,4.9,22.0,794.0,20.44,59.83,206.34,105,0.0,0.0,0.0,294
2022-08-27 10:09:19,0.0,4.9,22.0,794.0,20.44,59.83,208.07,105,0.0,0.0,0.0,353
2022-08-27 10:10:23,0.0,4.9,22.0,794.02,20.44,59.75,207.24,105,0.0,0.0,0.0,412
2022-08-27 10:11:27,0.0,4.9,22.0,794.0,20.44,59.6,208.54,105,0.0,0.0,0.0,471
2022-08-27 10:13:01,0.0,4.89,22.0,794.0,20.45,59.5,208.95,106,0.0,0.0,0.0,58
2022-08-27 10:14:05,0.0,4.9,22.0,794.02,20.45,59.45,206.68,105,0.0,0.0,0.0,117
2022-08-27 10:15:08,0.0,4.9,22.0,794.05,20.45,59.38,208.93,105,0.0,0.0,0.0,176
2022-08-27 10:16:12,0.0,4.9,22.0,794.0,20.46,59.33,208.78,105,0.0,0.0,0.0,235
2022-08-27 10:17:16,0.0,4.9,22.0,794.0,20.46,59.18,205.58,104,0.0,0.0,0.0,294
2022-08-27 10:18:19,0.0,4.9,22.0,794.0,20.47,59.25,209.1,105,0.0,0.0,0.0,353
2022-08-27 10:19:23,0.0,4.9,22.0,794.0,20.47,59.29,208.9,105,0.0,0.0,0.0,412
2022-08-27 10:20:27,0.0,4.89,22.0,794.07,20.47,59.15,210.25,106,0.0,0.0,0.0,471
2022-08-27 10:22:01,0.0,4.89,22.0,794.0,20.48,59.15,205.68,104,0.0,0.0,0.0,58
2022-08-27 10:23:05,0.0,4.9,22.0,794.0,20.48,59.19,210.12,106,0.0,0.0,0.0,117
2022-08-27 10:24:08,0.0,4.9,22.0,794.0,20.48,59.2,208.31,105,0.0,0.0,0.0,176
2022-08-27 10:25:12,0.0,4.9,22.0,794.0,20.48,59.16,205.1,104,0.0,0.0,0.0,235
2022-08-27 10:26:16,0.0,4.91,22.0,794.0,20.48,59.14,211.98,106,0.0,0.0,0.0,294
2022-08-27 10:27:19,0.0,4.91,22.0,794.0,20.48,59.13,206.59,104,0.0,0.0,0.0,353
2022-08-27 10:29:27,0.0,4.91,22.0,794.0,20.48,59.15,209.46,105,0.0,0.0,0.0,471
2022-08-27 10:31:01,0.0,4.9,22.0,794.0,20.48,59.12,206.36,104,0.0,0.0,0.0,58
2022-08-27 10:32:05,0.0,4.91,22.0,794.0,20.48,59.35,209.54,105,0.0,0.0,0.0,117
2022-08-27 10:33:08,0.0,4.9,22.0,794.0,20.48,59.22,204.05,103,0.0,0.0,0.0,176
2022-08-27 10:34:12,0.0,4.9,22.0,794.0,20.49,59.5,210.0,106,0.0,0.0,0.0,235
2022-08-27 10:35:16,0.0,4.9,22.0,794.0,20.49,59.55,205.12,104,0.0,0.0,0.0,294
2022-08-27 10:36:20,0.0,4.9,22.0,794.0,20.5,59.58,209.27,106,0.0,0.0,0.0,353
2022-08-27 10:37:23,0.0,4.89,22.0,794.02,20.51,59.64,209.71,106,0.0,0.0,0.0,412
2022-08-27 10:38:27,0.0,4.89,22.0,794.0,20.51,59.7,209.78,106,0.0,0.0,0.0,471
2022-08-27 10:40:01,0.0,4.89,22.0,794.0,20.51,59.81,204.85,104,0.0,0.0,0.0,58
2022-08-27 10:41:05,0.0,4.89,22.0,794.0,20.52,59.87,208.0,105,0.0,0.0,0.0,117
2022-08-27 10:42:08,0.0,4.89,22.0,794.0,20.52,60.18,213.92,108,0.0,0.0,0.0,176
2022-08-27 10:43:12,0.0,4.9,22.0,794.0,20.53,60.27,212.92,107,0.0,0.0,0.0,235
2022-08-27 10:44:16,0.0,4.9,22.0,794.0,20.54,60.23,205.32,105,0.0,0.0,0.0,294
2022-08-27 10:45:20,0.0,4.9,22.0,794.0,20.54,60.25,206.68,105,0.0,0.0,0.0,353
2022-08-27 10:46:23,0.0,4.9,22.0,794.0,20.55,60.44,209.95,106,0.0,0.0,0.0,412
2022-08-27 10:47:27,0.0,4.91,22.0,794.0,20.55,60.32,209.64,106,0.0,0.0,0.0,471
2022-08-27 10:49:01,0.0,4.9,22.0,794.0,20.55,60.31,207.17,105,0.0,0.0,0.0,58
2022-08-27 10:50:05,0.0,4.91,22.0,794.0,20.55,60.23,206.31,105,0.0,0.0,0.0,117
2022-08-27 10:51:08,0.0,4.91,22.0,794.07,20.56,60.25,206.25,105,0.0,0.0,0.0,176
2022-08-27 10:52:12,0.0,4.91,22.0,794.0,20.57,60.53,206.83,105,0.0,0.0,0.0,235
2022-08-27 10:53:16,0.0,4.9,22.0,794.0,20.57,60.08,209.25,106,0.0,0.0,0.0,294
2022-08-27 10:54:19,0.0,4.9,22.0,794.0,20.57,59.85,209.39,106,0.0,0.0,0.0,353
2022-08-27 10:55:23,0.0,4.9,22.0,794.02,20.58,60.05,208.66,106,0.0,0.0,0.0,412
2022-08-27 10:56:27,0.0,4.9,22.0,794.02,20.59,60.13,207.8,105,0.0,0.0,0.0,471
2022-08-27 10:58:01,0.0,4.89,22.0,794.0,20.59,60.14,205.29,104,0.0,0.0,0.0,58
2022-08-27 10:59:05,0.0,4.9,22.0,794.0,20.59,59.89,202.95,104,0.0,0.0,0.0,117
2022-08-27 11:00:08,0.0,4.9,22.0,794.0,20.58,59.81,210.76,107,0.0,0.0,0.0,176
2022-08-27 11:01:12,0.0,4.91,22.0,794.0,20.59,59.91,208.36,105,0.0,0.0,0.0,235
2022-08-27 11:02:16,0.0,4.91,22.0,794.0,20.59,59.93,206.95,105,0.0,0.0,0.0,294
2022-08-27 11:03:20,0.0,4.91,22.0,794.0,20.58,59.82,203.32,104,0.0,0.0,0.0,353
2022-08-27 11:04:23,0.0,4.91,22.0,794.05,20.58,59.84,210.15,106,0.0,0.0,0.0,412
2022-08-27 11:05:27,0.0,4.9,22.0,794.02,20.58,59.85,208.73,105,0.0,0.0,0.0,471
2022-08-27 11:07:01,0.0,4.89,22.0,794.0,20.58,60.02,205.63,104,0.0,0.0,0.0,58
2022-08-27 11:08:05,0.0,4.9,22.0,794.07,20.59,60.03,203.37,104,0.0,0.0,0.0,117
2022-08-27 11:09:08,0.0,4.9,22.0,794.02,20.59,59.96,208.2,105,0.0,0.0,0.0,176
2022-08-27 11:10:12,0.0,4.91,22.0,794.0,20.6,59.95,204.54,104,0.0,0.0,0.0,235
2022-08-27 11:11:16,0.0,4.91,22.0,794.0,20.6,59.98,206.24,104,0.0,0.0,0.0,294
2022-08-27 11:12:20,0.0,4.91,22.0,794.0,20.6,60.09,203.75,104,0.0,0.0,0.0,353
2022-08-27 11:13:23,0.0,4.91,22.0,794.0,20.6,60.14,206.22,104,0.0,0.0,0.0,412
2022-08-27 11:22:31,0.0,4.89,22.0,794.0,20.73,59.14,218.27,109,0.0,0.0,0.0,58
2022-08-27 11:23:35,0.0,4.9,22.0,794.0,20.66,59.56,208.98,105,0.0,0.0,0.0,117
2022-08-27 11:24:38,0.0,4.9,22.0,794.12,20.65,59.68,210.31,106,0.0,0.0,0.0,176
2022-08-27 11:25:42,0.0,4.9,22.0,794.02,20.65,59.62,206.93,104,0.0,0.0,0.0,235
2022-08-27 11:26:46,0.0,4.9,22.0,794.0,20.66,59.75,208.81,105,0.0,0.0,0.0,294
2022-08-27 11:27:49,0.0,4.9,22.0,794.0,20.67,59.81,210.2,106,0.0,0.0,0.0,353
2022-08-27 11:28:53,0.0,4.9,22.0,794.02,20.68,59.82,209.29,106,0.0,0.0,0.0,412
2022-08-27 11:29:57,0.0,4.91,22.0,794.0,20.69,59.89,204.97,103,0.0,0.0,0.0,471
2022-08-27 11:31:31,0.0,4.9,22.0,794.0,20.69,59.83,205.98,104,0.0,0.0,0.0,58
2022-08-27 11:32:34,0.0,4.91,22.0,794.0,20.69,59.68,208.59,105,0.0,0.0,0.0,117
2022-08-27 11:33:38,0.0,4.91,22.0,794.0,20.68,59.36,204.69,104,0.0,0.0,0.0,176
2022-08-27 11:34:42,0.0,4.91,22.0,794.07,20.68,59.36,206.05,104,0.0,0.0,0.0,235
2022-08-27 11:35:46,0.0,4.91,22.0,794.07,20.68,59.51,209.47,105,0.0,0.0,0.0,294
2022-08-27 11:36:49,0.0,4.92,22.0,794.0,20.69,59.43,205.44,104,0.0,0.0,0.0,353
2022-08-27 11:37:53,0.0,4.92,22.0,794.0,20.7,59.42,208.92,105,0.0,0.0,0.0,412
2022-08-27 11:38:57,0.0,4.91,22.0,794.0,20.7,59.59,206.32,104,0.0,0.0,0.0,471
2022-08-27 11:40:31,0.0,4.91,22.0,794.07,20.71,59.38,208.41,105,0.0,0.0,0.0,58
2022-08-27 11:41:34,0.0,4.92,22.0,794.0,20.7,59.18,206.71,105,0.0,0.0,0.0,117
2022-08-27 11:42:38,0.0,4.92,22.0,794.0,20.7,59.18,207.76,105,0.0,0.0,0.0,176
2022-08-27 11:43:42,0.0,4.92,22.0,794.02,20.71,59.25,207.39,104,0.0,0.0,0.0,235
2022-08-27 11:44:46,0.0,4.92,22.0,794.0,20.71,59.23,210.1,105,0.0,0.0,0.0,294
2022-08-27 11:45:49,0.0,4.92,22.0,794.02,20.71,59.19,206.58,105,0.0,0.0,0.0,353
2022-08-27 11:46:53,0.0,4.92,22.0,794.0,20.72,59.21,207.75,104,0.0,0.0,0.0,412
2022-08-27 11:47:57,0.0,4.92,22.0,794.0,20.72,59.24,211.03,106,0.0,0.0,0.0,471
2022-08-27 11:49:31,0.0,4.91,22.0,794.0,20.73,59.18,208.47,104,0.0,0.0,0.0,58
2022-08-27 11:50:35,0.0,4.92,22.0,794.0,20.73,58.89,209.17,105,0.0,0.0,0.0,117
2022-08-27 11:51:38,0.0,4.92,22.0,794.0,20.73,59.01,209.85,105,0.0,0.0,0.0,176
2022-08-27 11:52:42,0.0,4.92,22.0,794.0,20.74,59.0,201.8,102,0.0,0.0,0.0,235
2022-08-27 11:54:49,0.0,4.92,22.0,794.0,20.75,58.83,212.32,106,0.0,0.0,0.0,353
2022-08-27 11:55:53,0.0,4.92,22.0,794.0,20.76,58.79,206.61,104,0.0,0.0,0.0,412
2022-08-27 11:56:57,0.0,4.91,22.0,794.0,20.76,58.93,212.0,105,0.0,0.0,0.0,471
2022-08-27 11:58:31,0.0,4.91,22.0,794.05,20.77,58.77,214.49,108,0.0,0.0,0.0,58
2022-08-27 11:59:35,0.0,4.91,22.0,794.0,20.77,58.67,213.63,107,0.0,0.0,0.0,117
2022-08-27 12:00:38,0.0,4.91,22.0,794.02,20.76,58.4,208.98,105,0.0,0.0,0.0,176
2022-08-27 12:01:42,0.0,4.9,22.0,794.0,20.76,58.36,214.24,106,0.0,0.0,0.0,235
2022-08-27 12:02:46,0.0,4.9,22.0,794.0,20.75,58.57,215.14,108,0.0,0.0,0.0,294
2022-08-27 12:03:49,0.0,4.89,22.0,794.02,20.76,58.67,213.93,107,0.0,0.0,0.0,353
2022-08-27 12:04:53,0.0,4.89,22.0,794.0,20.76,58.86,208.73,104,0.0,0.0,0.0,412
2022-08-27 12:05:57,0.0,4.9,22.0,794.02,20.76,59.0,210.73,106,0.0,0.0,0.0,471
2022-08-27 12:07:31,0.0,4.89,22.0,794.0,20.77,58.82,206.37,104,0.0,0.0,0.0,58
2022-08-27 12:08:35,0.0,4.9,22.0,794.0,20.78,58.83,209.98,105,0.0,0.0,0.0,117
2022-08-27 12:09:38,0.0,4.9,22.0,794.0,20.79,58.76,204.37,104,0.0,0.0,0.0,176
2022-08-27 12:10:42,0.0,4.9,22.0,794.0,20.8,58.85,210.61,105,0.0,0.0,0.0,235
2022-08-27 12:11:46,0.0,4.9,22.0,794.0,20.8,59.07,205.64,104,0.0,0.0,0.0,294
2022-08-27 12:12:49,0.0,4.91,22.0,794.0,20.8,59.16,209.56,105,0.0,0.0,0.0,353
2022-08-27 12:13:53,0.0,4.91,22.0,794.0,20.82,59.17,205.12,104,0.0,0.0,0.0,412
2022-08-27 12:14:57,0.0,4.92,22.0,794.0,20.83,59.02,207.22,104,0.0,0.0,0.0,471
2022-08-27 12:16:31,0.0,4.91,22.0,794.02,20.85,58.97,204.97,103,0.0,0.0,0.0,58
2022-08-27 12:17:35,0.0,4.91,22.0,794.0,20.86,58.78,205.14,104,0.0,0.0,0.0,117
2022-08-27 12:18:38,0.0,4.92,22.0,794.0,20.86,58.61,204.95,103,0.0,0.0,0.0,176
2022-08-27 12:19:42,0.0,4.92,22.0,794.0,20.86,58.37,203.88,103,0.0,0.0,0.0,235
2022-08-27 12:20:46,0.0,4.92,22.0,794.0,20.87,58.55,209.27,104,0.0,0.0,0.0,294
2022-08-27 12:21:49,0.0,4.92,22.0,794.0,20.87,58.65,211.68,105,0.0,0.0,0.0,353
2022-08-27 12:22:53,0.0,4.92,22.0,794.07,20.86,58.74,209.0,105,0.0,0.0,0.0,412
2022-08-27 12:23:57,0.0,4.92,22.0,794.07,20.87,58.85,206.31,104,0.0,0.0,0.0,471
2022-08-27 12:25:31,0.0,4.91,22.0,794.0,20.87,58.58,205.47,104,0.0,0.0,0.0,58
2022-08-27 12:26:35,0.0,4.92,22.0,794.07,20.88,58.37,205.56,104,0.0,0.0,0.0,117
2022-08-27 12:27:38,0.0,4.92,22.0,794.0,20.89,58.09,205.53,103,0.0,0.0,0.0,176
2022-08-27 12:28:42,0.0,4.92,22.0,794.0,20.9,58.14,209.46,105,0.0,0.0,0.0,235
2022-08-27 12:29:46,0.0,4.92,22.0,794.0,20.9,58.53,203.12,103,0.0,0.0,0.0,294
2022-08-27 12:30:49,0.0,4.92,22.0,794.0,20.98,59.4,213.61,107,0.02,0.0,0.0,353
2022-08-27 12:31:53,0.0,4.92,22.0,794.02,21.13,57.71,205.92,103,0.0,0.0,0.0,412
2022-08-27 12:32:57,0.0,4.92,22.0,794.0,21.17,57.45,203.17,103,0.0,0.0,0.0,471
2022-08-27 12:34:31,0.0,4.91,22.0,794.0,21.14,57.47,208.1,104,0.0,0.0,0.0,58
2022-08-27 12:36:38,0.0,4.92,22.0,794.0,21.09,57.61,207.22,104,0.0,0.0,0.0,176
2022-08-27 12:37:42,0.0,4.92,22.0,794.0,21.07,57.61,203.19,102,0.0,0.0,0.0,235
2022-08-27 12:38:46,0.0,4.92,22.0,794.0,21.05,57.63,203.44,103,0.0,0.0,0.0,294
2022-08-27 12:39:49,0.0,4.92,22.0,794.0,21.04,57.42,204.98,103,0.0,0.0,0.0,353
2022-08-27 12:40:53,0.0,4.92,22.0,794.02,21.03,56.16,211.29,105,0.0,0.0,0.0,412
2022-08-27 12:41:57,0.0,4.92,22.0,794.0,21.03,55.42,203.17,102,0.0,0.0,0.0,471
2022-08-27 12:43:31,0.0,4.92,22.0,794.0,21.04,53.98,208.34,103,0.0,0.0,0.0,58
2022-08-27 12:44:35,0.01,4.92,22.0,794.02,21.04,53.13,208.25,103,0.0,0.0,0.0,117
2022-08-27 12:45:38,0.0,4.92,22.0,794.0,21.05,52.58,209.8,104,0.0,0.0,0.0,176
2022-08-27 12:46:42,0.0,4.92,22.0,794.0,21.06,52.25,205.69,102,0.0,0.0,0.0,235
2022-08-27 12:47:46,0.0,4.92,22.0,794.0,21.07,51.48,213.24,104,0.0,0.0,0.0,294
2022-08-27 12:48:49,0.0,4.92,22.0,794.0,21.08,50.52,206.12,101,0.0,0.0,0.0,353
2022-08-27 12:49:53,0.0,4.92,22.0,794.0,21.08,49.79,212.2,103,0.0,0.0,0.0,412
2022-08-27 12:50:57,0.0,4.92,22.0,794.0,21.09,50.15,209.44,102,0.0,0.0,0.0,471
2022-08-27 12:52:31,0.0,4.91,22.0,794.0,21.09,49.49,209.27,102,0.0,0.0,0.0,58
2022-08-27 12:53:35,0.0,4.92,22.0,794.0,21.1,49.36,212.64,103,0.0,0.0,0.0,117
2022-08-27 12:54:38,0.0,4.92,22.0,794.0,21.11,48.97,208.42,101,0.0,0.0,0.0,176
2022-08-27 12:55:42,0.0,4.92,22.0,794.0,21.12,48.64,214.95,103,0.0,0.0,0.0,235
2022-08-27 12:56:46,0.0,4.91,22.0,794.0,21.13,48.34,208.98,101,0.0,0.0,0.0,294
2022-08-27 12:57:49,0.0,4.91,22.0,794.0,21.13,48.37,212.98,102,0.0,0.0,0.0,353
2022-08-27 12:58:53,0.0,4.91,22.0,794.0,21.14,48.26,209.41,101,0.0,0.0,0.0,412
2022-08-27 12:59:57,0.0,4.9,22.0,794.0,21.15,47.86,211.46,104,0.0,0.0,0.0,471
2022-08-27 13:01:31,0.0,4.89,22.0,794.0,21.15,48.59,215.37,103,0.0,0.0,0.0,58
2022-08-27 13:02:35,0.0,4.91,22.0,794.0,21.15,48.0,214.44,103,0.0,0.0,0.0,117
2022-08-27 13:03:38,0.0,4.91,22.0,794.0,21.15,47.74,207.66,100,0.0,0.0,0.0,176
2022-08-27 13:04:42,0.0,4.9,22.0,794.0,21.16,48.09,213.69,102,0.0,0.0,0.0,235
2022-08-27 13:05:46,0.0,4.9,22.0,794.0,21.16,48.55,213.05,102,0.0,0.0,0.0,294
2022-08-27 13:06:49,0.0,4.9,22.0,794.1,21.16,48.68,216.29,104,0.0,0.0,0.0,353
2022-08-27 13:07:53,0.0,4.89,22.0,794.0,21.17,49.17,220.92,107,0.0,0.0,0.0,412
2022-08-27 13:08:57,0.0,4.9,22.0,794.02,21.17,49.71,215.27,102,0.0,0.0,0.0,471
2022-08-27 13:10:31,0.0,4.89,22.0,794.07,21.17,50.51,221.66,106,0.0,0.0,0.0,58
2022-08-27 13:11:35,0.0,4.89,22.0,794.0,21.17,50.68,226.19,106,0.0,0.0,0.0,117
2022-08-27 13:12:38,0.0,4.89,22.0,794.0,21.14,50.92,228.02,108,0.0,0.0,0.0,176
2022-08-27 13:13:42,0.0,4.9,22.0,794.0,21.09,51.09,233.17,110,0.0,0.0,0.0,235
2022-08-27 13:14:46,0.0,4.9,22.0,794.0,21.05,51.3,222.92,106,0.0,0.0,0.0,294
2022-08-27 13:15:49,0.0,4.9,22.03,794.0,21.0,51.06,223.1,106,0.0,0.0,0.0,353
2022-08-27 13:16:53,0.0,4.9,22.0,794.02,20.96,51.38,226.53,107,0.0,0.0,0.0,412
2022-08-27 13:17:57,0.0,4.9,22.0,794.0,20.92,51.93,223.22,106,0.0,0.0,0.0,471
2022-08-27 13:19:31,0.0,4.9,22.0,794.05,20.86,52.11,223.97,106,0.0,0.0,0.0,58
2022-08-27 13:20:35,0.0,4.91,22.0,794.12,20.82,52.22,223.2,106,0.0,0.0,0.0,117
2022-08-27 13:21:38,0.0,4.91,22.0,794.0,20.78,52.39,230.07,108,0.0,0.0,0.0,176
2022-08-27 13:22:42,0.0,4.91,22.0,794.05,20.75,52.74,227.29,107,0.0,0.0,0.0,235
2022-08-27 13:23:46,0.0,4.91,22.0,794.12,20.72,53.02,225.54,106,0.0,0.0,0.0,294
2022-08-27 13:24:49,0.0,4.91,22.0,794.02,20.69,53.13,231.86,109,0.0,0.0,0.0,353
2022-08-27 13:26:23,0.0,4.9,22.0,794.0,20.74,53.4,236.85,109,0.0,0.0,0.0,58
2022-08-27 13:27:31,0.0,4.92,22.0,794.0,20.73,53.27,227.24,107,0.0,0.0,0.0,117
2022-08-27 13:28:38,0.0,4.92,22.0,794.0,20.71,53.51,230.49,109,0.0,0.0,0.0,176
2022-08-27 13:29:46,0.0,4.92,22.0,794.0,20.69,53.74,232.58,109,0.0,0.0,0.0,235
2022-08-27 13:30:53,0.0,4.92,22.0,794.02,20.67,54.04,228.68,108,0.0,0.0,0.0,294
2022-08-27 13:32:00,0.0,4.91,22.0,794.07,20.66,54.01,231.1,109,0.0,0.0,0.0,353
2022-08-27 13:33:08,0.0,4.91,22.0,794.02,20.65,54.08,230.27,109,0.0,0.0,0.0,412
2022-08-27 13:34:15,0.0,4.92,22.0,794.05,20.64,54.08,232.1,109,0.0,0.0,0.0,471
2022-08-27 13:35:23,0.0,4.92,22.0,794.0,20.63,54.21,228.56,108,0.0,0.0,0.0,530
2022-08-27 13:36:30,0.0,4.92,22.0,794.0,20.62,54.42,225.15,106,0.0,0.0,0.0,589
2022-08-27 13:37:37,0.0,4.92,22.0,794.07,20.61,53.93,224.73,107,0.0,0.0,0.0,648
2022-08-27 13:38:45,0.0,4.92,22.0,794.0,20.62,54.04,230.12,109,0.0,0.0,0.0,707
2022-08-27 13:39:52,0.0,4.92,22.0,794.02,20.61,53.93,217.41,103,0.0,0.0,0.0,766
2022-08-27 13:41:00,0.0,4.92,22.0,794.0,20.61,53.57,215.92,103,0.0,0.0,0.0,825
2022-08-27 13:42:07,0.0,4.92,22.0,794.0,20.61,53.26,217.29,104,0.0,0.0,0.0,884
2022-08-27 13:43:15,0.0,4.92,22.0,794.0,20.61,52.63,215.95,103,0.0,0.0,0.0,943
2022-08-27 13:44:22,0.0,4.92,22.0,794.0,20.61,52.52,211.17,101,0.0,0.0,0.0,1002
2022-08-27 13:45:29,0.0,4.92,22.0,794.0,20.61,52.94,216.29,103,0.0,0.0,0.0,1061
2022-08-27 13:46:37,0.0,4.92,22.0,794.0,20.61,52.99,220.78,105,0.0,0.0,0.0,1120
2022-08-27 13:47:44,0.0,4.92,22.0,794.0,20.61,52.57,214.24,103,0.0,0.0,0.0,1179
2022-08-27 13:48:52,0.0,4.92,22.0,794.02,20.61,52.51,212.9,101,0.0,0.0,0.0,1238
2022-08-27 13:49:59,0.0,4.92,22.0,794.02,20.61,52.46,215.86,103,0.0,0.0,0.0,1297
2022-08-27 13:51:07,0.0,4.92,22.0,794.0,20.61,52.32,220.07,105,0.0,0.0,0.0,1356
2022-08-27 13:52:14,0.0,4.92,22.0,794.0,20.61,52.3,215.56,103,0.0,0.0,0.0,1415
2022-08-27 13:53:21,0.0,4.92,22.0,794.0,20.61,52.39,218.19,103,0.0,0.0,0.0,1474
2022-08-27 13:54:29,0.0,4.92,22.0,794.0,20.61,52.87,216.36,103,0.0,0.0,0.0,1533
2022-08-27 13:55:36,0.0,4.92,22.0,794.0,20.61,53.71,220.64,105,0.0,0.0,0.0,1592
2022-08-27 13:56:44,0.0,4.92,22.0,794.0,20.61,53.51,214.92,103,0.0,0.0,0.0,1651
2022-08-27 13:57:51,0.0,4.92,22.0,794.07,20.61,52.57,214.54,103,0.0,0.0,0.0,1710
2022-08-27 13:58:58,0.0,4.92,22.0,794.02,20.61,52.34,216.61,103,0.0,0.0,0.0,1769
2022-08-27 14:00:06,0.0,4.92,22.0,794.0,20.61,52.37,226.69,107,0.0,0.0,0.0,1828
2022-08-27 14:01:13,0.0,4.92,22.0,794.1,20.61,52.53,210.76,101,0.0,0.0,0.0,1887
2022-08-27 14:02:21,0.0,4.92,22.0,794.05,20.62,52.65,219.73,104,0.0,0.0,0.0,1946
2022-08-27 14:03:28,0.0,4.92,22.0,794.02,20.62,52.8,212.98,102,0.0,0.0,0.0,2005
2022-08-27 14:04:36,0.0,4.92,22.0,794.0,20.62,52.88,217.02,103,0.0,0.0,0.0,2064
2022-08-27 14:05:43,0.0,4.92,22.0,794.02,20.62,52.9,219.9,104,0.0,0.0,0.0,2123
2022-08-27 14:06:50,0.0,4.92,22.0,794.02,20.62,53.27,213.86,102,0.0,0.0,0.0,2182
2022-08-27 14:07:58,0.0,4.92,22.0,794.0,20.62,53.43,217.32,104,0.0,0.0,0.0,2241
2022-08-27 14:09:05,0.0,4.91,22.0,794.0,20.62,53.55,219.07,104,0.0,0.0,0.0,2300
2022-08-27 14:10:13,0.0,4.91,22.0,794.0,20.62,53.64,217.08,104,0.0,0.0,0.0,2359
2022-08-27 14:11:20,0.0,4.9,22.0,794.02,20.62,53.61,210.88,101,0.0,0.0,0.0,2418
2022-08-27 14:12:27,0.0,4.9,22.0,794.0,20.62,53.6,202.78,98,0.0,0.0,0.0,2477
2022-08-27 14:13:35,0.0,4.91,22.0,794.0,20.63,53.78,227.92,109,0.0,0.0,0.0,2536
2022-08-27 14:14:42,0.0,4.91,22.0,794.02,20.63,53.55,216.37,103,0.0,0.0,0.0,2595
2022-08-27 14:15:50,0.0,4.91,22.0,794.02,20.63,53.38,256.05,117,0.0,0.0,0.0,2654
2022-08-27 14:16:57,0.0,4.91,22.0,794.0,20.64,53.09,220.56,105,0.0,0.0,0.0,2713
2022-08-27 14:18:05,0.0,4.91,22.0,794.0,20.65,52.78,217.27,104,0.0,0.0,0.0,2772
2022-08-27 14:19:12,0.0,4.91,22.0,794.0,20.66,52.38,222.07,105,0.0,0.0,0.0,2831
2022-08-27 14:20:19,0.0,4.9,22.0,794.0,20.67,52.32,194.46,95,0.0,0.0,0.0,2890
2022-08-27 14:21:27,0.0,4.91,22.0,794.0,20.68,52.16,221.75,105,0.0,0.0,0.0,2949
2022-08-27 14:22:34,0.0,4.91,22.0,794.0,20.69,52.12,216.34,103,0.0,0.0,0.0,3008
2022-08-27 14:23:42,0.0,4.9,22.0,794.1,20.69,52.18,213.93,102,0.0,0.0,0.0,3067
2022-08-27 14:24:49,0.0,4.9,22.0,794.0,20.69,52.26,214.83,103,0.0,0.0,0.0,3126
2022-08-27 14:25:57,0.0,4.91,22.0,794.07,20.7,52.62,216.39,103,0.0,0.0,0.0,3185
2022-08-27 14:27:04,0.0,4.92,22.0,794.02,20.69,52.61,212.17,101,0.0,0.0,0.0,3244
2022-08-27 14:28:11,0.0,4.92,22.0,794.0,20.7,52.93,220.25,104,0.0,0.0,0.0,3303
2022-08-27 14:29:19,0.0,4.92,22.0,794.0,20.7,53.26,213.51,103,0.0,0.0,0.0,3362
2022-08-27 14:30:26,0.0,4.92,22.0,794.05,20.71,53.05,213.37,102,0.0,0.0,0.0,3421
2022-08-27 14:31:34,0.0,4.92,22.0,794.0,20.71,53.02,214.95,102,0.0,0.0,0.0,3480
2022-08-27 14:32:41,0.0,4.92,22.0,794.0,20.72,53.35,218.58,103,0.0,0.0,0.0,3539
2022-08-27 14:33:48,0.0,4.92,22.0,794.07,20.73,53.95,216.27,103,0.0,0.0,0.0,3598
2022-08-27 14:34:56,0.0,4.92,22.0,794.0,20.74,54.06,218.36,104,0.0,0.0,0.0,3657
2022-08-27 14:36:03,0.0,4.92,22.0,794.0,20.75,53.71,209.78,101,0.0,0.0,0.0,3716
2022-08-27 14:37:11,0.0,4.92,22.0,794.0,20.75,53.8,209.97,101,0.0,0.0,0.0,3775
2022-08-27 14:38:18,0.0,4.92,22.0,794.0,20.76,54.03,210.51,101,0.0,0.0,0.0,3834
2022-08-27 14:39:26,0.0,4.92,22.0,794.0,20.76,53.91,215.22,103,0.0,0.0,0.0,3893
2022-08-27 14:40:33,0.0,4.92,22.0,794.02,20.76,53.89,228.54,107,0.0,0.0,0.0,3952
2022-08-27 14:41:40,0.0,4.92,22.0,794.0,20.76,53.9,217.61,104,0.0,0.0,0.0,4011
2022-08-27 14:42:48,0.0,4.92,22.0,794.0,20.76,53.98,211.24,101,0.0,0.0,0.0,4070
2022-08-27 14:43:55,0.0,4.91,22.0,794.05,20.77,53.94,216.51,103,0.0,0.0,0.0,4129
2022-08-27 14:45:03,0.0,4.91,22.0,794.0,20.77,54.06,217.31,103,0.0,0.0,0.0,4188
2022-08-27 14:46:10,0.0,4.91,22.0,794.0,20.77,53.98,211.46,101,0.0,0.0,0.0,4247
2022-08-27 14:47:17,0.0,4.9,22.0,794.0,20.77,53.86,212.81,102,0.0,0.0,0.0,4306
2022-08-27 14:48:25,0.0,4.9,22.0,794.0,20.78,53.59,213.98,102,0.0,0.0,0.0,4365
2022-08-27 14:49:32,0.0,4.9,22.0,794.0,20.78,53.32,216.0,103,0.0,0.0,0.0,4424
2022-08-27 14:50:40,0.0,4.9,22.0,794.0,20.78,53.11,213.56,103,0.0,0.0,0.0,4483
2022-08-27 14:51:47,0.0,4.9,22.0,794.0,20.79,52.89,215.47,102,0.0,0.0,0.0,4542
2022-08-27 14:52:55,0.0,4.89,22.0,794.0,20.8,52.6,217.14,103,0.0,0.0,0.0,4601
2022-08-27 14:54:02,0.0,4.89,22.0,794.0,20.81,52.36,216.12,103,0.0,0.0,0.0,4660
2022-08-27 14:55:09,0.0,4.89,22.0,794.0,20.81,52.16,213.24,102,0.0,0.0,0.0,4719
2022-08-27 14:56:17,0.0,4.89,22.0,794.02,20.81,52.3,215.93,102,0.0,0.0,0.0,4778
2022-08-27 14:57:24,0.0,4.89,22.0,794.0,20.82,52.31,207.53,100,0.0,0.0,0.0,4837
2022-08-27 14:58:32,0.0,4.9,22.0,794.02,20.81,52.47,217.69,103,0.0,0.0,0.0,4896
2022-08-27 14:59:39,0.0,4.9,22.0,794.0,20.81,52.73,211.08,101,0.0,0.0,0.0,4955
2022-08-27 15:00:47,0.0,4.9,22.0,794.0,20.81,52.88,218.2,104,0.0,0.0,0.0,5014
2022-08-27 15:01:54,0.0,4.9,22.0,794.05,20.8,52.88,212.83,102,0.0,0.0,0.0,5073
2022-08-27 15:03:01,0.0,4.9,22.0,794.0,20.8,52.95,216.64,103,0.0,0.0,0.0,5132
2022-08-27 15:04:09,0.0,4.9,22.0,794.0,20.81,53.11,221.19,105,0.0,0.0,0.0,5191
2022-08-27 15:05:16,0.0,4.9,22.0,794.0,20.84,52.78,216.2,103,0.0,0.0,0.0,5250
2022-08-27 15:06:24,0.0,4.9,22.0,794.0,20.86,52.47,214.92,103,0.0,0.0,0.0,5309
2022-08-27 15:07:31,0.0,4.89,22.0,794.0,20.89,51.81,216.1,103,0.0,0.0,0.0,5368
2022-08-27 15:08:38,0.0,4.89,22.0,794.0,20.9,51.64,215.27,102,0.0,0.0,0.0,5427
2022-08-27 15:09:46,0.0,4.89,22.0,794.05,20.91,51.51,217.9,103,0.0,0.0,0.0,5486
2022-08-27 15:10:53,0.0,4.89,22.0,794.07,20.91,50.81,213.85,102,0.0,0.0,0.0,5545
2022-08-27 15:13:08,0.0,4.89,22.0,794.0,20.93,50.41,216.37,102,0.0,0.0,0.0,5663
2022-08-27 15:14:16,0.0,4.89,22.0,794.0,20.94,50.21,218.49,104,0.0,0.0,0.0,5722
2022-08-27 15:15:23,0.0,4.89,22.0,794.0,20.94,50.24,213.66,101,0.0,0.0,0.0,5781
2022-08-27 15:16:30,0.0,4.9,22.0,794.02,20.94,50.23,215.49,102,0.0,0.0,0.0,5840
2022-08-27 15:17:38,0.0,4.9,22.0,794.0,20.94,50.12,217.02,102,0.0,0.0,0.0,5899
2022-08-27 15:18:45,0.0,4.9,22.0,794.02,20.94,49.89,213.07,101,0.0,0.0,0.0,5958
2022-08-27 15:19:53,0.0,4.9,22.0,794.0,20.94,49.79,215.76,102,0.0,0.0,0.0,6017
2022-08-27 15:21:00,0.0,4.91,22.0,794.0,20.95,49.59,211.97,101,0.0,0.0,0.0,6076
2022-08-27 15:22:07,0.0,4.91,22.0,794.0,20.96,49.41,216.81,102,0.0,0.0,0.0,6135
2022-08-27 15:23:15,0.0,4.91,22.0,794.0,20.97,49.23,220.53,103,0.0,0.0,0.0,6194
2022-08-27 15:24:22,0.0,4.92,22.0,794.0,20.98,49.18,212.86,100,0.0,0.0,0.0,6253
2022-08-27 15:25:30,0.0,4.91,22.0,794.0,20.98,49.11,213.34,101,0.0,0.0,0.0,6312
2022-08-27 15:26:37,0.0,4.92,22.0,794.0,20.99,49.07,220.85,104,0.0,0.0,0.0,6371
2022-08-27 15:27:45,0.0,4.92,22.0,794.05,21.0,48.87,217.92,102,0.0,0.0,0.0,6430
2022-08-27 15:28:52,0.0,4.92,22.0,794.0,21.0,48.92,217.19,102,0.0,0.0,0.0,6489
2022-08-27 15:29:59,0.0,4.92,22.0,794.0,21.0,49.02,213.76,101,0.0,0.0,0.0,6548
2022-08-27 15:31:07,0.0,4.92,22.0,794.07,21.0,49.15,217.14,102,0.0,0.0,0.0,6607
2022-08-27 15:32:14,0.0,4.92,22.0,794.02,21.01,49.4,218.93,102,0.0,0.0,0.0,6666
2022-08-27 15:33:22,0.0,4.92,22.0,794.0,21.01,49.23,215.73,102,0.0,0.0,0.0,6725
2022-08-27 15:34:29,0.0,4.91,22.0,794.0,21.01,49.12,216.39,101,0.0,0.0,0.0,6784
2022-08-27 15:35:36,0.0,4.91,22.0,794.0,21.02,49.29,219.46,103,0.0,0.0,0.0,6843
2022-08-27 15:36:44,0.0,4.91,22.0,794.0,21.02,49.47,220.73,104,0.0,0.0,0.0,6902
2022-08-27 15:37:51,0.0,4.91,22.0,794.0,21.01,49.91,216.17,102,0.0,0.0,0.0,6961
2022-08-27 15:38:59,0.0,4.91,22.0,794.02,21.0,50.34,219.2,104,0.0,0.0,0.0,7020
2022-08-27 15:40:06,0.0,4.91,22.0,794.0,21.0,51.03,225.02,105,0.0,0.0,0.0,7079
2022-08-27 15:41:14,0.0,4.9,22.0,794.0,21.0,51.44,228.31,106,0.0,0.0,0.0,7138
2022-08-27 15:42:21,0.0,4.9,22.0,794.0,21.0,51.67,224.78,105,0.0,0.0,0.0,7197
2022-08-27 15:43:28,0.0,4.89,22.0,794.07,21.0,51.63,226.71,106,0.0,0.0,0.0,7256
2022-08-27 15:44:36,0.0,4.9,22.0,794.0,21.01,51.87,220.53,104,0.0,0.0,0.0,7315
2022-08-27 15:45:43,0.0,4.89,22.0,794.0,21.01,52.24,221.34,104,0.0,0.0,0.0,7374
2022-08-27 15:46:51,0.0,4.89,22.0,794.0,21.02,51.86,229.14,107,0.0,0.0,0.0,7433
2022-08-27 15:47:58,0.0,4.9,22.0,794.0,21.02,51.81,220.51,104,0.0,0.0,0.0,7492
2022-08-27 15:49:06,0.0,4.9,22.0,794.0,21.03,51.88,223.27,105,0.0,0.0,0.0,7551
2022-08-27 15:50:13,0.0,4.91,22.08,794.0,21.04,51.97,231.56,108,0.0,0.0,0.0,7610
2022-08-27 15:51:20,0.0,4.91,22.15,794.02,21.05,52.01,226.07,106,0.0,0.0,0.0,7669
2022-08-27 15:52:28,0.0,4.92,22.12,794.0,21.06,52.19,221.02,104,0.0,0.0,0.0,7728
2022-08-27 15:53:35,0.0,4.91,22.29,794.0,21.06,52.53,230.24,107,0.0,0.0,0.0,7787
2022-08-27 15:54:43,0.0,4.91,22.36,794.0,21.07,52.8,228.49,106,0.0,0.0,0.0,7846
2022-08-27 15:55:50,0.0,4.91,22.36,794.0,21.07,52.96,224.14,105,0.0,0.0,0.0,7905
2022-08-27 15:56:57,0.0,4.91,22.24,794.0,21.08,53.13,229.07,107,0.0,0.0,0.0,7964
2022-08-27 15:58:05,0.0,4.9,22.47,794.0,21.08,52.85,225.41,106,0.0,0.0,0.0,8023
2022-08-27 16:00:20,0.0,4.9,22.9,794.0,21.09,52.92,229.1,107,0.0,0.0,0.0,8141
2022-08-27 16:01:27,0.0,4.89,23.0,794.0,21.1,52.59,214.51,102,0.0,0.0,0.0,8200
2022-08-27 16:02:35,0.0,4.89,23.0,794.0,21.1,51.95,215.27,102,0.0,0.0,0.0,8259
2022-08-27 16:03:42,0.0,4.89,22.93,794.0,21.1,51.62,218.32,103,0.0,0.0,0.0,8318
2022-08-27 16:04:49,0.0,4.89,22.86,794.02,21.1,51.49,211.61,100,0.0,0.0,0.0,8377
2022-08-27 16:05:57,0.0,4.89,22.8,794.0,21.11,51.44,217.03,102,0.0,0.0,0.0,8436
2022-08-27 16:07:04,0.0,4.9,22.63,794.05,21.11,51.16,217.85,102,0.0,0.0,0.0,8495
2022-08-27 16:08:12,0.0,4.9,22.63,794.0,21.12,51.13,212.58,101,0.0,0.0,0.0,8554
2022-08-27 16:09:19,0.0,4.9,22.86,794.0,21.12,51.18,217.49,102,0.0,0.0,0.0,8613
2022-08-27 16:10:26,0.0,4.9,22.63,794.0,21.12,51.09,213.02,100,0.0,0.0,0.0,8672
2022-08-27 16:11:34,0.0,4.9,22.66,794.0,21.11,51.35,216.66,102,0.0,0.0,0.0,8731
2022-08-27 16:12:41,0.0,4.9,22.8,794.0,21.11,51.62,217.59,102,0.0,0.0,0.0,8790
2022-08-27 16:13:49,0.0,4.9,22.73,794.07,21.1,51.57,213.86,101,0.0,0.0,0.0,8849
2022-08-27 16:14:56,0.0,4.9,22.46,794.1,21.1,51.59,211.85,100,0.0,0.0,0.0,8908
2022-08-27 16:16:04,0.0,4.9,22.56,794.02,21.09,51.72,215.61,102,0.0,0.0,0.0,8967
2022-08-27 16:17:11,0.0,4.9,22.51,794.0,21.08,51.83,215.8,101,0.0,0.0,0.0,9026
2022-08-27 16:18:18,0.0,4.9,22.64,794.0,21.08,51.93,216.51,102,0.0,0.0,0.0,9085
2022-08-27 16:19:26,0.0,4.89,22.42,794.0,21.07,51.72,215.49,102,0.0,0.0,0.0,9144
2022-08-27 16:20:33,0.0,4.89,22.46,794.0,21.07,51.6,215.36,102,0.0,0.0,0.0,9203
2022-08-27 16:21:41,0.0,4.89,22.51,794.07,21.07,51.49,213.58,101,0.0,0.0,0.0,9262
2022-08-27 16:22:48,0.0,4.89,22.47,794.05,21.07,51.56,219.54,103,0.0,0.0,0.0,9321
2022-08-27 16:23:55,0.0,4.89,22.34,794.0,21.07,51.69,213.98,101,0.0,0.0,0.0,9380
2022-08-27 16:25:03,0.0,4.89,22.27,794.0,21.07,51.84,215.75,101,0.0,0.0,0.0,9439
2022-08-27 16:26:10,0.0,4.9,22.19,794.02,21.07,52.06,217.64,102,0.0,0.0,0.0,9498
2022-08-27 16:27:18,0.0,4.9,22.53,794.0,21.07,52.15,214.53,102,0.0,0.0,0.0,9557
2022-08-27 16:28:25,0.0,4.9,22.49,794.0,21.07,52.05,217.15,102,0.0,0.0,0.0,9616
2022-08-27 16:29:33,0.0,4.9,22.73,794.05,21.06,52.18,221.29,104,0.0,0.0,0.0,9675
2022-08-27 16:30:40,0.0,4.9,22.47,794.0,21.06,52.37,212.78,101,0.0,0.0,0.0,9734
2022-08-27 16:32:55,0.0,4.91,22.39,794.0,21.06,52.48,179.41,88,0.0,0.0,0.0,9852
2022-08-27 16:34:02,0.0,4.92,22.49,794.02,21.05,52.63,227.05,105,0.0,0.0,0.0,9911
2022-08-27 16:35:10,0.0,4.92,22.46,794.0,21.05,52.67,203.17,97,0.0,0.0,0.0,9970
2022-08-27 16:36:17,0.0,4.92,22.32,794.0,21.05,52.78,204.27,98,0.0,0.0,0.0,10029
2022-08-27 16:37:25,0.0,4.92,22.25,794.0,21.05,52.57,231.61,108,0.0,0.0,0.0,10088
2022-08-27 16:38:32,0.0,4.91,22.22,794.0,21.05,52.52,213.58,101,0.0,0.0,0.0,10147
2022-08-27 16:39:39,0.0,4.91,22.15,794.0,21.05,52.44,215.47,101,0.0,0.0,0.0,10206
2022-08-27 16:40:47,0.0,4.91,22.39,794.0,21.05,52.58,214.37,101,0.0,0.0,0.0,10265
2022-08-27 16:41:54,0.0,4.9,22.2,794.05,21.05,52.42,210.68,100,0.0,0.0,0.0,10324
2022-08-27 16:43:02,0.0,4.9,22.34,794.0,21.05,52.43,211.76,101,0.0,0.0,0.0,10383
2022-08-27 16:44:09,0.0,4.89,22.37,794.0,21.06,52.58,217.83,103,0.0,0.0,0.0,10442
2022-08-27 16:45:17,0.0,4.89,22.61,794.02,21.06,52.72,212.49,101,0.0,0.0,0.0,10501
2022-08-27 16:46:24,0.0,4.88,22.41,794.0,21.06,52.4,216.63,102,0.0,0.0,0.0,10560
2022-08-27 16:47:31,0.0,4.89,22.54,794.0,21.07,52.22,223.95,105,0.0,0.0,0.0,10619
2022-08-27 16:48:39,0.0,4.89,22.73,794.0,21.08,52.68,220.75,105,0.0,0.0,0.0,10678
2022-08-27 16:49:46,0.0,4.9,23.0,794.0,21.09,52.95,223.27,105,0.0,0.0,0.0,10737
2022-08-27 16:50:54,0.0,4.91,23.0,794.0,21.1,53.21,224.81,106,0.0,0.0,0.0,10796
2022-08-27 16:52:01,0.0,4.91,23.0,794.0,21.1,53.32,222.51,105,0.0,0.0,0.0,10855
2022-08-27 16:53:08,0.0,4.91,23.0,794.0,21.11,53.16,209.54,100,0.0,0.0,0.0,10914
2022-08-27 16:54:16,0.0,4.92,23.0,794.0,21.12,53.17,222.64,105,0.0,0.0,0.0,10973
2022-08-27 16:55:23,0.0,4.92,23.0,794.02,21.13,53.34,230.73,109,0.0,0.0,0.0,11032
2022-08-27 16:56:31,0.0,4.92,23.0,794.05,21.13,53.61,225.73,106,0.0,0.0,0.0,11091
2022-08-27 16:57:38,0.0,4.92,23.0,794.02,21.14,53.76,221.27,104,0.0,0.0,0.0,11150
2022-08-27 16:58:46,0.0,4.92,23.0,794.0,21.15,53.83,221.02,104,0.0,0.0,0.0,11209
2022-08-27 16:59:53,0.0,4.92,23.0,794.0,21.15,54.0,235.81,110,0.0,0.0,0.0,11268
2022-08-27 17:01:00,0.0,4.92,23.0,794.05,21.15,54.04,226.8,106,0.0,0.0,0.0,11327
2022-08-27 17:02:08,0.0,4.92,23.0,794.02,21.16,54.02,261.9,119,0.0,0.0,0.0,11386
2022-08-27 17:03:15,0.0,4.92,23.0,794.0,21.16,54.35,261.54,123,0.0,0.0,0.0,11445
2022-08-27 17:04:23,0.0,4.92,23.0,794.0,21.16,54.52,252.31,118,0.0,0.0,0.0,11504
2022-08-27 17:05:30,0.0,4.92,23.0,794.02,21.17,54.24,208.97,100,0.0,0.0,0.0,11563
2022-08-27 17:06:37,0.0,4.92,23.0,794.0,21.17,54.31,237.71,113,0.0,0.0,0.0,11622
2022-08-27 17:07:45,0.0,4.92,23.0,794.05,21.17,54.53,231.56,109,0.0,0.0,0.0,11681
2022-08-27 17:08:52,0.0,4.92,23.0,794.0,21.17,54.62,229.98,108,0.0,0.0,0.0,11740
2022-08-27 17:10:00,0.0,4.92,23.0,794.0,21.18,54.72,249.27,113,0.0,0.0,0.0,11799
2022-08-27 17:11:07,0.0,4.92,23.0,794.0,21.18,55.01,230.76,108,0.0,0.0,0.0,11858
2022-08-27 17:12:15,0.0,4.91,23.0,794.02,21.18,55.0,220.0,104,0.0,0.0,0.0,11917
2022-08-27 17:13:22,0.0,4.91,23.0,794.0,21.19,54.77,221.1,104,0.0,0.0,0.0,11976
2022-08-27 17:14:29,0.0,4.9,23.0,794.02,21.19,54.9,217.42,103,0.0,0.0,0.0,12035
2022-08-27 17:15:37,0.0,4.9,23.0,794.0,21.19,55.44,218.76,104,0.0,0.0,0.0,12094
2022-08-27 17:16:44,0.0,4.91,23.0,794.1,21.19,55.39,212.68,101,0.0,0.0,0.0,12153
2022-08-27 17:17:52,0.0,4.9,23.0,794.0,21.19,55.4,212.47,102,0.0,0.0,0.0,12212
2022-08-27 17:18:59,0.0,4.9,23.0,794.05,21.19,55.24,219.44,104,0.0,0.0,0.0,12271
2022-08-27 17:20:07,0.0,4.9,23.0,794.0,21.19,55.21,214.17,102,0.0,0.0,0.0,12330
2022-08-27 17:21:14,0.0,4.9,23.0,794.02,21.19,55.18,214.31,102,0.0,0.0,0.0,12389
2022-08-27 17:22:21,0.0,4.9,23.0,794.0,21.19,55.3,216.88,103,0.0,0.0,0.0,12448
2022-08-27 17:23:29,0.0,4.9,23.0,794.0,21.19,55.66,214.08,102,0.0,0.0,0.0,12507
2022-08-27 17:24:36,0.0,4.9,23.0,794.0,21.19,56.09,215.25,102,0.0,0.0,0.0,12566
2022-08-27 17:25:44,0.0,4.9,23.0,794.0,21.18,55.99,219.25,103,0.0,0.0,0.0,12625
2022-08-27 17:26:51,0.0,4.9,23.0,794.07,21.18,56.06,218.49,104,0.0,0.0,0.0,12684
2022-08-27 17:27:58,0.0,4.9,23.0,794.0,21.18,56.27,217.14,104,0.0,0.0,0.0,12743
2022-08-27 17:29:06,0.0,4.9,23.0,794.05,21.18,56.41,213.12,102,0.0,0.0,0.0,12802
2022-08-27 17:30:13,0.0,4.9,23.0,794.0,21.17,56.82,218.71,104,0.0,0.0,0.0,12861
2022-08-27 17:31:21,0.0,4.91,23.0,794.0,21.17,57.27,211.98,101,0.0,0.0,0.0,12920
2022-08-27 17:32:28,0.0,4.91,23.0,794.0,21.17,58.03,209.95,100,0.0,0.0,0.0,12979
2022-08-27 17:33:36,0.0,4.91,23.0,794.02,21.17,58.41,209.32,101,0.0,0.0,0.0,13038
2022-08-27 17:34:43,0.0,4.9,23.0,794.05,21.17,58.42,215.19,103,0.0,0.0,0.0,13097
2022-08-27 17:35:50,0.0,4.9,23.0,794.0,21.17,58.26,204.24,98,0.0,0.0,0.0,13156
2022-08-27 17:36:58,0.0,4.89,23.0,794.0,21.17,57.78,219.19,104,0.0,0.0,0.0,13215
2022-08-27 17:38:05,0.0,4.89,23.0,794.0,21.18,57.04,222.66,105,0.0,0.0,0.0,13274
2022-08-27 17:39:13,0.0,4.89,23.0,794.0,21.18,56.86,208.92,101,0.0,0.0,0.0,13333
2022-08-27 17:40:20,0.0,4.89,23.0,794.0,21.18,56.94,214.14,102,0.0,0.0,0.0,13392
2022-08-27 17:41:28,0.0,4.89,23.0,794.0,21.18,57.03,217.92,104,0.0,0.0,0.0,13451
2022-08-27 17:42:35,0.0,4.91,23.0,794.0,21.18,57.18,210.39,101,0.0,0.0,0.0,13510
2022-08-27 17:43:42,0.0,4.92,23.0,794.0,21.18,57.24,215.02,103,0.0,0.0,0.0,13569
2022-08-27 17:44:50,0.0,4.92,23.0,794.02,21.18,57.34,214.14,102,0.0,0.0,0.0,13628
2022-08-27 17:45:57,0.0,4.92,23.0,794.0,21.18,57.37,214.68,103,0.0,0.0,0.0,13687
2022-08-27 17:47:05,0.0,4.92,23.0,794.0,21.18,57.39,216.14,104,0.0,0.0,0.0,13746
2022-08-27 17:48:12,0.0,4.92,23.0,794.0,21.18,57.2,216.81,104,0.0,0.0,0.0,13805
2022-08-27 17:49:19,0.0,4.92,23.0,794.0,21.18,57.15,217.22,104,0.0,0.0,0.0,13864
2022-08-27 17:50:27,0.0,4.92,23.0,794.0,21.18,57.07,212.71,102,0.0,0.0,0.0,13923
2022-08-27 17:51:34,0.0,4.92,23.0,794.0,21.18,57.08,216.58,103,0.0,0.0,0.0,13982
2022-08-27 17:52:42,0.0,4.92,23.0,794.0,21.18,57.07,209.61,101,0.0,0.0,0.0,14041
2022-08-27 17:53:49,0.0,4.92,23.0,794.0,21.18,56.96,213.54,103,0.0,0.0,0.0,14100
2022-08-27 17:54:57,0.0,4.92,23.0,794.0,21.18,56.86,211.22,102,0.0,0.0,0.0,14159
2022-08-27 17:56:04,0.0,4.92,23.0,794.0,21.18,56.92,216.19,104,0.0,0.0,0.0,14218
2022-08-27 17:57:11,0.0,4.92,23.0,794.0,21.18,56.99,212.47,102,0.0,0.0,0.0,14277
2022-08-27 17:58:19,0.0,4.92,23.0,794.0,21.18,56.98,221.69,105,0.0,0.0,0.0,14336
2022-08-27 17:59:26,0.0,4.92,23.0,794.0,21.17,57.02,234.25,110,0.0,0.0,0.0,14395
2022-08-27 18:00:34,0.0,4.92,23.0,794.02,21.18,57.27,213.85,101,0.0,0.0,0.0,14454
2022-08-27 18:01:41,0.0,4.92,23.0,794.0,21.18,57.25,208.32,100,0.0,0.0,0.0,14513
2022-08-27 18:02:49,0.0,4.92,23.0,794.02,21.18,57.12,212.17,102,0.0,0.0,0.0,14572
2022-08-27 18:03:56,0.0,4.92,23.0,794.0,21.18,57.08,212.47,102,0.0,0.0,0.0,14631
2022-08-27 18:05:03,0.0,4.92,23.0,794.0,21.17,57.02,215.0,103,0.0,0.0,0.0,14690
2022-08-27 18:06:11,0.0,4.92,23.0,794.02,21.18,56.92,213.19,102,0.0,0.0,0.0,14749
2022-08-27 18:07:18,0.0,4.92,23.0,794.0,21.18,56.79,206.86,100,0.0,0.0,0.0,14808
2022-08-27 18:08:26,0.0,4.92,23.0,794.0,21.18,56.58,212.17,102,0.0,0.0,0.0,14867
2022-08-27 18:09:33,0.0,4.92,23.0,794.0,21.18,56.43,211.12,102,0.0,0.0,0.0,14926
2022-08-27 18:10:40,0.0,4.92,23.0,794.0,21.18,56.29,213.78,103,0.0,0.0,0.0,14985
2022-08-27 18:11:48,0.0,4.92,23.0,794.0,21.18,56.22,213.92,103,0.0,0.0,0.0,15044
2022-08-27 18:12:55,0.0,4.91,23.0,794.0,21.18,56.09,213.93,103,0.0,0.0,0.0,15103
2022-08-27 18:14:03,0.0,4.91,23.0,794.0,21.18,56.01,214.93,103,0.0,0.0,0.0,15162
2022-08-27 18:15:10,0.0,4.91,23.0,794.02,21.19,55.86,215.71,103,0.0,0.0,0.0,15221
2022-08-27 18:16:18,0.0,4.9,23.0,794.02,21.19,55.74,210.0,102,0.0,0.0,0.0,15280
2022-08-27 18:17:25,0.0,4.91,23.0,794.0,21.19,55.61,212.37,102,0.0,0.0,0.0,15339
2022-08-27 18:18:32,0.0,4.91,23.0,794.0,21.19,55.54,216.68,103,0.0,0.0,0.0,15398
2022-08-27 18:19:40,0.0,4.91,23.0,794.0,21.19,55.44,215.73,103,0.0,0.0,0.0,15457
2022-08-27 18:20:47,0.0,4.92,23.0,794.15,21.19,55.35,215.83,103,0.0,0.0,0.0,15516
2022-08-27 18:21:55,0.0,4.92,23.0,794.0,21.19,55.31,210.1,101,0.0,0.0,0.0,15575
2022-08-27 18:23:02,0.0,4.92,23.0,794.02,21.2,55.28,217.64,103,0.0,0.0,0.0,15634
2022-08-27 18:24:10,0.0,4.92,23.0,794.0,21.2,55.25,212.68,102,0.0,0.0,0.0,15693
2022-08-27 18:25:17,0.0,4.91,23.0,794.0,21.2,55.21,215.32,103,0.0,0.0,0.0,15752
2022-08-27 18:26:24,0.0,4.91,23.0,794.0,21.2,55.13,213.03,102,0.0,0.0,0.0,15811
2022-08-27 18:27:32,0.0,4.91,23.0,794.0,21.2,55.22,212.98,102,0.0,0.0,0.0,15870
2022-08-27 18:28:39,0.0,4.9,23.0,794.07,21.2,55.45,212.76,102,0.0,0.0,0.0,15929
2022-08-27 18:29:47,0.0,4.9,23.0,794.0,21.2,55.66,215.75,103,0.0,0.0,0.0,15988
2022-08-27 18:30:54,0.0,4.9,23.0,794.05,21.2,55.74,212.88,102,0.0,0.0,0.0,16047
2022-08-27 18:32:01,0.0,4.9,23.0,794.0,21.2,55.75,212.14,102,0.0,0.0,0.0,16106
2022-08-27 18:33:09,0.0,4.9,23.0,794.0,21.2,55.77,214.32,102,0.0,0.0,0.0,16165
2022-08-27 18:34:16,0.0,4.9,23.0,794.0,21.2,55.72,212.61,102,0.0,0.0,0.0,16224
2022-08-27 18:35:24,0.0,4.9,23.0,794.0,21.2,55.68,213.17,102,0.0,0.0,0.0,16283
2022-08-27 18:36:31,0.0,4.9,23.0,794.0,21.2,55.64,214.63,103,0.0,0.0,0.0,16342
2022-08-27 18:37:39,0.0,4.9,23.0,794.0,21.2,55.62,219.31,104,0.0,0.0,0.0,16401
2022-08-27 18:38:46,0.0,4.9,23.0,794.0,21.2,55.59,210.36,101,0.0,0.0,0.0,16460
2022-08-27 18:39:53,0.0,4.9,23.0,794.0,21.2,55.49,213.05,102,0.0,0.0,0.0,16519
2022-08-27 18:41:01,0.0,4.9,23.0,794.0,21.2,55.41,211.31,101,0.0,0.0,0.0,16578
2022-08-27 18:42:08,0.0,4.9,23.0,794.0,21.2,55.34,218.97,104,0.0,0.0,0.0,16637
2022-08-27 18:43:16,0.0,4.9,23.0,794.02,21.2,55.3,211.14,101,0.0,0.0,0.0,16696
2022-08-27 18:44:23,0.0,4.9,23.0,794.0,21.19,55.25,216.27,103,0.0,0.0,0.0,16755
2022-08-27 18:45:31,0.0,4.91,23.0,794.0,21.19,55.28,212.8,101,0.0,0.0,0.0,16814
2022-08-27 18:46:38,0.0,4.91,23.0,794.0,21.2,55.24,210.54,101,0.0,0.0,0.0,16873
2022-08-27 18:47:45,0.0,4.91,23.0,794.0,21.2,55.25,218.15,104,0.0,0.0,0.0,16932
2022-08-27 18:48:53,0.0,4.92,23.0,794.0,21.2,55.19,223.76,106,0.0,0.0,0.0,16991
2022-08-27 18:50:00,0.0,4.92,23.0,794.0,21.2,55.16,217.02,104,0.0,0.0,0.0,17050
2022-08-27 18:51:08,0.0,4.91,23.0,794.0,21.2,55.15,207.44,100,0.0,0.0,0.0,17109
2022-08-27 18:52:15,0.0,4.91,23.0,794.0,21.2,55.09,200.22,96,0.0,0.0,0.0,17168
2022-08-27 18:53:22,0.0,4.91,23.0,794.07,21.2,54.99,219.41,104,0.0,0.0,0.0,17227
2022-08-27 18:54:30,0.0,4.9,23.0,794.0,21.2,54.99,217.44,103,0.0,0.0,0.0,17286
2022-08-27 18:55:37,0.0,4.9,23.0,794.0,21.2,55.12,211.39,101,0.0,0.0,0.0,17345
2022-08-27 18:56:45,0.0,4.91,23.0,794.0,21.2,55.47,204.17,99,0.0,0.0,0.0,17404
2022-08-27 18:57:52,0.0,4.91,23.0,794.0,21.2,55.66,207.05,99,0.0,0.0,0.0,17463
2022-08-27 18:59:00,0.0,4.91,23.0,794.0,21.2,55.81,213.17,102,0.0,0.0,0.0,17522
2022-08-27 19:00:07,0.0,4.9,23.0,794.0,21.2,55.99,212.86,102,0.0,0.0,0.0,17581
2022-08-27 19:01:14,0.0,4.9,23.0,794.05,21.2,56.14,215.75,103,0.0,0.0,0.0,17640
2022-08-27 19:02:22,0.0,4.9,23.0,794.0,21.21,56.1,218.15,103,0.0,0.0,0.0,17699
2022-08-27 19:03:29,0.0,4.9,23.0,794.0,21.21,56.51,222.69,106,0.0,0.0,0.0,17758
2022-08-27 19:04:37,0.0,4.9,23.0,794.0,21.22,56.75,220.49,105,0.0,0.0,0.0,17817
2022-08-27 19:05:44,0.0,4.9,23.0,794.05,21.23,56.93,224.02,106,0.0,0.0,0.0,17876
2022-08-27 19:06:51,0.0,4.9,23.0,794.1,21.24,57.08,223.25,107,0.0,0.0,0.0,17935
2022-08-27 19:07:59,0.0,4.89,23.0,794.05,21.25,57.05,211.36,102,0.0,0.0,0.0,17994
2022-08-27 19:09:06,0.0,4.89,23.0,794.0,21.26,57.07,214.85,103,0.0,0.0,0.0,18053
2022-08-27 19:10:14,0.0,4.89,23.0,794.0,21.27,57.11,221.86,106,0.0,0.0,0.0,18112
2022-08-27 19:11:21,0.0,4.89,23.0,794.0,21.28,56.99,220.2,105,0.0,0.0,0.0,18171
2022-08-27 19:12:29,0.0,4.89,23.0,794.1,21.29,57.04,210.24,101,0.0,0.0,0.0,18230
2022-08-27 19:13:36,0.0,4.89,23.0,794.05,21.29,57.11,216.59,104,0.0,0.0,0.0,18289
2022-08-27 19:14:43,0.0,4.89,23.0,794.0,21.3,56.94,203.32,98,0.0,0.0,0.0,18348
2022-08-27 19:15:51,0.0,4.89,23.0,794.07,21.3,56.76,220.68,105,0.0,0.0,0.0,18407
2022-08-27 19:18:06,0.0,4.9,23.0,794.0,21.3,56.59,212.17,101,0.0,0.0,0.0,18525
2022-08-27 19:19:13,0.0,4.9,23.0,794.02,21.3,56.49,219.34,105,0.0,0.0,0.0,18584
2022-08-27 19:20:21,0.0,4.91,23.0,794.0,21.3,56.38,214.39,102,0.0,0.0,0.0,18643
2022-08-27 19:21:28,0.0,4.91,23.0,794.0,21.3,56.29,213.46,102,0.0,0.0,0.0,18702
2022-08-27 19:22:35,0.0,4.91,23.0,794.0,21.3,56.28,215.15,103,0.0,0.0,0.0,18761
2022-08-27 19:23:43,0.0,4.9,23.0,794.0,21.3,56.19,217.12,104,0.0,0.0,0.0,18820
2022-08-27 19:24:50,0.0,4.9,23.0,794.0,21.3,56.18,213.12,102,0.0,0.0,0.0,18879
2022-08-27 19:25:58,0.0,4.91,23.0,794.0,21.3,56.05,217.78,104,0.0,0.0,0.0,18938
2022-08-27 19:27:05,0.0,4.9,23.0,794.0,21.3,56.05,210.37,101,0.0,0.0,0.0,18997
2022-08-27 19:28:13,0.0,4.9,23.0,794.0,21.29,55.98,215.0,103,0.0,0.0,0.0,19056
2022-08-27 19:29:20,0.0,4.91,23.0,794.0,21.3,56.07,216.02,103,0.0,0.0,0.0,19115
2022-08-27 19:30:27,0.0,4.91,23.0,794.02,21.3,55.94,217.42,104,0.0,0.0,0.0,19174
2022-08-27 19:31:35,0.0,4.91,23.0,794.0,21.3,55.81,218.51,104,0.0,0.0,0.0,19233
2022-08-27 19:32:42,0.0,4.91,23.0,794.0,21.3,55.69,217.17,103,0.0,0.0,0.0,19292
2022-08-27 19:33:50,0.0,4.91,23.0,794.0,21.3,55.66,212.29,102,0.0,0.0,0.0,19351
2022-08-27 19:34:57,0.0,4.91,23.0,794.0,21.3,55.65,220.08,105,0.0,0.0,0.0,19410
2022-08-27 19:36:04,0.0,4.9,23.0,794.02,21.3,55.61,220.51,105,0.0,0.0,0.0,19469
2022-08-27 19:37:12,0.0,4.9,23.0,794.0,21.3,55.61,215.75,103,0.0,0.0,0.0,19528
2022-08-27 20:00:11,0.0,4.91,23.0,794.02,21.28,58.8,219.32,103,0.0,0.0,0.0,58
2022-08-27 20:02:26,0.0,4.9,23.0,794.0,21.31,58.68,212.22,102,0.0,0.0,0.0,176
2022-08-27 20:08:19,0.0,4.89,23.0,794.0,21.33,59.16,221.25,112,0.0,0.0,0.0,58
2022-08-27 20:09:26,0.0,4.91,23.0,794.05,21.35,58.95,226.81,109,0.0,0.0,0.0,117
2022-08-27 20:10:33,0.0,4.91,23.0,794.1,21.36,59.1,227.8,109,0.0,0.0,0.0,176
2022-08-27 20:13:15,0.0,4.86,23.0,794.0,21.38,59.16,217.8,107,0.0,0.0,0.0,58
2022-08-27 20:14:23,0.0,4.85,23.0,794.0,21.4,58.96,219.61,106,0.0,0.0,0.0,117
2022-08-27 20:15:30,0.0,4.85,23.0,794.0,21.42,58.66,216.25,104,0.0,0.0,0.0,176
2022-08-27 20:16:38,0.0,4.84,23.0,794.0,21.42,58.59,217.95,105,0.0,0.0,0.0,235
2022-08-27 20:17:45,0.0,4.84,23.0,794.0,21.43,58.57,221.36,107,0.0,0.0,0.0,294
2022-08-27 20:18:53,0.0,4.84,23.0,794.0,21.43,58.64,225.37,108,0.0,0.0,0.0,353
2022-08-27 20:20:00,0.0,4.84,23.0,794.0,21.43,58.63,225.46,108,0.0,0.0,0.0,412
2022-08-27 20:21:07,0.0,4.84,23.0,794.0,21.43,58.52,216.69,105,0.0,0.0,0.0,471
2022-08-27 20:22:15,0.0,4.84,23.0,794.0,21.43,58.48,218.68,106,0.0,0.0,0.0,530
2022-08-27 20:23:22,0.0,4.84,23.0,794.0,21.43,58.5,218.81,106,0.0,0.0,0.0,589
2022-08-27 20:24:30,0.0,4.84,23.0,794.0,21.44,58.46,219.78,106,0.0,0.0,0.0,648
2022-08-27 20:25:37,0.0,4.84,23.0,794.0,21.44,58.43,214.39,104,0.0,0.0,0.0,707
2022-08-27 20:26:44,0.0,4.84,23.0,794.0,21.44,58.43,216.95,105,0.0,0.0,0.0,766
2022-08-27 20:27:52,0.0,4.84,23.0,794.0,21.44,58.41,216.54,104,0.0,0.0,0.0,825
2022-08-27 20:28:59,0.0,4.84,23.0,794.0,21.44,58.39,211.47,103,0.0,0.0,0.0,884
2022-08-27 20:30:07,0.0,4.84,23.0,794.0,21.44,58.38,211.19,103,0.0,0.0,0.0,943
2022-08-27 20:31:14,0.0,4.84,23.0,794.0,21.44,58.39,219.17,106,0.0,0.0,0.0,1002
2022-08-27 20:32:22,0.0,4.84,23.0,794.0,21.44,58.46,212.68,103,0.0,0.0,0.0,1061
2022-08-27 20:33:29,0.0,4.84,23.0,794.0,21.44,58.58,214.17,104,0.0,0.0,0.0,1120
2022-08-27 20:34:36,0.0,4.84,23.0,794.0,21.45,58.53,217.97,105,0.0,0.0,0.0,1179
2022-08-27 20:35:44,0.0,4.84,23.0,794.0,21.45,58.52,215.1,104,0.0,0.0,0.0,1238
2022-08-27 20:36:51,0.0,4.84,23.0,794.0,21.46,58.5,213.03,104,0.0,0.0,0.0,1297
2022-08-27 20:37:59,0.0,4.84,23.0,794.0,21.46,58.5,220.47,107,0.0,0.0,0.0,1356
2022-08-27 20:39:06,0.0,4.84,23.0,794.0,21.46,58.45,216.34,105,0.0,0.0,0.0,1415
2022-08-27 20:40:13,0.0,4.84,23.0,794.0,21.47,58.28,215.66,105,0.0,0.0,0.0,1474
2022-08-27 20:41:21,0.0,4.84,23.0,794.0,21.47,58.01,210.71,103,0.0,0.0,0.0,1533
2022-08-27 20:42:28,0.0,4.83,23.0,794.0,21.47,57.99,215.27,104,0.0,0.0,0.0,1592
2022-08-27 20:43:36,0.0,4.83,23.0,794.0,21.47,57.89,215.92,105,0.0,0.0,0.0,1651
2022-08-27 20:44:43,0.0,4.83,23.0,794.0,21.46,57.77,216.54,105,0.0,0.0,0.0,1710
2022-08-27 20:45:51,0.0,4.83,23.0,794.0,21.46,57.65,211.86,103,0.0,0.0,0.0,1769
2022-08-27 20:46:58,0.0,4.82,23.0,794.0,21.46,57.67,209.27,102,0.0,0.0,0.0,1828
2022-08-27 20:48:05,0.0,4.82,23.0,794.0,21.46,57.7,220.68,107,0.0,0.0,0.0,1887
2022-08-27 20:49:13,0.0,4.82,23.0,794.0,21.45,57.69,212.92,104,0.0,0.0,0.0,1946
2022-08-27 20:50:20,0.0,4.82,23.0,794.0,21.45,57.72,217.34,105,0.0,0.0,0.0,2005
2022-08-27 20:51:28,0.0,4.82,23.0,794.0,21.45,57.78,219.53,106,0.0,0.0,0.0,2064
2022-08-27 20:52:35,0.0,4.82,23.0,794.0,21.44,57.85,213.59,104,0.0,0.0,0.0,2123
2022-08-27 20:53:42,0.0,4.83,23.0,794.0,21.44,57.92,214.95,104,0.0,0.0,0.0,2182
2022-08-27 20:54:50,0.0,4.84,23.0,794.0,21.44,58.04,217.49,105,0.0,0.0,0.0,2241
2022-08-27 20:55:57,0.0,4.84,23.0,794.0,21.44,58.06,215.08,105,0.0,0.0,0.0,2300
2022-08-27 20:57:05,0.0,4.84,23.0,794.0,21.44,58.12,216.02,105,0.0,0.0,0.0,2359
2022-08-27 20:58:12,0.0,4.84,23.0,794.0,21.43,58.23,219.22,106,0.0,0.0,0.0,2418
2022-08-27 20:59:20,0.0,4.84,23.0,794.0,21.43,58.22,222.64,108,0.0,0.0,0.0,2477
2022-08-27 21:00:27,0.0,4.84,23.0,794.0,21.43,58.27,219.14,106,0.0,0.0,0.0,2536
2022-08-27 21:01:34,0.0,4.84,23.0,794.0,21.43,58.3,210.93,103,0.0,0.0,0.0,2595
2022-08-27 21:02:42,0.0,4.84,23.0,794.0,21.42,58.36,212.24,104,0.0,0.0,0.0,2654
2022-08-27 21:03:49,0.0,4.84,23.0,794.0,21.42,58.4,215.19,105,0.0,0.0,0.0,2713
2022-08-27 21:04:57,0.0,4.84,23.0,794.0,21.42,58.42,213.19,105,0.0,0.0,0.0,2772
2022-08-27 21:06:04,0.0,4.84,23.0,794.0,21.42,58.46,212.85,104,0.0,0.0,0.0,2831
2022-08-27 21:07:12,0.0,4.84,23.0,794.0,21.42,58.5,213.41,104,0.0,0.0,0.0,2890
2022-08-27 21:08:19,0.0,4.84,23.0,794.0,21.41,58.53,214.71,105,0.0,0.0,0.0,2949
2022-08-27 21:09:26,0.0,4.84,23.0,794.0,21.41,58.57,214.17,105,0.0,0.0,0.0,3008
2022-08-27 21:10:34,0.0,4.84,23.0,794.0,21.41,58.6,209.85,103,0.0,0.0,0.0,3067
2022-08-27 21:11:41,0.0,4.84,23.0,794.0,21.41,58.61,216.83,106,0.0,0.0,0.0,3126
2022-08-27 21:12:49,0.0,4.84,23.0,794.0,21.41,58.65,214.15,104,0.0,0.0,0.0,3185
2022-08-27 21:13:56,0.0,4.84,23.0,794.0,21.41,58.8,213.2,104,0.0,0.0,0.0,3244
2022-08-27 21:15:03,0.0,4.84,23.0,794.0,21.41,58.87,215.41,105,0.0,0.0,0.0,3303
2022-08-27 21:16:11,0.0,4.84,23.0,794.0,21.41,58.92,212.15,104,0.0,0.0,0.0,3362
2022-08-27 21:17:18,0.0,4.84,23.0,794.0,21.41,58.88,214.53,105,0.0,0.0,0.0,3421
2022-08-27 21:18:26,0.0,4.83,23.0,794.0,21.41,58.88,208.98,103,0.0,0.0,0.0,3480
2022-08-27 21:19:33,0.0,4.82,23.0,794.0,21.41,58.89,219.05,107,0.0,0.0,0.0,3539
2022-08-27 21:20:41,0.0,4.82,23.0,794.0,21.41,58.89,208.9,103,0.0,0.0,0.0,3598
2022-08-27 21:21:48,0.0,4.82,23.0,794.0,21.41,58.86,208.0,102,0.0,0.0,0.0,3657
2022-08-27 21:22:55,0.0,4.82,23.0,794.0,21.41,58.87,210.25,103,0.0,0.0,0.0,3716
2022-08-27 21:24:03,0.0,4.82,23.0,794.0,21.41,58.88,216.12,105,0.0,0.0,0.0,3775
2022-08-27 21:25:10,0.0,4.82,23.0,794.0,21.4,58.87,214.25,105,0.0,0.0,0.0,3834
2022-08-27 21:26:18,0.0,4.84,23.0,794.0,21.4,58.87,218.24,107,0.0,0.0,0.0,3893
2022-08-27 21:27:25,0.0,4.84,23.0,794.0,21.4,58.9,210.68,103,0.0,0.0,0.0,3952
2022-08-27 21:28:32,0.0,4.84,23.0,794.0,21.4,58.9,213.83,105,0.0,0.0,0.0,4011
2022-08-27 21:29:40,0.0,4.84,23.0,794.0,21.4,58.9,216.05,106,0.0,0.0,0.0,4070
2022-08-27 21:30:47,0.0,4.84,23.0,794.0,21.4,58.91,216.92,106,0.0,0.0,0.0,4129
2022-08-27 21:31:55,0.0,4.84,23.0,794.0,21.4,59.01,210.68,104,0.0,0.0,0.0,4188
2022-08-27 21:33:02,0.0,4.84,23.0,794.0,21.4,59.05,214.12,105,0.0,0.0,0.0,4247
2022-08-27 21:35:17,0.0,4.84,23.0,794.0,21.4,58.97,211.19,104,0.0,0.0,0.0,4365
2022-08-27 21:36:24,0.0,4.84,23.0,794.0,21.4,58.94,215.92,105,0.0,0.0,0.0,4424
2022-08-27 21:37:32,0.0,4.84,23.0,794.0,21.4,58.96,213.85,105,0.0,0.0,0.0,4483
2022-08-27 21:38:39,0.0,4.84,23.0,794.0,21.4,58.96,210.14,104,0.0,0.0,0.0,4542
2022-08-27 21:39:47,0.0,4.84,23.0,794.0,21.4,58.94,213.19,104,0.0,0.0,0.0,4601
2022-08-27 21:40:54,0.0,4.84,23.0,794.0,21.4,58.91,214.8,105,0.0,0.0,0.0,4660
2022-08-27 21:42:01,0.0,4.84,23.0,794.02,21.4,58.92,210.59,104,0.0,0.0,0.0,4719
2022-08-27 21:43:09,0.0,4.84,23.0,794.0,21.4,58.95,216.76,107,0.0,0.0,0.0,4778
2022-08-27 21:44:16,0.0,4.84,23.0,794.0,21.4,58.96,205.78,101,0.0,0.0,0.0,4837
2022-08-27 21:45:24,0.0,4.83,23.0,794.0,21.4,58.94,215.81,106,0.0,0.0,0.0,4896
2022-08-27 21:46:31,0.0,4.82,23.0,794.0,21.4,58.93,211.2,104,0.0,0.0,0.0,4955
2022-08-27 21:47:39,0.0,4.82,23.0,794.0,21.4,58.94,213.42,104,0.0,0.0,0.0,5014
2022-08-27 21:48:46,0.0,4.82,23.0,794.0,21.4,58.94,211.02,104,0.0,0.0,0.0,5073
2022-08-27 21:49:53,0.0,4.83,23.0,794.0,21.4,58.79,210.12,103,0.0,0.0,0.0,5132
2022-08-27 21:51:01,0.0,4.83,23.0,794.02,21.4,58.78,221.32,108,0.0,0.0,0.0,5191
2022-08-27 21:52:08,0.0,4.84,23.0,794.0,21.4,58.95,214.59,105,0.0,0.0,0.0,5250
2022-08-27 21:53:16,0.0,4.84,23.0,794.0,21.4,58.9,209.69,103,0.0,0.0,0.0,5309
2022-08-27 21:54:23,0.0,4.84,23.0,794.0,21.4,58.96,206.59,102,0.0,0.0,0.0,5368
2022-08-27 21:55:30,0.0,4.84,23.0,794.0,21.41,59.0,221.2,108,0.0,0.0,0.0,5427
2022-08-27 21:56:38,0.0,4.84,23.0,794.0,21.41,59.02,209.29,104,0.0,0.0,0.0,5486
2022-08-27 21:57:45,0.0,4.83,23.0,794.0,21.41,59.04,209.25,103,0.0,0.0,0.0,5545
2022-08-27 21:58:53,0.0,4.84,23.0,794.0,21.41,59.05,215.49,105,0.0,0.0,0.0,5604
2022-08-27 22:00:00,0.0,4.84,23.0,794.0,21.42,59.05,213.0,105,0.0,0.0,0.0,5663
2022-08-27 22:01:08,0.0,4.84,23.0,794.0,21.42,59.07,216.03,106,0.0,0.0,0.0,5722
2022-08-27 22:02:15,0.0,4.84,23.0,794.0,21.43,59.08,224.22,109,0.0,0.0,0.0,5781
2022-08-27 22:03:22,0.0,4.84,23.0,794.0,21.43,59.1,223.51,109,0.0,0.0,0.0,5840
2022-08-27 22:04:30,0.0,4.84,23.0,794.0,21.44,59.12,219.81,108,0.0,0.0,0.0,5899
2022-08-27 22:05:37,0.0,4.84,23.0,794.0,21.44,59.13,224.95,109,0.0,0.0,0.0,5958
2022-08-27 22:06:45,0.0,4.84,23.0,794.0,21.44,59.14,218.12,107,0.0,0.0,0.0,6017
2022-08-27 22:07:52,0.0,4.84,23.0,794.0,21.45,59.15,228.17,111,0.0,0.0,0.0,6076
2022-08-27 22:08:59,0.0,4.84,23.0,794.0,21.45,59.16,217.78,107,0.0,0.0,0.0,6135
2022-08-27 22:10:07,0.0,4.84,23.0,794.0,21.46,59.18,220.73,108,0.0,0.0,0.0,6194
2022-08-27 22:11:14,0.0,4.84,23.0,794.0,21.46,59.19,223.32,109,0.0,0.0,0.0,6253
2022-08-27 22:12:22,0.0,4.84,23.0,794.0,21.47,59.17,217.42,107,0.0,0.0,0.0,6312
2022-08-27 22:13:29,0.0,4.84,23.0,794.0,21.48,59.17,225.2,110,0.0,0.0,0.0,6371
2022-08-27 22:14:37,0.0,4.84,23.0,794.0,21.48,59.13,215.9,106,0.0,0.0,0.0,6430
2022-08-27 22:15:44,0.0,4.84,23.0,794.0,21.48,58.9,216.47,106,0.0,0.0,0.0,6489
2022-08-27 22:16:51,0.0,4.84,23.0,794.0,21.49,58.95,213.97,105,0.0,0.0,0.0,6548
2022-08-27 22:17:59,0.0,4.84,23.0,794.0,21.49,59.17,225.34,110,0.0,0.0,0.0,6607
2022-08-27 22:19:06,0.0,4.84,23.0,794.0,21.5,59.11,220.66,108,0.0,0.0,0.0,6666
2022-08-27 22:20:14,0.0,4.84,23.0,794.0,21.5,58.99,215.39,106,0.0,0.0,0.0,6725
2022-08-27 22:22:28,0.0,4.84,23.0,794.0,21.51,58.96,223.81,110,0.0,0.0,0.0,6843
2022-08-27 22:23:36,0.0,4.84,23.0,794.0,21.51,58.99,223.9,109,0.0,0.0,0.0,6902
2022-08-27 22:24:43,0.0,4.84,23.0,794.0,21.52,58.97,214.61,106,0.0,0.0,0.0,6961
2022-08-27 22:25:51,0.0,4.83,23.0,794.0,21.52,59.01,223.75,114,0.0,0.0,0.0,7020
2022-08-27 22:26:58,0.0,4.83,23.0,794.0,21.52,59.04,212.68,104,0.0,0.0,0.0,7079
2022-08-27 22:28:06,0.0,4.83,23.0,794.0,21.53,59.04,217.27,106,0.0,0.0,0.0,7138
2022-08-27 22:29:13,0.0,4.82,23.0,794.0,21.53,59.02,220.83,107,0.0,0.0,0.0,7197
2022-08-27 22:30:20,0.0,4.82,23.0,794.0,21.54,59.08,226.71,110,0.0,0.0,0.0,7256
2022-08-27 22:31:28,0.0,4.83,23.0,794.0,21.54,59.14,221.63,108,0.0,0.0,0.0,7315
2022-08-27 22:32:35,0.0,4.83,23.0,794.0,21.54,59.17,218.93,107,0.0,0.0,0.0,7374
2022-08-27 22:33:43,0.0,4.83,23.0,794.0,21.55,59.16,223.39,109,0.0,0.0,0.0,7433
2022-08-27 22:34:50,0.0,4.83,23.0,794.0,21.55,59.22,217.1,106,0.0,0.0,0.0,7492
2022-08-27 22:35:57,0.0,4.83,23.0,794.02,21.56,59.27,217.58,106,0.0,0.0,0.0,7551
2022-08-27 22:37:05,0.0,4.83,23.0,794.0,21.56,59.09,215.17,105,0.0,0.0,0.0,7610
2022-08-27 22:38:12,0.0,4.83,23.0,794.0,21.57,59.02,214.34,105,0.0,0.0,0.0,7669
2022-08-27 22:39:20,0.0,4.84,23.0,794.0,21.57,59.1,208.97,103,0.0,0.0,0.0,7728
2022-08-27 22:40:27,0.0,4.83,23.0,794.0,21.57,59.03,214.85,105,0.0,0.0,0.0,7787
2022-08-27 22:41:35,0.0,4.83,23.0,794.0,21.57,58.92,213.31,104,0.0,0.0,0.0,7846
2022-08-27 22:42:42,0.0,4.84,23.0,794.0,21.57,58.92,210.36,103,0.0,0.0,0.0,7905
2022-08-27 22:43:49,0.0,4.83,23.0,794.0,21.57,58.87,212.14,104,0.0,0.0,0.0,7964
2022-08-27 22:44:57,0.0,4.83,23.0,794.0,21.57,58.95,212.24,104,0.0,0.0,0.0,8023
2022-08-27 22:46:04,0.0,4.84,23.0,794.0,21.57,59.02,212.27,104,0.0,0.0,0.0,8082
2022-08-27 22:47:12,0.0,4.84,23.0,794.0,21.56,59.04,216.03,105,0.0,0.0,0.0,8141
2022-08-27 22:48:19,0.0,4.84,23.0,794.0,21.56,59.05,210.98,104,0.0,0.0,0.0,8200
2022-08-27 22:49:27,0.0,4.83,23.0,794.0,21.56,59.03,218.14,106,0.0,0.0,0.0,8259
2022-08-27 22:50:34,0.0,4.83,23.0,794.0,21.56,59.03,215.34,105,0.0,0.0,0.0,8318
2022-08-27 22:51:41,0.0,4.83,23.0,794.0,21.56,59.01,218.51,107,0.0,0.0,0.0,8377
2022-08-27 22:53:56,0.0,4.83,23.0,794.0,21.56,58.97,213.02,105,0.0,0.0,0.0,8495
2022-08-27 22:55:04,0.0,4.83,23.0,794.0,21.56,58.99,213.34,104,0.0,0.0,0.0,8554
2022-08-27 22:56:11,0.0,4.83,23.0,794.0,21.55,58.95,218.83,107,0.0,0.0,0.0,8613
2022-08-27 22:57:18,0.0,4.84,23.0,794.0,21.55,58.92,212.46,104,0.0,0.0,0.0,8672
2022-08-27 22:58:26,0.0,4.84,23.0,794.0,21.55,58.76,212.66,105,0.0,0.0,0.0,8731
2022-08-27 22:59:33,0.0,4.84,23.0,794.0,21.55,58.78,218.0,107,0.0,0.0,0.0,8790
2022-08-27 23:00:41,0.0,4.84,23.0,794.0,21.55,58.94,219.31,108,0.0,0.0,0.0,8849
2022-08-27 23:01:48,0.0,4.84,23.0,794.0,21.55,58.97,216.42,107,0.0,0.0,0.0,8908
2022-08-27 23:02:56,0.0,4.84,23.0,794.0,21.55,58.92,222.88,109,0.0,0.0,0.0,8967
2022-08-27 23:04:03,0.0,4.84,23.0,794.0,21.55,58.91,216.59,107,0.0,0.0,0.0,9026
2022-08-27 23:05:10,0.0,4.84,23.0,794.0,21.54,58.88,219.73,108,0.0,0.0,0.0,9085
2022-08-27 23:06:18,0.0,4.84,23.0,794.0,21.54,58.86,213.69,105,0.0,0.0,0.0,9144
2022-08-27 23:07:25,0.0,4.84,23.0,794.0,21.54,58.89,215.63,106,0.0,0.0,0.0,9203
2022-08-27 23:08:33,0.0,4.84,23.0,794.0,21.54,58.85,218.32,108,0.0,0.0,0.0,9262
2022-08-27 23:09:40,0.0,4.84,23.0,794.0,21.54,58.85,209.31,103,0.0,0.0,0.0,9321
2022-08-27 23:10:47,0.0,4.84,23.0,794.0,21.54,58.85,216.49,106,0.0,0.0,0.0,9380
2022-08-27 23:11:55,0.0,4.84,23.0,794.0,21.54,58.89,217.47,107,0.0,0.0,0.0,9439
2022-08-27 23:13:02,0.0,4.84,23.0,794.0,21.54,58.93,225.34,110,0.0,0.0,0.0,9498
2022-08-27 23:14:10,0.0,4.84,23.0,794.02,21.54,59.01,214.76,106,0.0,0.0,0.0,9557
2022-08-27 23:16:25,0.0,4.84,23.0,794.0,21.54,58.9,215.19,106,0.0,0.0,0.0,9675
2022-08-27 23:17:32,0.0,4.84,23.0,794.0,21.54,58.63,215.39,106,0.0,0.0,0.0,9734
2022-08-27 23:18:39,0.0,4.84,23.0,794.0,21.54,58.62,218.02,106,0.0,0.0,0.0,9793
2022-08-27 23:19:47,0.0,4.84,23.0,794.0,21.54,58.77,214.36,105,0.0,0.0,0.0,9852
2022-08-27 23:20:54,0.0,4.84,23.0,794.0,21.54,58.86,208.8,103,0.0,0.0,0.0,9911
2022-08-27 23:22:02,0.0,4.84,23.0,794.0,21.53,58.89,215.95,106,0.0,0.0,0.0,9970
2022-08-27 23:23:09,0.0,4.84,23.0,794.0,21.53,58.81,208.85,103,0.0,0.0,0.0,10029
2022-08-27 23:24:16,0.0,4.84,23.0,794.0,21.53,58.8,211.66,104,0.0,0.0,0.0,10088
2022-08-27 23:25:24,0.0,4.84,23.0,794.0,21.53,58.83,210.63,103,0.0,0.0,0.0,10147
2022-08-27 23:26:31,0.0,4.84,23.0,794.0,21.53,58.85,211.17,104,0.0,0.0,0.0,10206
2022-08-27 23:27:39,0.0,4.84,23.0,794.0,21.53,58.75,215.81,106,0.0,0.0,0.0,10265
2022-08-27 23:28:46,0.0,4.84,23.0,794.0,21.53,58.85,211.71,104,0.0,0.0,0.0,10324
2022-08-27 23:29:54,0.0,4.84,23.0,794.0,21.53,59.08,212.17,104,0.0,0.0,0.0,10383
2022-08-27 23:31:01,0.0,4.84,23.0,794.0,21.53,59.06,216.46,106,0.0,0.0,0.0,10442
2022-08-27 23:32:08,0.0,4.84,23.0,794.0,21.54,59.07,213.39,105,0.0,0.0,0.0,10501
2022-08-27 23:33:16,0.0,4.84,23.0,794.0,21.54,59.13,216.93,106,0.0,0.0,0.0,10560
2022-08-27 23:34:23,0.0,4.84,23.0,794.0,21.54,59.34,216.53,106,0.0,0.0,0.0,10619
2022-08-27 23:35:31,0.0,4.84,23.0,794.0,21.54,59.4,217.03,106,0.0,0.0,0.0,10678
2022-08-27 23:36:38,0.0,4.84,23.0,794.0,21.54,59.32,215.15,105,0.0,0.0,0.0,10737
2022-08-27 23:37:45,0.0,4.84,23.0,794.0,21.55,59.32,214.08,105,0.0,0.0,0.0,10796
2022-08-27 23:38:53,0.0,4.84,23.0,794.0,21.55,59.32,222.42,108,0.0,0.0,0.0,10855
2022-08-27 23:40:00,0.0,4.84,23.0,794.0,21.56,59.36,218.93,107,0.0,0.0,0.0,10914
2022-08-27 23:41:08,0.0,4.84,23.0,794.0,21.56,59.41,223.12,109,0.0,0.0,0.0,10973
2022-08-27 23:42:15,0.0,4.84,23.0,794.0,21.56,59.4,218.07,106,0.0,0.0,0.0,11032
2022-08-27 23:43:23,0.0,4.84,23.0,794.0,21.57,59.42,220.83,108,0.0,0.0,0.0,11091
2022-08-27 23:44:30,0.0,4.84,23.0,794.0,21.57,59.45,220.51,109,0.0,0.0,0.0,11150
2022-08-27 23:45:37,0.0,4.84,23.0,794.0,21.58,59.45,221.03,108,0.0,0.0,0.0,11209
2022-08-27 23:46:45,0.0,4.84,23.0,794.0,21.58,59.48,225.9,111,0.0,0.0,0.0,11268
2022-08-27 23:47:52,0.0,4.84,23.0,794.0,21.59,59.51,224.51,110,0.0,0.0,0.0,11327
2022-08-27 23:49:00,0.0,4.84,23.0,794.0,21.59,59.54,218.59,107,0.0,0.0,0.0,11386
2022-08-27 23:50:07,0.0,4.84,23.0,794.0,21.6,59.55,224.42,110,0.0,0.0,0.0,11445
2022-08-27 23:51:15,0.0,4.84,23.0,794.0,21.6,59.56,222.2,108,0.0,0.0,0.0,11504
2022-08-27 23:52:22,0.0,4.84,23.0,794.0,21.61,59.56,221.49,109,0.0,0.0,0.0,11563
2022-08-27 23:53:29,0.0,4.84,23.08,794.0,21.61,59.58,219.0,108,0.0,0.0,0.0,11622
2022-08-27 23:54:37,0.0,4.84,23.08,794.0,21.61,59.61,221.19,108,0.0,0.0,0.0,11681
2022-08-27 23:55:44,0.0,4.84,23.07,794.0,21.62,59.6,219.32,108,0.0,0.0,0.0,11740
2022-08-27 23:56:52,0.0,4.84,23.07,794.0,21.63,59.64,216.8,106,0.0,0.0,0.0,11799
2022-08-27 23:59:06,0.0,4.84,23.22,794.0,21.63,59.8,219.97,108,0.0,0.0,0.0,11917
2022-08-28 00:00:14,0.0,4.84,23.46,794.05,21.64,59.77,215.76,107,0.0,0.0,0.0,11976
2022-08-28 00:01:21,0.0,4.84,23.49,794.0,21.64,59.78,218.07,106,0.0,0.0,0.0,12035
2022-08-28 00:02:29,0.0,4.84,23.9,794.0,21.64,59.81,222.02,109,0.0,0.0,0.0,12094
2022-08-28 00:03:36,0.0,4.84,24.0,794.0,21.65,59.79,217.36,107,0.0,0.0,0.0,12153
2022-08-28 00:04:44,0.0,4.84,24.0,794.0,21.65,59.85,219.58,107,0.0,0.0,0.0,12212
2022-08-28 00:05:51,0.0,4.84,24.0,794.0,21.65,59.88,218.88,107,0.0,0.0,0.0,12271
2022-08-28 00:06:58,0.0,4.84,24.0,794.0,21.65,59.89,224.29,110,0.0,0.0,0.0,12330
2022-08-28 00:08:06,0.0,4.84,24.0,794.0,21.66,59.94,215.51,106,0.0,0.0,0.0,12389
2022-08-28 00:09:13,0.0,4.84,24.0,794.05,21.66,59.97,214.37,106,0.0,0.0,0.0,12448
2022-08-28 00:10:21,0.0,4.84,24.0,794.0,21.67,59.99,218.17,107,0.0,0.0,0.0,12507
2022-08-28 00:11:28,0.0,4.84,24.0,794.0,21.67,59.99,220.37,108,0.0,0.0,0.0,12566
2022-08-28 00:12:35,0.0,4.84,24.0,794.0,21.67,59.99,214.9,106,0.0,0.0,0.0,12625
2022-08-28 00:13:43,0.0,4.84,24.0,794.0,21.68,59.99,216.19,107,0.0,0.0,0.0,12684
2022-08-28 00:14:50,0.0,4.84,24.0,794.0,21.68,60.03,224.02,109,0.0,0.0,0.0,12743
2022-08-28 00:15:58,0.0,4.84,24.0,794.05,21.68,60.03,222.85,108,0.0,0.0,0.0,12802
2022-08-28 00:17:05,0.0,4.84,24.0,794.0,21.69,60.04,216.73,106,0.0,0.0,0.0,12861
2022-08-28 00:18:12,0.0,4.83,24.0,794.0,21.69,60.02,219.53,107,0.0,0.0,0.0,12920
2022-08-28 00:19:20,0.0,4.84,24.0,794.0,21.69,60.07,215.34,106,0.0,0.0,0.0,12979
2022-08-28 00:20:27,0.0,4.83,24.0,794.0,21.7,60.07,213.63,105,0.0,0.0,0.0,13038
2022-08-28 00:21:35,0.0,4.83,24.0,794.0,21.7,60.02,212.2,105,0.0,0.0,0.0,13097
2022-08-28 00:22:42,0.0,4.83,24.0,794.0,21.7,60.03,218.02,107,0.0,0.0,0.0,13156
2022-08-28 00:23:50,0.0,4.82,24.0,794.0,21.71,60.09,220.1,108,0.0,0.0,0.0,13215
2022-08-28 00:24:57,0.0,4.82,24.0,794.0,21.71,60.06,220.07,108,0.0,0.0,0.0,13274
2022-08-28 00:26:04,0.0,4.82,24.0,794.0,21.71,60.07,218.56,107,0.0,0.0,0.0,13333
2022-08-28 00:27:12,0.0,4.82,24.0,794.0,21.72,60.05,218.37,107,0.0,0.0,0.0,13392
2022-08-28 00:28:19,0.0,4.82,24.0,794.0,21.72,60.38,224.03,110,0.0,0.0,0.0,13451
2022-08-28 00:29:27,0.0,4.82,24.0,794.0,21.73,60.56,216.58,106,0.0,0.0,0.0,13510
2022-08-28 00:30:34,0.0,4.82,24.0,794.0,21.73,60.3,211.22,105,0.0,0.0,0.0,13569
2022-08-28 00:31:41,0.0,4.82,24.0,794.0,21.74,60.22,214.14,106,0.0,0.0,0.0,13628
2022-08-28 00:32:49,0.0,4.82,24.0,794.0,21.75,60.34,218.93,108,0.0,0.0,0.0,13687
2022-08-28 00:33:56,0.0,4.82,24.0,794.0,21.75,60.24,215.76,106,0.0,0.0,0.0,13746
2022-08-28 00:35:04,0.0,4.82,24.0,794.0,21.75,60.15,214.24,105,0.0,0.0,0.0,13805
2022-08-28 00:36:11,0.0,4.82,24.0,794.0,21.76,60.13,217.36,107,0.0,0.0,0.0,13864
2022-08-28 00:38:26,0.0,4.83,24.0,794.0,21.77,59.89,213.56,105,0.0,0.0,0.0,13982
2022-08-28 00:39:33,0.0,4.84,24.0,794.0,21.77,59.81,217.05,106,0.0,0.0,0.0,14041
2022-08-28 00:40:41,0.0,4.84,24.0,794.0,21.77,59.84,223.46,109,0.0,0.0,0.0,14100
2022-08-28 00:41:48,0.0,4.84,24.0,794.0,21.78,59.77,219.75,107,0.0,0.0,0.0,14159
2022-08-28 00:42:56,0.0,4.84,24.0,794.0,21.78,59.76,215.73,105,0.0,0.0,0.0,14218
2022-08-28 00:44:03,0.0,4.84,24.0,794.0,21.79,59.8,220.85,108,0.0,0.0,0.0,14277
2022-08-28 00:45:10,0.0,4.84,24.0,794.02,21.79,59.85,220.37,107,0.0,0.0,0.0,14336
2022-08-28 00:46:18,0.0,4.84,24.0,794.0,21.79,59.87,219.31,106,0.0,0.0,0.0,14395
2022-08-28 00:47:25,0.0,4.84,24.0,794.0,21.79,59.94,214.75,105,0.0,0.0,0.0,14454
2022-08-28 00:48:33,0.0,4.84,24.0,794.0,21.79,59.97,216.49,106,0.0,0.0,0.0,14513
2022-08-28 00:49:40,0.0,4.84,24.0,794.0,21.8,60.03,215.95,106,0.0,0.0,0.0,14572
2022-08-28 00:50:48,0.0,4.84,24.0,794.0,21.8,60.14,219.37,107,0.0,0.0,0.0,14631
2022-08-28 00:51:55,0.0,4.84,24.0,794.0,21.8,60.08,219.8,108,0.0,0.0,0.0,14690
2022-08-28 00:53:02,0.0,4.84,24.0,794.0,21.8,60.07,219.69,108,0.0,0.0,0.0,14749
2022-08-28 00:54:10,0.0,4.84,24.0,794.0,21.8,60.08,216.2,106,0.0,0.0,0.0,14808
2022-08-28 00:55:17,0.0,4.84,24.0,794.0,21.8,60.0,213.37,105,0.0,0.0,0.0,14867
2022-08-28 00:56:25,0.0,4.84,24.0,794.0,21.8,60.02,222.58,109,0.0,0.0,0.0,14926
2022-08-28 00:57:32,0.0,4.84,24.0,794.0,21.8,60.04,218.25,107,0.0,0.0,0.0,14985
2022-08-28 00:58:39,0.0,4.84,24.0,794.0,21.8,60.04,217.51,107,0.0,0.0,0.0,15044
2022-08-28 00:59:47,0.0,4.84,24.0,794.0,21.8,59.97,222.12,108,0.0,0.0,0.0,15103
2022-08-28 01:00:54,0.0,4.83,24.0,794.0,21.81,60.01,220.51,108,0.0,0.0,0.0,15162
2022-08-28 01:02:02,0.0,4.83,24.0,794.0,21.81,60.02,211.1,104,0.0,0.0,0.0,15221
2022-08-28 01:03:09,0.0,4.83,24.0,794.0,21.81,60.04,226.8,111,0.0,0.0,0.0,15280
2022-08-28 01:04:17,0.0,4.82,24.0,794.0,21.81,60.08,209.9,104,0.0,0.0,0.0,15339
2022-08-28 01:05:24,0.0,4.82,24.0,794.0,21.81,60.03,222.39,109,0.0,0.0,0.0,15398
2022-08-28 01:06:31,0.0,4.82,24.0,794.0,21.81,59.97,214.69,106,0.0,0.0,0.0,15457
2022-08-28 01:07:39,0.0,4.82,24.0,794.0,21.81,60.02,217.59,107,0.0,0.0,0.0,15516
2022-08-28 01:08:46,0.0,4.82,24.0,794.0,21.81,60.04,218.46,107,0.0,0.0,0.0,15575
2022-08-28 01:09:54,0.0,4.82,24.0,794.0,21.81,60.06,216.05,106,0.0,0.0,0.0,15634
2022-08-28 01:11:01,0.0,4.82,24.0,794.0,21.81,60.09,215.42,106,0.0,0.0,0.0,15693
2022-08-28 01:12:08,0.0,4.82,24.0,794.0,21.81,60.11,213.54,106,0.0,0.0,0.0,15752
2022-08-28 01:13:16,0.0,4.82,24.0,794.0,21.81,60.14,217.17,106,0.0,0.0,0.0,15811
2022-08-28 01:14:23,0.0,4.82,24.0,794.0,21.81,60.17,220.97,108,0.0,0.0,0.0,15870
2022-08-28 01:15:31,0.0,4.82,24.0,794.0,21.81,60.18,218.59,107,0.0,0.0,0.0,15929
2022-08-28 01:16:38,0.0,4.83,24.0,794.0,21.81,60.21,219.39,107,0.0,0.0,0.0,15988
2022-08-28 01:17:46,0.0,4.84,24.0,794.0,21.81,60.24,215.42,106,0.0,0.0,0.0,16047
2022-08-28 01:18:53,0.0,4.84,24.0,794.0,21.82,60.31,218.68,107,0.0,0.0,0.0,16106
2022-08-28 01:20:00,0.0,4.84,24.0,794.0,21.82,60.28,217.27,107,0.0,0.0,0.0,16165
2022-08-28 01:21:08,0.0,4.84,24.0,794.0,21.82,60.2,211.34,105,0.0,0.0,0.0,16224
2022-08-28 01:22:15,0.0,4.84,24.0,794.0,21.82,60.31,218.97,107,0.0,0.0,0.0,16283
2022-08-28 01:23:23,0.0,4.84,24.0,794.0,21.82,60.3,219.71,107,0.0,0.0,0.0,16342
2022-08-28 01:24:30,0.0,4.84,24.0,794.0,21.82,60.28,214.58,105,0.0,0.0,0.0,16401
2022-08-28 01:25:37,0.0,4.84,24.0,794.0,21.82,60.28,217.93,107,0.0,0.0,0.0,16460
2022-08-28 01:26:45,0.0,4.84,24.0,794.0,21.82,60.28,214.95,105,0.0,0.0,0.0,16519
2022-08-28 01:29:00,0.0,4.84,24.0,794.0,21.81,60.28,212.66,105,0.0,0.0,0.0,16637
2022-08-28 01:30:07,0.0,4.84,24.0,794.0,21.81,60.22,215.1,105,0.0,0.0,0.0,16696
2022-08-28 01:31:14,0.0,4.84,24.0,794.0,21.8,60.26,212.27,105,0.0,0.0,0.0,16755
2022-08-28 01:32:22,0.0,4.84,24.0,794.0,21.8,60.29,216.41,107,0.0,0.0,0.0,16814
2022-08-28 01:33:29,0.0,4.84,24.0,794.0,21.79,60.3,217.25,107,0.0,0.0,0.0,16873
2022-08-28 01:34:37,0.0,4.84,24.0,794.0,21.79,60.3,212.64,104,0.0,0.0,0.0,16932
2022-08-28 01:35:44,0.0,4.84,24.0,794.0,21.78,60.3,213.02,105,0.0,0.0,0.0,16991
2022-08-28 01:36:52,0.0,4.83,24.0,794.0,21.78,60.28,212.47,105,0.0,0.0,0.0,17050
2022-08-28 01:37:59,0.0,4.82,24.0,794.0,21.77,60.28,214.58,105,0.0,0.0,0.0,17109
2022-08-28 01:39:06,0.0,4.82,24.0,794.0,21.76,60.28,216.2,106,0.0,0.0,0.0,17168
2022-08-28 01:40:14,0.0,4.82,24.0,794.0,21.76,60.27,212.31,105,0.0,0.0,0.0,17227
2022-08-28 01:41:21,0.0,4.82,24.0,794.0,21.75,60.26,213.49,105,0.0,0.0,0.0,17286
2022-08-28 01:42:29,0.0,4.82,24.0,794.0,21.75,60.24,211.69,104,0.0,0.0,0.0,17345
2022-08-28 01:43:36,0.0,4.83,24.0,794.0,21.74,60.21,213.25,105,0.0,0.0,0.0,17404
2022-08-28 01:44:43,0.0,4.83,24.0,794.02,21.73,60.21,216.36,107,0.0,0.0,0.0,17463
2022-08-28 01:45:51,0.0,4.84,24.0,794.0,21.73,60.2,211.64,105,0.0,0.0,0.0,17522
2022-08-28 01:46:58,0.0,4.84,23.93,794.0,21.72,60.18,211.37,104,0.0,0.0,0.0,17581
2022-08-28 01:48:06,0.0,4.83,23.86,794.02,21.72,60.16,211.39,105,0.0,0.0,0.0,17640
2022-08-28 01:49:13,0.0,4.83,23.8,794.0,21.71,60.18,216.56,106,0.0,0.0,0.0,17699
2022-08-28 01:50:21,0.0,4.83,23.59,794.0,21.71,60.16,209.02,104,0.0,0.0,0.0,17758
2022-08-28 01:51:28,0.0,4.82,23.53,794.0,21.7,60.14,215.29,106,0.0,0.0,0.0,17817
2022-08-28 01:53:43,0.0,4.82,23.31,794.0,21.69,60.12,213.73,105,0.0,0.0,0.0,17935
2022-08-28 01:54:50,0.0,4.82,23.07,794.0,21.69,60.06,214.02,106,0.0,0.0,0.0,17994
2022-08-28 01:55:58,0.0,4.82,23.0,794.0,21.68,60.08,210.66,104,0.0,0.0,0.0,18053
2022-08-28 01:57:05,0.0,4.82,23.0,794.0,21.68,60.03,213.27,105,0.0,0.0,0.0,18112
2022-08-28 01:58:12,0.0,4.82,23.0,794.0,21.67,60.03,207.76,103,0.0,0.0,0.0,18171
2022-08-28 02:00:27,0.0,4.84,23.0,794.0,21.67,60.04,213.71,106,0.0,0.0,0.0,18289
2022-08-28 02:01:35,0.0,4.84,23.0,794.0,21.66,60.05,210.54,104,0.0,0.0,0.0,18348
2022-08-28 02:02:42,0.0,4.84,23.0,794.0,21.66,60.02,209.39,104,0.0,0.0,0.0,18407
2022-08-28 02:03:50,0.0,4.84,23.0,794.0,21.66,60.01,212.93,105,0.0,0.0,0.0,18466
2022-08-28 02:04:57,0.0,4.84,23.0,794.0,21.65,60.03,208.76,103,0.0,0.0,0.0,18525
2022-08-28 02:06:04,0.0,4.84,23.0,794.0,21.64,60.04,211.22,105,0.0,0.0,0.0,18584
2022-08-28 02:07:12,0.0,4.84,23.0,794.0,21.64,60.04,210.39,104,0.0,0.0,0.0,18643
2022-08-28 02:08:19,0.0,4.84,23.0,794.0,21.64,60.05,214.03,106,0.0,0.0,0.0,18702
2022-08-28 02:09:27,0.0,4.84,23.0,794.0,21.63,60.05,214.58,106,0.0,0.0,0.0,18761
2022-08-28 02:10:34,0.0,4.84,23.0,794.0,21.63,60.05,215.78,107,0.0,0.0,0.0,18820
2022-08-28 02:11:41,0.0,4.83,23.0,794.0,21.62,60.12,213.29,106,0.0,0.0,0.0,18879
2022-08-28 02:12:49,0.0,4.83,23.0,794.0,21.62,60.13,213.8,106,0.0,0.0,0.0,18938
2022-08-28 02:13:56,0.0,4.83,23.0,794.0,21.62,60.16,211.05,105,0.0,0.0,0.0,18997
2022-08-28 02:15:04,0.0,4.83,23.0,794.0,21.61,60.19,210.19,105,0.0,0.0,0.0,19056
2022-08-28 02:17:19,0.0,4.83,23.0,794.0,21.61,60.26,216.29,106,0.0,0.0,0.0,19174
2022-08-28 02:18:26,0.0,4.82,23.0,794.0,21.6,60.26,214.73,106,0.0,0.0,0.0,19233
2022-08-28 02:19:33,0.0,4.82,23.0,794.0,21.6,60.25,214.08,106,0.0,0.0,0.0,19292
2022-08-28 02:20:41,0.0,4.82,23.0,794.0,21.59,60.28,207.39,104,0.0,0.0,0.0,19351
2022-08-28 02:21:48,0.0,4.82,23.0,794.0,21.59,60.34,216.78,107,0.0,0.0,0.0,19410
2022-08-28 02:22:56,0.0,4.82,23.0,794.0,21.59,60.4,209.53,104,0.0,0.0,0.0,19469
2022-08-28 02:24:03,0.0,4.82,23.0,794.0,21.59,60.42,212.36,106,0.0,0.0,0.0,19528
2022-08-28 02:25:11,0.0,4.82,23.0,794.0,21.58,60.45,208.15,103,0.0,0.0,0.0,19587
2022-08-28 02:26:18,0.0,4.82,23.0,794.0,21.58,60.5,208.73,104,0.0,0.0,0.0,19646
2022-08-28 02:27:25,0.0,4.83,23.0,794.0,21.57,60.55,212.86,105,0.0,0.0,0.0,19705
2022-08-28 02:28:33,0.0,4.84,23.0,794.0,21.57,60.59,208.37,104,0.0,0.0,0.0,19764
2022-08-28 02:29:40,0.0,4.84,23.0,794.0,21.57,60.61,211.39,105,0.0,0.0,0.0,19823
2022-08-28 02:30:48,0.0,4.84,23.0,794.0,21.56,60.65,209.73,105,0.0,0.0,0.0,19882
2022-08-28 02:31:55,0.0,4.84,23.0,794.0,21.56,60.69,211.17,105,0.0,0.0,0.0,19941
2022-08-28 02:33:02,0.0,4.84,23.0,794.0,21.55,60.69,214.0,106,0.0,0.0,0.0,20000
2022-08-28 02:34:10,0.0,4.84,23.0,794.0,21.55,60.74,212.17,106,0.0,0.0,0.0,20059
2022-08-28 02:35:17,0.0,4.84,23.0,794.0,21.55,60.79,208.78,104,0.0,0.0,0.0,20118
2022-08-28 02:36:25,0.0,4.84,23.0,794.0,21.55,60.81,209.98,105,0.0,0.0,0.0,20177
2022-08-28 02:37:32,0.0,4.84,23.0,794.0,21.55,60.82,207.66,104,0.0,0.0,0.0,20236
2022-08-28 02:38:40,0.0,4.84,23.0,794.0,21.54,60.85,211.76,105,0.0,0.0,0.0,20295
2022-08-28 02:39:47,0.0,4.84,23.0,794.0,21.54,60.89,214.73,107,0.0,0.0,0.0,20354
2022-08-28 02:40:54,0.0,4.84,23.0,794.0,21.54,60.92,216.76,108,0.0,0.0,0.0,20413
2022-08-28 02:42:02,0.0,4.84,23.0,794.0,21.53,60.91,210.14,105,0.0,0.0,0.0,20472
2022-08-28 02:43:09,0.0,4.82,23.0,794.0,21.53,60.94,212.56,106,0.0,0.0,0.0,20531
2022-08-28 02:44:17,0.0,4.82,23.0,794.0,21.53,60.98,213.75,107,0.0,0.0,0.0,20590
2022-08-28 02:45:24,0.0,4.83,23.0,794.0,21.52,61.0,211.54,106,0.0,0.0,0.0,20649
2022-08-28 02:46:31,0.0,4.83,23.0,794.0,21.52,61.01,209.41,105,0.0,0.0,0.0,20708
2022-08-28 02:47:39,0.0,4.83,23.0,794.0,21.52,61.03,214.66,107,0.0,0.0,0.0,20767
2022-08-28 02:48:46,0.0,4.83,23.0,794.0,21.52,61.05,217.12,108,0.0,0.0,0.0,20826
2022-08-28 02:49:54,0.0,4.84,23.0,794.0,21.51,61.05,209.71,105,0.0,0.0,0.0,20885
2022-08-28 02:51:01,0.0,4.84,23.0,794.0,21.51,61.06,211.03,106,0.0,0.0,0.0,20944
2022-08-28 02:52:09,0.0,4.84,23.0,794.0,21.51,61.07,211.66,106,0.0,0.0,0.0,21003
2022-08-28 02:53:16,0.0,4.84,23.0,794.0,21.5,61.12,212.1,106,0.0,0.0,0.0,21062
2022-08-28 02:54:23,0.0,4.84,23.0,794.0,21.5,61.14,208.68,105,0.0,0.0,0.0,21121
2022-08-28 02:55:31,0.0,4.84,23.0,794.0,21.5,61.15,214.27,107,0.0,0.0,0.0,21180
2022-08-28 02:56:38,0.0,4.8,23.0,794.0,21.5,61.16,208.15,104,0.0,0.0,0.0,21239
2022-08-28 02:57:46,0.0,4.82,23.0,794.0,21.49,61.18,209.9,105,0.0,0.0,0.0,21298
2022-08-28 02:58:53,0.0,4.82,23.0,794.0,21.49,61.18,211.64,106,0.0,0.0,0.0,21357
2022-08-28 03:00:00,0.0,4.82,23.0,794.0,21.49,61.17,211.03,105,0.0,0.0,0.0,21416
2022-08-28 03:01:08,0.0,4.8,23.0,794.0,21.49,61.19,210.63,105,0.0,0.0,0.0,21475
2022-08-28 03:02:15,0.0,4.84,23.0,794.0,21.48,61.2,214.92,107,0.0,0.0,0.0,21534
2022-08-28 03:03:23,0.0,4.83,23.0,794.0,21.48,61.22,208.34,104,0.0,0.0,0.0,21593
2022-08-28 03:04:30,0.0,4.81,23.0,794.0,21.48,61.21,208.22,105,0.0,0.0,0.0,21652
2022-08-28 03:05:38,0.0,4.83,23.0,794.0,21.48,61.22,211.86,106,0.0,0.0,0.0,21711
2022-08-28 03:06:45,0.0,4.84,23.0,794.0,21.47,61.22,211.54,105,0.0,0.0,0.0,21770
2022-08-28 03:07:52,0.0,4.82,23.0,794.0,21.47,61.23,211.95,106,0.0,0.0,0.0,21829
2022-08-28 03:09:00,0.0,4.83,23.0,794.0,21.47,61.23,215.8,107,0.0,0.0,0.0,21888
