2022/10/12 0:0:17,0.00,0.00,21.00,926.44,18.42,74.70,101.50,124,0.00,0.00,0.00,964123
2022/10/12 0:1:17,0.00,0.00,21.08,926.55,18.42,74.72,64.81,110,0.00,0.00,0.00,1024438
2022/10/12 0:2:18,0.00,0.00,21.00,926.46,18.43,74.74,109.43,126,0.00,0.00,0.00,1084774
2022/10/12 0:3:18,0.00,0.00,21.00,926.42,18.43,74.66,100.30,123,0.00,0.00,0.00,1145090
2022/10/12 0:4:19,0.00,0.00,21.43,926.66,18.44,74.69,98.40,122,0.00,0.00,0.00,1205426
2022/10/12 0:5:19,0.00,0.00,22.00,926.73,18.44,74.56,88.71,117,0.00,0.00,0.00,1265737
2022/10/12 0:6:20,0.00,0.00,22.00,926.46,18.44,74.12,100.52,121,0.00,0.00,0.00,1326076
2022/10/12 0:7:20,0.00,0.00,22.00,926.21,18.45,74.58,73.72,114,0.00,0.00,0.00,1386389
2022/10/12 0:8:21,0.00,0.00,22.00,926.37,18.46,74.67,87.33,119,0.00,0.00,0.00,1446725
2022/10/12 0:9:21,0.00,0.00,22.00,926.42,18.47,74.55,80.51,116,0.00,0.00,0.00,1507042
2022/10/12 0:10:22,0.00,0.00,22.00,926.37,18.47,74.61,81.15,116,0.00,0.00,0.00,1567377
2022/10/12 0:11:22,0.00,0.00,22.00,926.37,18.47,74.44,82.74,116,0.00,0.00,0.00,1627693
2022/10/12 0:12:23,0.00,0.00,22.00,926.48,18.48,74.57,82.30,117,0.00,0.00,0.00,1688030
2022/10/12 0:13:23,0.00,0.00,22.00,926.53,18.48,74.59,77.50,115,0.00,0.00,0.00,1748341
2022/10/12 0:14:23,0.00,0.00,22.00,926.42,18.49,74.58,85.41,117,0.00,0.00,0.00,1808680
2022/10/12 0:15:24,0.00,0.00,22.00,926.33,18.49,74.53,80.73,116,0.00,0.00,0.00,1868993
2022/10/12 0:16:24,0.00,0.00,22.00,926.37,18.51,74.53,77.76,113,0.00,0.00,0.00,1929330
2022/10/12 0:17:25,0.00,0.00,22.00,926.10,18.52,74.48,74.42,115,0.00,0.00,0.00,1989646
2022/10/12 0:18:25,0.00,0.00,21.42,926.30,18.53,74.41,78.09,115,0.00,0.00,0.00,2049979
2022/10/12 0:19:26,0.00,0.00,21.00,926.46,18.53,74.41,65.36,110,0.00,0.00,0.00,2110296
2022/10/12 0:20:26,0.00,0.00,21.00,926.28,18.53,74.39,68.28,112,0.00,0.00,0.00,2170633
2022/10/12 0:21:27,0.00,0.00,21.00,926.28,18.54,74.39,76.67,115,0.00,0.00,0.00,2230946
2022/10/12 0:22:27,0.00,0.00,21.00,926.30,18.54,74.39,73.41,113,0.00,0.00,0.00,2291283
2022/10/12 0:23:28,0.00,0.00,21.00,926.10,18.54,74.34,83.83,115,0.00,0.00,0.00,2351596
2022/10/12 0:24:28,0.00,0.00,21.00,926.42,18.54,74.33,76.76,114,0.00,0.00,0.00,2411933
2022/10/12 0:25:29,0.00,0.00,21.00,926.46,18.54,74.34,83.73,116,0.00,0.00,0.00,2472249
2022/10/12 0:26:29,0.00,0.00,21.00,926.51,18.55,74.38,69.24,111,0.00,0.00,0.00,2532584
2022/10/12 0:27:29,0.00,0.00,21.00,926.42,18.55,74.34,80.71,116,0.00,0.00,0.00,2592899
2022/10/12 0:28:30,0.00,0.00,21.00,926.06,18.55,74.25,70.40,111,0.00,0.00,0.00,2653236
2022/10/12 0:29:30,0.00,0.00,21.00,926.28,18.55,74.36,89.51,121,0.00,0.00,0.00,2713549
2022/10/12 0:30:31,0.00,0.00,21.00,926.19,18.54,74.35,58.98,107,0.00,0.00,0.00,2773885
2022/10/12 0:31:31,0.00,0.00,21.00,926.17,18.54,74.33,89.12,119,0.00,0.00,0.00,2834201
2022/10/12 0:32:32,0.00,0.00,21.00,926.17,18.53,74.29,81.15,116,0.00,0.00,0.00,2894536
2022/10/12 0:33:32,0.00,0.00,21.00,926.17,18.53,74.25,61.79,108,0.00,0.00,0.00,2954852
2022/10/12 0:34:33,0.00,0.00,21.00,926.17,18.53,74.23,66.34,109,0.00,0.00,0.00,3015191
2022/10/12 0:35:33,0.00,0.00,21.00,926.21,18.52,74.17,79.86,114,0.00,0.00,0.00,3075504
2022/10/12 0:36:34,0.00,0.00,21.00,926.46,18.51,74.14,72.61,112,0.00,0.00,0.00,3135841
2022/10/12 0:37:34,0.00,0.00,21.00,926.28,18.51,74.13,85.82,115,0.00,0.00,0.00,3196155
2022/10/12 0:38:35,0.00,0.00,21.00,925.58,18.51,74.09,62.73,107,0.00,0.00,0.00,3256489
2022/10/12 0:39:35,0.00,0.00,21.00,925.90,18.51,74.08,70.51,111,0.00,0.00,0.00,3316806
2022/10/12 0:40:36,0.00,0.00,21.00,925.88,18.50,74.04,84.14,116,0.00,0.00,0.00,3377141
2022/10/12 0:41:36,0.00,0.00,21.00,926.08,18.50,74.03,63.26,107,0.00,0.00,0.00,3437456
2022/10/12 0:42:36,0.00,0.00,21.00,926.12,18.50,74.01,75.79,112,0.00,0.00,0.00,3497794
2022/10/12 0:43:37,0.00,0.00,21.00,925.97,18.50,74.00,71.80,111,0.00,0.00,0.00,3558107
2022/10/12 0:45:19,0.00,0.00,21.00,926.02,18.49,73.97,72.17,113,0.00,0.00,0.00,60016
2022/10/12 0:46:19,0.00,0.00,21.00,926.08,18.49,73.94,74.29,112,0.00,0.00,0.00,120229
2022/10/12 0:47:20,0.00,0.00,21.00,926.19,18.49,73.94,66.01,109,0.00,0.00,0.00,180442
2022/10/12 0:48:20,0.00,0.00,21.00,926.28,18.49,73.90,19.09,88,0.00,0.00,0.00,240699
2022/10/12 0:49:20,0.00,0.00,21.00,926.26,18.48,73.92,73.52,112,0.00,0.00,0.00,300910
2022/10/12 0:50:21,0.00,0.00,21.00,926.26,18.48,73.90,79.01,114,0.00,0.00,0.00,361122
2022/10/12 0:51:21,0.00,0.00,21.00,926.28,18.47,73.87,75.43,112,0.00,0.00,0.00,421336
2022/10/12 0:52:22,0.00,0.00,21.00,926.19,18.47,73.86,73.52,111,0.00,0.00,0.00,481549
2022/10/12 0:53:22,0.00,0.00,20.58,926.42,18.46,73.87,66.43,108,0.00,0.00,0.00,541832
2022/10/12 0:54:22,0.00,0.00,20.47,926.24,18.46,73.85,97.53,123,0.00,0.00,0.00,602166
2022/10/12 0:55:23,0.00,0.00,20.40,926.17,18.46,73.84,76.45,112,0.00,0.00,0.00,662481
2022/10/12 0:56:23,0.00,0.00,20.42,925.92,18.45,73.83,84.51,117,0.00,0.00,0.00,722817
2022/10/12 0:57:24,0.00,0.00,20.26,926.03,18.45,73.81,87.99,118,0.00,0.00,0.00,783132
2022/10/12 0:58:24,0.00,0.00,20.11,926.06,18.45,73.80,83.37,116,0.00,0.00,0.00,843469
2022/10/12 0:59:25,0.00,0.00,20.04,926.15,18.45,73.79,100.09,123,0.00,0.00,0.00,903784
2022/10/12 1:0:25,0.00,0.00,20.00,925.92,18.44,73.78,70.73,110,0.00,0.00,0.00,964118
2022/10/12 1:1:26,0.00,0.00,20.00,926.03,18.44,73.74,68.96,109,0.00,0.00,0.00,1024434
2022/10/12 1:2:26,0.00,0.00,20.00,926.19,18.44,73.70,68.80,110,0.00,0.00,0.00,1084768
2022/10/12 1:3:27,0.00,0.00,20.00,926.19,18.44,73.68,67.89,109,0.00,0.00,0.00,1145085
2022/10/12 1:4:27,0.00,0.00,20.04,926.33,18.43,73.67,84.01,116,0.00,0.00,0.00,1205419
2022/10/12 1:5:27,0.00,0.00,20.00,926.19,18.43,73.68,71.27,110,0.00,0.00,0.00,1265734
2022/10/12 1:6:28,0.00,0.00,20.04,926.19,18.42,73.73,75.03,113,0.00,0.00,0.00,1326071
2022/10/12 1:7:28,0.00,0.00,20.04,925.94,18.42,73.69,72.00,111,0.00,0.00,0.00,1386384
2022/10/12 1:8:29,0.00,0.00,20.04,926.10,18.42,73.67,84.29,116,0.00,0.00,0.00,1446722
2022/10/12 1:9:29,0.00,0.00,20.00,926.46,18.42,73.64,77.26,113,0.00,0.00,0.00,1507037
2022/10/12 1:10:30,0.00,0.00,20.00,926.26,18.41,73.60,82.57,116,0.00,0.00,0.00,1567373
2022/10/12 1:11:30,0.00,0.00,20.00,926.24,18.41,73.58,78.02,113,0.00,0.00,0.00,1627689
2022/10/12 1:12:31,0.00,0.00,20.00,926.03,18.41,73.65,76.82,113,0.00,0.00,0.00,1688023
2022/10/12 1:13:31,0.00,0.00,20.00,926.37,18.40,73.63,80.60,114,0.00,0.00,0.00,1748338
2022/10/12 1:14:32,0.00,0.00,20.00,926.15,18.40,73.61,82.76,114,0.00,0.00,0.00,1808675
2022/10/12 1:15:32,0.00,0.00,20.00,926.24,18.39,73.60,74.70,112,0.00,0.00,0.00,1868989
2022/10/12 1:16:33,0.00,0.00,20.00,926.39,18.39,73.55,57.30,104,0.00,0.00,0.00,1929326
2022/10/12 1:17:33,0.00,0.00,20.00,925.83,18.39,73.61,60.74,106,0.00,0.00,0.00,1989641
2022/10/12 1:18:34,0.00,0.00,20.00,926.01,18.38,73.59,86.45,117,0.00,0.00,0.00,2049976
2022/10/12 1:19:34,0.00,0.00,20.00,926.30,18.37,73.58,56.62,104,0.00,0.00,0.00,2110292
2022/10/12 1:20:34,0.00,0.00,20.00,926.08,18.37,73.55,94.21,120,0.00,0.00,0.00,2170628
2022/10/12 1:21:35,0.00,0.00,20.00,926.24,18.37,73.53,85.58,117,0.00,0.00,0.00,2230941
2022/10/12 1:22:35,0.00,0.00,20.00,926.28,18.36,73.54,104.50,121,0.00,0.00,0.00,2291279
2022/10/12 1:23:36,0.00,0.00,20.00,926.08,18.36,73.53,102.14,124,0.00,0.00,0.00,2351593
2022/10/12 1:24:36,0.00,0.00,20.00,926.48,18.35,73.54,49.50,101,0.00,0.00,0.00,2411929
2022/10/12 1:25:37,0.00,0.00,20.00,926.33,18.35,73.56,90.72,118,0.00,0.00,0.00,2472246
2022/10/12 1:26:37,0.00,0.00,20.00,926.46,18.34,73.54,72.93,110,0.00,0.00,0.00,2532579
2022/10/12 1:27:38,0.00,0.00,20.00,926.46,18.34,73.53,46.09,101,0.00,0.00,0.00,2592896
2022/10/12 1:28:38,0.00,0.00,20.00,925.85,18.33,73.58,79.38,113,0.00,0.00,0.00,2653231
2022/10/12 1:29:39,0.00,0.00,20.00,925.92,18.33,73.56,93.53,122,0.00,0.00,0.00,2713544
2022/10/12 1:30:39,0.00,0.00,20.00,926.21,18.32,73.52,39.19,97,0.00,0.00,0.00,2773881
2022/10/12 1:31:40,0.00,0.00,20.00,926.21,18.32,73.52,90.69,118,0.00,0.00,0.00,2834195
2022/10/12 1:32:40,0.00,0.00,20.00,926.26,18.32,73.53,83.70,116,0.00,0.00,0.00,2894532
2022/10/12 1:33:40,0.00,0.00,20.00,926.21,18.31,73.52,77.08,113,0.00,0.00,0.00,2954849
2022/10/12 1:34:41,0.00,0.00,20.00,926.39,18.31,73.53,70.93,112,0.00,0.00,0.00,3015182
2022/10/12 1:35:41,0.00,0.00,20.00,926.30,18.30,73.51,100.26,121,0.00,0.00,0.00,3075501
2022/10/12 1:36:42,0.00,0.00,20.00,926.33,18.30,73.50,87.17,116,0.00,0.00,0.00,3135834
2022/10/12 1:37:42,0.00,0.00,20.00,926.26,18.29,73.50,65.07,106,0.00,0.00,0.00,3196148
2022/10/12 1:38:43,0.00,0.00,20.00,925.56,18.29,73.50,75.49,113,0.00,0.00,0.00,3256485
2022/10/12 1:39:43,0.00,0.00,20.00,925.83,18.29,73.50,75.43,112,0.00,0.00,0.00,3316798
2022/10/12 1:40:44,0.00,0.00,20.00,925.88,18.29,73.49,74.72,112,0.00,0.00,0.00,3377136
2022/10/12 1:41:44,0.00,0.00,20.00,925.90,18.29,73.49,67.39,109,0.00,0.00,0.00,3437452
2022/10/12 1:42:45,0.00,0.00,20.00,925.94,18.29,73.47,80.78,114,0.00,0.00,0.00,3497786
2022/10/12 1:43:45,0.00,0.00,20.00,925.99,18.28,73.47,66.31,107,0.00,0.00,0.00,3558103
2022/10/12 1:45:27,0.00,0.00,20.00,925.68,18.27,73.46,81.49,116,0.00,0.00,0.00,60016
2022/10/12 1:46:28,0.00,0.00,20.00,925.76,18.27,73.47,70.22,109,0.00,0.00,0.00,120229
2022/10/12 1:47:28,0.00,0.00,20.00,925.92,18.27,73.47,88.79,117,0.00,0.00,0.00,180442
2022/10/12 1:48:28,0.00,0.00,20.00,925.81,18.26,73.47,70.49,110,0.00,0.00,0.00,240701
2022/10/12 1:49:29,0.00,0.00,20.00,926.06,18.26,73.47,85.74,116,0.00,0.00,0.00,300914
2022/10/12 1:50:29,0.00,0.00,20.00,925.99,18.25,73.46,60.83,105,0.00,0.00,0.00,361127
2022/10/12 1:51:29,0.00,0.00,20.00,925.90,18.25,73.48,93.47,119,0.00,0.00,0.00,421341
2022/10/12 1:52:30,0.00,0.00,20.00,926.30,18.24,73.47,36.48,94,0.00,0.00,0.00,481551
2022/10/12 1:53:30,0.00,0.00,20.00,925.99,18.24,73.48,99.12,121,0.00,0.00,0.00,541833
2022/10/12 1:54:31,0.00,0.00,20.00,925.85,18.24,73.47,89.03,117,0.00,0.00,0.00,602168
2022/10/12 1:55:31,0.00,0.00,20.00,925.99,18.25,73.45,53.14,101,0.00,0.00,0.00,662484
2022/10/12 1:56:32,0.00,0.00,20.00,925.40,18.24,73.45,66.05,108,0.00,0.00,0.00,722820
2022/10/12 1:57:32,0.00,0.00,20.00,925.45,18.24,73.43,81.45,114,0.00,0.00,0.00,783133
2022/10/12 1:58:32,0.00,0.00,20.00,925.58,18.24,73.39,52.75,103,0.00,0.00,0.00,843470
2022/10/12 1:59:33,0.00,0.00,20.00,925.76,18.23,73.41,79.31,113,0.00,0.00,0.00,903784
2022/10/12 2:0:33,0.00,0.00,20.00,925.74,18.23,73.38,84.77,115,0.00,0.00,0.00,964120
2022/10/12 2:1:34,0.00,0.00,20.00,925.70,18.23,73.39,64.81,107,0.00,0.00,0.00,1024437
2022/10/12 2:2:34,0.00,0.00,20.00,925.94,18.23,73.38,76.76,112,0.00,0.00,0.00,1084770
2022/10/12 2:3:35,0.00,0.00,20.00,925.92,18.23,73.38,81.10,114,0.00,0.00,0.00,1145086
2022/10/12 2:4:35,0.00,0.00,20.00,925.88,18.22,73.37,72.74,110,0.00,0.00,0.00,1205422
2022/10/12 2:5:36,0.00,0.00,20.00,925.85,18.22,73.39,75.82,111,0.00,0.00,0.00,1265737
2022/10/12 2:6:36,0.00,0.00,20.00,925.74,18.22,73.37,75.75,111,0.00,0.00,0.00,1326074
2022/10/12 2:7:37,0.00,0.00,20.00,925.52,18.22,73.38,75.38,113,0.00,0.00,0.00,1386389
2022/10/12 2:8:37,0.00,0.00,20.00,925.56,18.21,73.33,87.48,117,0.00,0.00,0.00,1446724
2022/10/12 2:9:38,0.00,0.00,20.00,925.63,18.21,73.39,68.61,109,0.00,0.00,0.00,1507042
2022/10/12 2:10:38,0.00,0.00,20.00,925.67,18.21,73.40,75.73,112,0.00,0.00,0.00,1567376
2022/10/12 2:11:38,0.00,0.00,20.00,925.74,18.20,73.37,81.58,114,0.00,0.00,0.00,1627693
2022/10/12 2:12:39,0.00,0.00,20.00,925.83,18.20,73.38,69.77,109,0.00,0.00,0.00,1688029
2022/10/12 2:13:39,0.00,0.00,20.00,925.79,18.20,73.35,68.63,108,0.00,0.00,0.00,1748341
2022/10/12 2:14:40,0.00,0.00,20.00,925.90,18.19,73.33,78.53,113,0.00,0.00,0.00,1808679
2022/10/12 2:15:40,0.00,0.00,20.00,925.90,18.19,73.31,70.40,109,0.00,0.00,0.00,1868993
2022/10/12 2:16:41,0.00,0.00,20.00,925.74,18.19,73.32,92.96,118,0.00,0.00,0.00,1929329
2022/10/12 2:17:41,0.00,0.00,20.00,925.36,18.19,73.33,53.71,104,0.00,0.00,0.00,1989646
2022/10/12 2:18:42,0.00,0.00,20.00,925.47,18.19,73.35,104.87,123,0.00,0.00,0.00,2049980
2022/10/12 2:19:42,0.00,0.00,20.00,925.58,18.18,73.34,54.17,104,0.00,0.00,0.00,2110296
2022/10/12 2:20:43,0.00,0.00,20.00,925.70,18.18,73.29,90.10,118,0.00,0.00,0.00,2170632
2022/10/12 2:22:44,0.00,0.00,20.00,925.56,18.17,73.29,65.86,107,0.00,0.00,0.00,2291282
2022/10/12 2:23:44,0.00,0.00,20.00,925.45,18.17,73.29,90.15,117,0.00,0.00,0.00,2351596
2022/10/12 2:24:45,0.00,0.00,20.00,925.49,18.17,73.30,56.64,104,0.00,0.00,0.00,2411932
2022/10/12 2:25:45,0.00,0.00,20.00,925.70,18.16,73.29,65.86,109,0.00,0.00,0.00,2472249
2022/10/12 2:26:45,0.00,0.00,20.00,925.67,18.16,73.29,58.15,103,0.00,0.00,0.00,2532584
2022/10/12 2:27:46,0.00,0.00,20.00,925.52,18.16,73.28,68.96,107,0.00,0.00,0.00,2592899
2022/10/12 2:28:46,0.00,0.00,20.00,924.95,18.15,73.28,103.86,122,0.00,0.00,0.00,2653236
2022/10/12 2:29:47,0.00,0.00,20.00,925.29,18.15,73.29,63.17,106,0.00,0.00,0.00,2713549
2022/10/12 2:30:47,0.00,0.00,20.00,925.38,18.14,73.30,74.88,111,0.00,0.00,0.00,2773885
2022/10/12 2:31:48,0.00,0.00,20.00,925.40,18.14,73.29,70.57,109,0.00,0.00,0.00,2834201
2022/10/12 2:32:48,0.00,0.00,20.00,925.65,18.14,73.30,73.65,110,0.00,0.00,0.00,2894535
2022/10/12 2:33:49,0.00,0.00,20.00,925.58,18.13,73.30,75.12,111,0.00,0.00,0.00,2954852
2022/10/12 2:34:49,0.00,0.00,20.00,925.61,18.13,73.34,76.28,111,0.00,0.00,0.00,3015187
2022/10/12 2:35:50,0.00,0.00,20.00,925.47,18.13,73.37,80.29,113,0.00,0.00,0.00,3075502
2022/10/12 2:36:50,0.00,0.00,20.00,925.70,18.13,73.30,72.00,109,0.00,0.00,0.00,3135839
2022/10/12 2:37:51,0.00,0.00,20.00,925.61,18.13,73.26,81.95,113,0.00,0.00,0.00,3196153
2022/10/12 2:38:51,0.00,0.00,20.00,925.22,18.13,73.24,67.89,108,0.00,0.00,0.00,3256488
2022/10/12 2:39:51,0.00,0.00,20.00,925.36,18.13,73.25,82.09,114,0.00,0.00,0.00,3316804
2022/10/12 2:40:52,0.00,0.00,20.00,925.31,18.13,73.24,66.67,108,0.00,0.00,0.00,3377138
2022/10/12 2:42:53,0.00,0.00,20.00,925.38,18.12,73.21,84.73,114,0.00,0.00,0.00,3497790
2022/10/12 2:43:53,0.00,0.00,20.00,925.40,18.12,73.21,72.71,110,0.00,0.00,0.00,3558106
2022/10/12 2:45:35,0.00,0.00,20.00,925.38,18.11,73.24,84.95,117,0.00,0.00,0.00,60016
2022/10/12 2:46:36,0.00,0.00,20.00,925.47,18.11,73.24,91.65,118,0.00,0.00,0.00,120229
2022/10/12 2:47:36,0.00,0.00,20.00,925.47,18.11,73.18,80.40,113,0.00,0.00,0.00,180442
2022/10/12 2:48:36,0.00,0.00,20.00,925.38,18.10,73.17,65.59,107,0.00,0.00,0.00,240654
2022/10/12 2:49:37,0.00,0.00,20.00,925.54,18.10,73.15,89.69,117,0.00,0.00,0.00,300914
2022/10/12 2:50:37,0.00,0.00,20.00,925.54,18.10,73.21,66.23,107,0.00,0.00,0.00,361126
2022/10/12 2:51:38,0.00,0.00,20.00,925.45,18.10,73.26,88.09,116,0.00,0.00,0.00,421340
2022/10/12 2:52:38,0.00,0.00,20.00,925.38,18.10,73.25,70.16,108,0.00,0.00,0.00,481551
2022/10/12 2:53:38,0.00,0.00,20.00,925.54,18.09,73.25,71.62,109,0.00,0.00,0.00,541833
2022/10/12 2:54:39,0.00,0.00,20.00,925.47,18.09,73.22,67.23,106,0.00,0.00,0.00,602168
2022/10/12 2:55:39,0.00,0.00,20.00,925.31,18.09,73.23,91.41,118,0.00,0.00,0.00,662484
2022/10/12 2:56:40,0.00,0.00,20.00,924.95,18.09,73.24,76.76,114,0.00,0.00,0.00,722820
2022/10/12 2:57:40,0.00,0.00,20.00,925.11,18.09,73.23,94.86,120,0.00,0.00,0.00,783133
2022/10/12 2:58:41,0.00,0.00,20.00,925.25,18.09,73.23,70.51,109,0.00,0.00,0.00,843470
2022/10/12 2:59:41,0.00,0.00,20.00,925.22,18.08,73.23,88.84,117,0.00,0.00,0.00,903784
2022/10/12 3:0:42,0.00,0.00,20.00,925.20,18.08,73.22,97.14,120,0.00,0.00,0.00,964120
2022/10/12 3:1:42,0.00,0.00,20.00,925.36,18.08,73.22,79.71,112,0.00,0.00,0.00,1024437
2022/10/12 3:2:43,0.00,0.00,20.00,925.29,18.08,73.21,81.21,113,0.00,0.00,0.00,1084770
2022/10/12 3:3:43,0.00,0.00,20.00,925.29,18.07,73.23,69.90,108,0.00,0.00,0.00,1145086
2022/10/12 3:4:43,0.00,0.00,20.00,925.40,18.07,73.24,85.01,114,0.00,0.00,0.00,1205422
2022/10/12 3:5:44,0.00,0.00,20.00,925.20,18.07,73.22,68.56,107,0.00,0.00,0.00,1265735
2022/10/12 3:6:44,0.00,0.00,20.00,925.20,18.07,73.19,87.90,116,0.00,0.00,0.00,1326073
2022/10/12 3:7:45,0.00,0.00,20.00,924.89,18.07,73.20,71.34,109,0.00,0.00,0.00,1386389
2022/10/12 3:8:45,0.00,0.00,20.00,925.13,18.06,73.18,74.92,111,0.00,0.00,0.00,1446724
2022/10/12 3:9:46,0.00,0.00,20.00,925.18,18.06,73.16,71.80,110,0.00,0.00,0.00,1507042
2022/10/12 3:10:46,0.00,0.00,20.00,925.13,18.06,73.18,85.51,115,0.00,0.00,0.00,1567376
2022/10/12 3:11:47,0.00,0.00,20.00,925.20,18.06,73.18,78.22,112,0.00,0.00,0.00,1627693
2022/10/12 3:13:48,0.00,0.00,20.00,925.27,18.05,73.15,78.70,112,0.00,0.00,0.00,1748341
2022/10/12 3:14:48,0.00,0.00,20.00,925.18,18.05,73.12,83.53,114,0.00,0.00,0.00,1808679
2022/10/12 3:15:49,0.00,0.00,20.00,925.31,18.05,73.12,80.40,112,0.00,0.00,0.00,1868993
2022/10/12 3:16:49,0.00,0.00,20.00,925.38,18.04,73.15,74.11,110,0.00,0.00,0.00,1929330
2022/10/12 3:17:49,0.00,0.00,20.00,924.91,18.04,73.13,51.40,103,0.00,0.00,0.00,1989647
2022/10/12 3:18:50,0.00,0.00,20.00,925.13,18.04,73.12,74.42,112,0.00,0.00,0.00,2049982
2022/10/12 3:19:50,0.00,0.00,20.00,925.22,18.04,73.10,72.98,111,0.00,0.00,0.00,2110298
2022/10/12 3:20:51,0.00,0.00,20.00,925.34,18.03,73.11,68.46,109,0.00,0.00,0.00,2170634
2022/10/12 3:21:51,0.00,0.00,20.00,925.31,18.03,73.11,73.66,112,0.00,0.00,0.00,2230947
2022/10/12 3:22:52,0.00,0.00,20.00,925.36,18.03,73.10,72.76,111,0.00,0.00,0.00,2291283
2022/10/12 3:23:52,0.00,0.00,20.00,925.25,18.03,73.07,62.67,107,0.00,0.00,0.00,2351599
2022/10/12 3:24:53,0.00,0.00,20.00,925.45,18.03,73.07,81.10,114,0.00,0.00,0.00,2411935
2022/10/12 3:25:53,0.00,0.00,20.00,925.31,18.03,73.08,68.20,108,0.00,0.00,0.00,2472250
2022/10/12 3:26:54,0.00,0.00,20.00,925.63,18.03,73.09,52.93,102,0.00,0.00,0.00,2532588
2022/10/12 3:27:54,0.00,0.00,20.00,925.40,18.02,73.10,90.89,117,0.00,0.00,0.00,2592904
2022/10/12 3:28:55,0.00,0.00,20.00,925.20,18.02,73.08,76.52,111,0.00,0.00,0.00,2653240
2022/10/12 3:29:55,0.00,0.00,20.00,925.18,18.02,73.08,69.64,109,0.00,0.00,0.00,2713556
2022/10/12 3:30:55,0.00,0.00,20.00,925.29,18.02,73.05,64.90,107,0.00,0.00,0.00,2773892
2022/10/12 3:31:56,0.00,0.00,20.00,925.38,18.01,73.04,69.39,108,0.00,0.00,0.00,2834205
2022/10/12 3:32:56,0.00,0.00,20.00,925.25,18.01,73.03,73.83,110,0.00,0.00,0.00,2894542
2022/10/12 3:33:57,0.00,0.00,20.00,925.54,18.01,73.03,74.51,111,0.00,0.00,0.00,2954856
2022/10/12 3:34:57,0.00,0.00,20.00,925.34,18.01,73.02,69.15,109,0.00,0.00,0.00,3015193
2022/10/12 3:35:58,0.00,0.00,20.00,925.54,18.01,73.02,78.40,112,0.00,0.00,0.00,3075510
2022/10/12 3:36:58,0.00,0.00,20.00,925.38,18.01,73.03,68.67,108,0.00,0.00,0.00,3135843
2022/10/12 3:37:59,0.00,0.00,20.00,925.29,18.01,73.04,70.25,109,0.00,0.00,0.00,3196160
2022/10/12 3:38:59,0.00,0.00,20.00,925.16,18.01,73.02,72.69,110,0.00,0.00,0.00,3256495
2022/10/12 3:40:0,0.00,0.00,20.00,925.25,18.00,72.99,73.41,110,0.00,0.00,0.00,3316807
2022/10/12 3:41:0,0.00,0.00,20.00,925.29,18.00,73.00,80.21,114,0.00,0.00,0.00,3377145
2022/10/12 3:42:1,0.00,0.00,20.00,925.49,18.00,72.99,67.10,108,0.00,0.00,0.00,3437458
2022/10/12 3:43:1,0.00,0.00,20.00,925.36,18.01,72.99,78.02,113,0.00,0.00,0.00,3497795
2022/10/12 3:44:1,0.00,0.00,20.00,925.36,18.01,72.99,74.11,111,0.00,0.00,0.00,3558112
2022/10/12 3:45:44,0.00,0.00,20.00,925.27,18.00,72.99,78.61,112,0.00,0.00,0.00,60016
2022/10/12 3:46:44,0.00,0.00,20.00,925.36,18.00,72.98,71.16,109,0.00,0.00,0.00,120231
2022/10/12 3:47:44,0.00,0.00,20.00,925.34,18.00,72.95,70.27,109,0.00,0.00,0.00,180445
2022/10/12 3:48:45,0.00,0.00,20.00,925.58,18.00,72.96,81.96,114,0.00,0.00,0.00,240657
2022/10/12 3:49:45,0.00,0.00,20.00,925.36,18.00,72.97,66.93,107,0.00,0.00,0.00,300868
2022/10/12 3:50:45,0.00,0.00,20.00,925.54,18.00,72.98,86.85,116,0.00,0.00,0.00,361129
2022/10/12 3:51:46,0.00,0.00,20.00,925.52,17.99,72.98,71.34,109,0.00,0.00,0.00,421344
2022/10/12 3:52:46,0.00,0.00,20.00,925.61,17.99,72.98,76.06,111,0.00,0.00,0.00,481555
2022/10/12 3:53:47,0.00,0.00,20.00,925.99,17.99,72.97,81.98,113,0.00,0.00,0.00,541833
2022/10/12 3:54:47,0.00,0.00,20.00,925.67,17.99,72.97,65.66,106,0.00,0.00,0.00,602170
2022/10/12 3:55:47,0.00,0.00,20.00,925.45,17.99,72.97,73.22,110,0.00,0.00,0.00,662487
2022/10/12 3:56:48,0.00,0.00,20.00,925.34,17.99,72.96,64.57,106,0.00,0.00,0.00,722821
2022/10/12 3:57:48,0.00,0.00,20.00,925.40,17.99,72.96,81.71,114,0.00,0.00,0.00,783135
2022/10/12 3:58:49,0.00,0.00,20.00,925.56,17.99,72.95,64.55,106,0.00,0.00,0.00,843472
2022/10/12 3:59:49,0.00,0.00,20.00,925.49,17.98,72.93,71.91,109,0.00,0.00,0.00,903787
2022/10/12 4:0:50,0.00,0.00,20.00,925.54,17.98,72.93,84.58,115,0.00,0.00,0.00,964121
2022/10/12 4:1:50,0.00,0.00,20.00,925.52,17.99,72.94,74.64,111,0.00,0.00,0.00,1024438
2022/10/12 4:2:51,0.00,0.00,20.00,925.49,17.98,72.93,69.68,108,0.00,0.00,0.00,1084772
2022/10/12 4:3:51,0.00,0.00,20.00,925.56,17.98,72.91,75.84,111,0.00,0.00,0.00,1145089
2022/10/12 4:4:52,0.00,0.00,20.00,925.61,17.98,72.90,70.16,108,0.00,0.00,0.00,1205425
2022/10/12 4:5:52,0.00,0.00,20.00,925.74,17.97,72.91,69.44,109,0.00,0.00,0.00,1265738
2022/10/12 4:6:53,0.00,0.00,20.00,925.47,17.97,72.88,98.14,119,0.00,0.00,0.00,1326074
2022/10/12 4:7:53,0.00,0.00,20.00,925.31,17.97,72.88,74.22,110,0.00,0.00,0.00,1386389
2022/10/12 4:8:53,0.00,0.00,20.00,925.47,17.97,72.86,73.98,110,0.00,0.00,0.00,1446724
2022/10/12 4:9:54,0.00,0.00,20.00,925.34,17.97,72.88,52.01,101,0.00,0.00,0.00,1507042
2022/10/12 4:10:54,0.00,0.00,20.00,925.54,17.97,72.87,55.90,102,0.00,0.00,0.00,1567379
2022/10/12 4:11:55,0.00,0.00,20.00,925.54,17.97,72.89,102.90,122,0.00,0.00,0.00,1627695
2022/10/12 4:12:55,0.00,0.00,20.00,925.54,17.97,72.89,61.97,105,0.00,0.00,0.00,1688031
2022/10/12 4:13:56,0.00,0.00,20.00,925.45,17.96,72.91,74.57,110,0.00,0.00,0.00,1748344
2022/10/12 4:14:56,0.00,0.00,20.00,925.79,17.96,72.91,79.23,113,0.00,0.00,0.00,1808680
2022/10/12 4:15:57,0.00,0.00,20.00,925.61,17.96,72.90,76.47,111,0.00,0.00,0.00,1868997
2022/10/12 4:16:57,0.00,0.00,20.00,925.70,17.96,72.89,76.71,112,0.00,0.00,0.00,1929330
2022/10/12 4:17:58,0.00,0.00,20.00,925.40,17.96,72.91,80.29,113,0.00,0.00,0.00,1989647
2022/10/12 4:18:58,0.00,0.00,20.00,925.45,17.95,72.89,71.32,110,0.00,0.00,0.00,2049982
2022/10/12 4:19:59,0.00,0.00,20.00,925.58,17.95,72.89,88.20,116,0.00,0.00,0.00,2110298
2022/10/12 4:20:59,0.00,0.00,20.00,925.63,17.95,72.87,79.95,114,0.00,0.00,0.00,2170635
2022/10/12 4:22:0,0.00,0.00,20.00,925.76,17.95,72.88,71.67,109,0.00,0.00,0.00,2230949
2022/10/12 4:23:0,0.00,0.00,20.00,925.72,17.95,72.88,78.24,113,0.00,0.00,0.00,2291284
2022/10/12 4:24:0,0.00,0.00,20.00,925.67,17.95,72.86,96.59,120,0.00,0.00,0.00,2351603
2022/10/12 4:25:1,0.00,0.00,20.00,925.70,17.95,72.86,61.92,104,0.00,0.00,0.00,2411940
2022/10/12 4:26:1,0.00,0.00,20.00,925.72,17.95,72.87,84.84,115,0.00,0.00,0.00,2472253
2022/10/12 4:27:2,0.00,0.00,20.00,925.97,17.95,72.88,68.46,107,0.00,0.00,0.00,2532590
2022/10/12 4:28:2,0.00,0.00,20.00,925.92,17.95,72.86,76.87,111,0.00,0.00,0.00,2592907
2022/10/12 4:29:3,0.00,0.00,20.00,925.40,17.95,72.85,87.00,116,0.00,0.00,0.00,2653241
2022/10/12 4:30:3,0.00,0.00,20.00,925.54,17.95,72.84,74.81,110,0.00,0.00,0.00,2713558
2022/10/12 4:31:4,0.00,0.00,20.00,925.72,17.95,72.83,64.48,107,0.00,0.00,0.00,2773892
2022/10/12 4:32:4,0.00,0.00,20.00,925.61,17.95,72.82,87.11,116,0.00,0.00,0.00,2834206
2022/10/12 4:33:5,0.00,0.00,20.00,925.74,17.95,72.82,69.68,109,0.00,0.00,0.00,2894543
2022/10/12 4:34:5,0.00,0.00,20.00,925.67,17.95,72.84,82.46,113,0.00,0.00,0.00,2954858
2022/10/12 4:35:6,0.00,0.00,20.00,925.99,17.94,72.82,110.24,127,0.00,0.00,0.00,3015194
2022/10/12 4:36:6,0.00,0.00,20.00,925.72,17.94,72.83,69.11,108,0.00,0.00,0.00,3075510
2022/10/12 4:37:6,0.00,0.00,20.00,926.10,17.94,72.83,74.60,110,0.00,0.00,0.00,3135844
2022/10/12 4:38:7,0.00,0.00,20.00,926.03,17.94,72.83,61.25,105,0.00,0.00,0.00,3196161
2022/10/12 4:39:7,0.00,0.00,20.00,925.52,17.94,72.82,67.32,109,0.00,0.00,0.00,3256497
2022/10/12 4:40:8,0.00,0.00,20.00,925.72,17.94,72.81,79.49,113,0.00,0.00,0.00,3316809
2022/10/12 4:41:8,0.00,0.00,20.00,925.67,17.93,72.83,55.96,103,0.00,0.00,0.00,3377147
2022/10/12 4:42:9,0.00,0.00,20.00,925.79,17.93,72.84,79.79,113,0.00,0.00,0.00,3437461
2022/10/12 4:43:9,0.00,0.00,20.00,925.90,17.93,72.83,83.49,114,0.00,0.00,0.00,3497796
2022/10/12 4:45:52,0.00,0.00,20.00,925.57,17.92,72.81,65.66,108,0.00,0.00,0.00,60016
2022/10/12 4:46:52,0.00,0.00,20.00,925.72,17.93,72.81,70.84,108,0.00,0.00,0.00,120229
2022/10/12 4:47:53,0.00,0.00,20.00,925.94,17.92,72.80,94.80,118,0.00,0.00,0.00,180442
2022/10/12 4:48:53,0.00,0.00,20.00,926.01,17.92,72.80,76.87,110,0.00,0.00,0.00,240654
2022/10/12 4:49:53,0.00,0.00,20.00,926.06,17.92,72.79,71.19,109,0.00,0.00,0.00,300865
2022/10/12 4:50:54,0.00,0.00,20.00,926.08,17.92,72.79,76.91,111,0.00,0.00,0.00,361077
2022/10/12 4:51:54,0.00,0.00,20.00,926.21,17.92,72.79,73.90,109,0.02,0.00,0.00,421337
2022/10/12 4:52:54,0.00,0.00,20.00,926.19,17.91,72.79,77.68,111,0.00,0.00,0.00,481549
2022/10/12 4:53:55,0.00,0.00,20.00,926.17,17.91,72.79,75.10,111,0.00,0.00,0.00,541833
2022/10/12 4:54:55,0.00,0.00,20.00,926.01,17.91,72.79,73.52,110,0.00,0.00,0.00,602168
2022/10/12 4:55:56,0.00,0.00,20.00,926.01,17.91,72.75,67.15,107,0.00,0.00,0.00,662484
2022/10/12 4:56:56,0.00,0.00,20.00,925.65,17.91,72.75,92.50,118,0.00,0.00,0.00,722820
2022/10/12 4:57:57,0.00,0.00,20.00,925.72,17.91,72.75,68.30,107,0.00,0.00,0.00,783133
2022/10/12 4:58:57,0.00,0.00,20.00,926.01,17.91,72.74,75.08,110,0.00,0.00,0.00,843470
2022/10/12 4:59:58,0.00,0.00,20.00,925.99,17.91,72.71,68.56,108,0.00,0.00,0.00,903784
2022/10/12 5:0:58,0.00,0.00,20.00,926.17,17.91,72.67,69.55,109,0.00,0.00,0.00,964120
2022/10/12 5:1:58,0.00,0.00,20.00,926.06,17.91,72.67,62.86,105,0.00,0.00,0.00,1024437
2022/10/12 5:2:59,0.00,0.00,20.00,926.30,17.91,72.71,88.18,116,0.00,0.00,0.00,1084770
2022/10/12 5:3:59,0.00,0.00,20.00,926.28,17.90,72.73,63.94,105,0.00,0.00,0.00,1145086
2022/10/12 5:5:0,0.00,0.00,20.00,926.46,17.90,72.72,72.08,109,0.00,0.00,0.00,1205421
2022/10/12 5:6:0,0.00,0.00,20.00,926.28,17.90,72.74,86.76,116,0.00,0.00,0.00,1265734
2022/10/12 5:7:1,0.00,0.00,20.00,926.15,17.90,72.77,62.23,104,0.00,0.00,0.00,1326072
2022/10/12 5:8:1,0.00,0.00,20.00,925.88,17.89,72.80,82.65,114,0.00,0.00,0.00,1386385
2022/10/12 5:9:2,0.00,0.00,20.00,925.92,17.89,72.84,72.74,109,0.00,0.00,0.00,1446722
2022/10/12 5:10:2,0.00,0.00,20.00,926.33,17.89,72.85,72.98,109,0.00,0.00,0.00,1507040
2022/10/12 5:11:3,0.00,0.00,20.00,926.28,17.89,72.85,69.98,108,0.00,0.00,0.00,1567373
2022/10/12 5:12:3,0.00,0.00,20.00,926.26,17.89,72.85,100.22,121,0.00,0.00,0.00,1627692
2022/10/12 5:13:4,0.00,0.00,20.00,926.17,17.89,72.87,54.72,102,0.00,0.00,0.00,1688025
2022/10/12 5:14:4,0.00,0.00,20.00,926.10,17.89,72.89,68.94,108,0.00,0.00,0.00,1748339
2022/10/12 5:15:4,0.00,0.00,20.00,926.42,17.89,72.89,78.87,113,0.00,0.00,0.00,1808676
2022/10/12 5:16:5,0.00,0.00,20.00,926.37,17.89,72.90,74.18,110,0.00,0.00,0.00,1868989
2022/10/12 5:17:5,0.00,0.00,20.00,926.46,17.89,72.91,74.46,109,0.00,0.00,0.00,1929326
2022/10/12 5:18:6,0.00,0.00,20.00,925.99,17.89,72.91,69.31,108,0.00,0.00,0.00,1989643
2022/10/12 5:19:6,0.00,0.00,20.00,926.21,17.89,72.90,73.30,110,0.00,0.00,0.00,2049977
2022/10/12 5:20:7,0.00,0.00,20.00,926.35,17.89,72.90,72.91,110,0.00,0.00,0.00,2110294
2022/10/12 5:21:7,0.00,0.00,20.00,926.28,17.89,72.93,79.07,112,0.00,0.00,0.00,2170628
2022/10/12 5:22:8,0.00,0.00,20.00,926.35,17.89,72.91,58.02,103,0.00,0.00,0.00,2230945
2022/10/12 5:23:8,0.00,0.00,20.00,926.48,17.89,72.91,66.47,108,0.00,0.00,0.00,2291281
2022/10/12 5:24:9,0.00,0.00,20.00,926.33,17.89,72.92,80.36,112,0.00,0.00,0.00,2351595
2022/10/12 5:25:9,0.00,0.00,20.00,926.37,17.88,72.93,69.33,107,0.00,0.00,0.00,2411931
2022/10/12 5:26:10,0.00,0.00,20.00,926.42,17.88,72.94,105.50,123,0.00,0.00,0.00,2472250
2022/10/12 5:27:10,0.00,0.00,20.00,926.42,17.88,72.94,58.43,103,0.00,0.00,0.00,2532584
2022/10/12 5:28:10,0.00,0.00,20.00,926.48,17.88,72.94,59.20,103,0.00,0.00,0.00,2592899
2022/10/12 5:29:11,0.00,0.00,20.00,926.26,17.88,72.97,69.57,108,0.00,0.00,0.00,2653235
2022/10/12 5:30:11,0.00,0.00,20.00,926.51,17.88,72.99,88.31,117,0.00,0.00,0.00,2713549
2022/10/12 5:31:12,0.00,0.00,20.00,926.42,17.88,73.01,77.81,112,0.00,0.00,0.00,2773885
2022/10/12 5:32:12,0.00,0.00,20.00,926.35,17.89,73.02,83.42,111,0.00,0.00,0.00,2834201
2022/10/12 5:33:13,0.00,0.00,20.00,926.57,17.89,73.06,64.94,106,0.00,0.00,0.00,2894535
2022/10/12 5:34:13,0.00,0.00,20.00,926.80,17.89,73.08,68.00,110,0.00,0.00,0.00,2954852
2022/10/12 5:35:14,0.00,0.00,20.00,926.55,17.89,73.07,74.53,111,0.00,0.00,0.00,3015187
2022/10/12 5:36:14,0.00,0.00,20.00,926.42,17.88,73.09,105.18,125,0.00,0.00,0.00,3075503
2022/10/12 5:37:15,0.00,0.00,20.00,926.64,17.88,73.12,75.84,112,0.00,0.00,0.00,3135839
2022/10/12 5:38:15,0.00,0.00,20.00,926.66,17.88,73.12,49.96,96,0.00,0.00,0.00,3196151
2022/10/12 5:39:16,0.00,0.00,20.00,926.37,17.88,73.13,74.92,111,0.00,0.00,0.00,3256488
2022/10/12 5:40:16,0.00,0.00,20.00,926.48,17.88,73.16,97.33,123,0.00,0.00,0.00,3316804
2022/10/12 5:41:16,0.00,0.00,20.00,926.57,17.88,73.16,74.31,108,0.00,0.00,0.00,3377138
2022/10/12 5:42:17,0.00,0.00,20.00,926.55,17.88,73.17,66.82,113,0.00,0.00,0.00,3437456
2022/10/12 5:43:17,0.00,0.00,20.00,926.73,17.88,73.16,71.56,109,0.00,0.00,0.00,3497793
2022/10/12 5:44:18,0.00,0.00,20.00,926.71,17.88,73.16,82.30,113,0.00,0.00,0.00,3558107
2022/10/12 5:46:0,0.00,0.00,20.00,926.46,17.87,73.14,66.77,108,0.00,0.00,0.00,60015
2022/10/12 5:47:0,0.00,0.00,20.00,926.55,17.87,73.16,66.03,107,0.00,0.00,0.00,120276
2022/10/12 5:48:1,0.00,0.00,20.00,926.73,17.87,73.16,76.93,109,0.00,0.00,0.00,180488
2022/10/12 5:49:1,0.00,0.00,20.00,926.78,17.87,73.15,77.41,112,0.00,0.00,0.00,240699
2022/10/12 5:50:1,0.00,0.00,20.00,926.57,17.87,73.14,76.93,112,0.00,0.00,0.00,300909
2022/10/12 5:51:2,0.00,0.00,20.00,927.00,17.87,73.12,74.05,110,0.00,0.00,0.00,361120
2022/10/12 5:52:2,0.00,0.00,20.00,926.89,17.86,73.14,78.29,112,0.00,0.00,0.00,421331
2022/10/12 5:53:3,0.00,0.00,20.00,926.71,17.86,73.10,77.83,111,0.00,0.00,0.00,481590
2022/10/12 5:54:3,0.00,0.00,20.00,927.02,17.86,73.09,76.89,111,0.00,0.00,0.00,541880
2022/10/12 5:55:3,0.00,0.00,20.00,927.16,17.86,73.10,90.25,116,0.00,0.00,0.00,602215
2022/10/12 5:56:4,0.00,0.00,20.00,926.69,17.86,73.08,71.56,109,0.00,0.00,0.00,662530
2022/10/12 5:57:4,0.00,0.00,20.00,926.53,17.85,73.06,69.18,108,0.00,0.00,0.00,722866
2022/10/12 5:58:5,0.00,0.00,20.00,926.48,17.85,73.05,72.24,109,0.00,0.00,0.00,783180
2022/10/12 5:59:5,0.00,0.00,20.00,926.62,17.85,73.03,78.88,112,0.00,0.00,0.00,843516
2022/10/12 6:0:6,0.00,0.00,20.00,926.82,17.85,73.02,75.43,110,0.00,0.00,0.00,903831
2022/10/12 6:1:6,0.00,0.00,20.00,926.84,17.85,72.99,83.25,114,0.00,0.00,0.00,964165
2022/10/12 6:2:7,0.00,0.00,20.00,926.80,17.85,72.97,68.65,107,0.00,0.00,0.00,1024482
2022/10/12 6:3:7,0.00,0.00,20.00,927.07,17.85,72.96,97.27,119,0.00,0.00,0.00,1084817
2022/10/12 6:4:8,0.00,0.00,20.00,926.98,17.85,72.94,66.53,106,0.00,0.00,0.00,1145132
2022/10/12 6:5:8,0.00,0.00,20.00,926.93,17.85,72.94,72.72,108,0.00,0.00,0.00,1205469
2022/10/12 6:6:9,0.00,0.00,20.00,926.96,17.85,72.92,66.95,107,0.00,0.00,0.00,1265782
2022/10/12 6:7:9,0.00,0.00,20.00,927.05,17.85,72.90,72.80,109,0.00,0.00,0.00,1326118
2022/10/12 6:8:9,0.00,0.00,20.00,926.64,17.84,72.90,71.54,109,0.00,0.00,0.00,1386434
2022/10/12 6:9:10,0.00,0.00,20.00,926.69,17.84,72.89,76.21,111,0.00,0.00,0.00,1446769
2022/10/12 6:10:10,0.00,0.00,20.00,926.84,17.84,72.87,73.46,110,0.00,0.00,0.00,1507087
2022/10/12 6:11:11,0.00,0.00,20.00,926.82,17.84,72.86,64.53,106,0.00,0.00,0.00,1567422
2022/10/12 6:12:11,0.00,0.00,20.00,926.98,17.84,72.84,66.91,108,0.00,0.00,0.00,1627738
2022/10/12 6:13:12,0.00,0.00,20.00,927.14,17.84,72.83,38.27,94,0.00,0.00,0.00,1688073
2022/10/12 6:14:12,0.00,0.00,20.00,927.00,17.84,72.82,97.27,120,0.00,0.00,0.00,1748387
2022/10/12 6:15:13,0.00,0.00,20.00,927.14,17.84,72.81,132.72,132,0.00,0.00,0.00,1808724
2022/10/12 6:16:13,0.00,0.00,20.00,926.91,17.84,72.79,121.77,132,0.00,0.00,0.00,1869040
2022/10/12 6:17:14,0.00,0.00,20.00,926.96,17.84,72.78,71.88,109,0.00,0.00,0.00,1929375
2022/10/12 6:18:14,0.00,0.00,20.00,926.53,17.84,72.77,72.50,110,0.00,0.00,0.00,1989690
2022/10/12 6:19:15,0.00,0.00,20.00,926.75,17.84,72.74,75.49,111,0.00,0.00,0.00,2050025
2022/10/12 6:20:15,0.00,0.00,20.00,927.05,17.84,72.71,76.91,111,0.00,0.00,0.00,2110341
2022/10/12 6:21:15,0.00,0.00,20.00,926.98,17.84,72.70,74.44,110,0.00,0.00,0.00,2170677
2022/10/12 6:22:16,0.00,0.00,20.00,927.05,17.84,72.68,49.32,99,0.00,0.00,0.00,2230991
2022/10/12 6:23:16,0.00,0.00,20.00,927.25,17.84,72.67,90.19,118,0.00,0.00,0.00,2291326
2022/10/12 6:24:17,0.00,0.00,20.00,926.89,17.84,72.66,52.14,99,0.00,0.00,0.00,2351641
2022/10/12 6:25:17,0.00,0.00,20.00,927.34,17.84,72.66,5.66,79,0.00,0.00,0.00,2411976
2022/10/12 6:26:18,0.00,0.00,20.00,927.45,17.84,72.65,13.81,81,0.00,0.00,0.00,2472293
2022/10/12 6:27:18,0.00,0.00,20.00,927.41,17.84,72.62,77.68,111,0.00,0.00,0.00,2532631
2022/10/12 6:28:19,0.00,0.00,20.00,927.29,17.84,72.62,64.96,105,0.00,0.00,0.00,2592947
2022/10/12 6:29:19,0.00,0.00,20.00,926.91,17.84,72.59,73.18,110,0.00,0.00,0.00,2653281
2022/10/12 6:30:20,0.00,0.00,20.00,926.98,17.84,72.57,74.38,111,0.00,0.00,0.00,2713598
2022/10/12 6:31:20,0.00,0.00,20.00,927.14,17.84,72.56,53.51,102,0.00,0.00,0.00,2773932
2022/10/12 6:32:21,0.00,0.00,20.00,927.11,17.84,72.55,120.60,132,0.00,0.00,0.00,2834248
2022/10/12 6:33:21,0.00,0.00,20.00,927.32,17.84,72.52,53.60,101,0.00,0.00,0.00,2894584
2022/10/12 6:34:21,0.00,0.00,20.00,927.27,17.84,72.52,146.81,139,0.00,0.00,0.00,2954898
2022/10/12 6:35:22,0.00,0.00,20.00,927.59,17.84,72.53,73.13,110,0.00,0.00,0.00,3015235
2022/10/12 6:36:22,0.00,0.00,20.00,927.52,17.83,72.52,15.23,79,0.00,0.00,0.00,3075549
2022/10/12 6:37:23,0.00,0.00,20.00,927.70,17.83,72.53,41.68,100,0.00,0.00,0.00,3135885
2022/10/12 6:38:23,0.00,0.00,20.00,927.56,17.83,72.53,80.08,113,0.00,0.00,0.00,3196201
2022/10/12 6:39:24,0.00,0.00,20.00,927.25,17.83,72.53,74.59,113,0.00,0.00,0.00,3256535
2022/10/12 6:40:24,0.00,0.00,20.00,927.34,17.83,72.52,61.79,104,0.00,0.00,0.00,3316850
2022/10/12 6:41:25,0.00,0.00,20.00,927.45,17.82,72.51,71.88,109,0.00,0.00,0.00,3377187
2022/10/12 6:42:25,0.00,0.00,20.00,927.47,17.82,72.51,67.82,108,0.00,0.00,0.00,3437501
2022/10/12 6:43:26,0.00,0.00,20.00,927.54,17.82,72.51,75.58,111,0.00,0.00,0.00,3497838
2022/10/12 6:44:26,0.00,0.00,20.00,927.61,17.83,72.50,74.73,111,0.00,0.00,0.00,3558153
2022/10/12 6:46:8,0.00,0.00,20.00,927.24,17.82,72.50,147.45,142,0.00,0.00,0.00,60016
2022/10/12 6:47:9,0.00,0.00,20.00,927.29,17.82,72.48,157.03,144,0.00,0.00,0.00,120278
2022/10/12 6:48:9,0.00,0.00,20.00,927.41,17.82,72.48,108.02,128,0.00,0.00,0.00,180490
2022/10/12 6:49:9,0.00,0.00,20.00,927.43,17.82,72.47,84.56,113,0.00,0.00,0.00,240700
2022/10/12 6:50:10,0.00,0.00,20.00,927.61,17.82,72.47,121.64,130,0.00,0.00,0.00,300913
2022/10/12 6:51:10,0.00,0.00,20.00,927.59,17.82,72.49,83.33,113,0.00,0.00,0.00,361125
2022/10/12 6:52:10,0.00,0.00,20.00,927.56,17.81,72.49,43.90,96,0.00,0.00,0.00,421338
2022/10/12 6:53:11,0.00,0.00,20.00,927.72,17.81,72.48,56.03,103,0.00,0.00,0.00,481597
2022/10/12 6:54:11,0.00,0.00,20.00,927.74,17.81,72.46,113.65,126,0.00,0.00,0.00,541882
2022/10/12 6:55:12,0.00,0.00,20.00,927.59,17.81,72.46,87.94,115,0.00,0.00,0.00,602216
2022/10/12 6:56:12,0.00,0.00,20.00,927.68,17.81,72.45,66.69,105,0.00,0.00,0.00,662531
2022/10/12 6:57:13,0.00,0.00,20.00,927.23,17.81,72.45,114.22,127,0.00,0.00,0.00,722868
2022/10/12 6:58:13,0.00,0.00,20.00,927.43,17.81,72.44,67.54,106,0.00,0.00,0.00,783181
2022/10/12 6:59:13,0.00,0.00,20.00,927.74,17.81,72.44,57.40,102,0.00,0.00,0.00,843517
2022/10/12 7:0:14,0.00,0.00,20.00,927.79,17.81,72.45,78.42,112,0.00,0.00,0.00,903832
2022/10/12 7:1:14,0.00,0.00,20.00,927.61,17.81,72.43,71.56,109,0.00,0.00,0.00,964166
2022/10/12 7:2:15,0.00,0.00,20.00,927.86,17.81,72.43,65.05,107,0.00,0.00,0.00,1024483
2022/10/12 7:3:15,0.00,0.00,20.00,927.61,17.80,72.44,78.70,111,0.00,0.00,0.00,1084819
2022/10/12 7:4:16,0.00,0.00,20.00,927.79,17.80,72.43,62.89,105,0.00,0.00,0.00,1145133
2022/10/12 7:5:16,0.00,0.00,20.00,927.81,17.80,72.43,66.36,107,0.00,0.00,0.00,1205470
2022/10/12 7:6:17,0.00,0.00,20.00,927.65,17.80,72.43,75.20,111,0.00,0.00,0.00,1265783
2022/10/12 7:7:17,0.00,0.00,20.00,927.92,17.80,72.43,75.86,112,0.00,0.00,0.00,1326119
2022/10/12 7:8:18,0.00,0.00,20.00,927.68,17.80,72.43,67.45,108,0.00,0.00,0.00,1386435
2022/10/12 7:9:18,0.00,0.00,20.00,927.79,17.79,72.42,72.83,109,0.00,0.00,0.00,1446769
2022/10/12 7:10:19,0.00,0.00,20.00,927.79,17.79,72.41,62.73,106,0.00,0.00,0.00,1507087
2022/10/12 7:11:19,0.00,0.00,20.00,927.83,17.79,72.42,69.15,109,0.00,0.00,0.00,1567422
2022/10/12 7:12:19,0.00,0.00,20.00,927.70,17.79,72.41,68.61,109,0.00,0.00,0.00,1627738
2022/10/12 7:13:20,0.00,0.00,20.00,927.95,17.79,72.41,75.10,111,0.00,0.00,0.00,1688074
2022/10/12 7:14:20,0.00,0.00,20.00,927.92,17.79,72.40,72.76,110,0.00,0.00,0.00,1748387
2022/10/12 7:15:21,0.00,0.00,20.00,927.88,17.79,72.40,71.03,109,0.00,0.00,0.00,1808723
2022/10/12 7:16:21,0.00,0.00,20.00,927.92,17.79,72.40,67.87,108,0.00,0.00,0.00,1869039
2022/10/12 7:17:22,0.00,0.00,20.00,927.90,17.79,72.41,67.14,108,0.00,0.00,0.00,1929375
2022/10/12 7:18:22,0.00,0.00,20.00,927.52,17.79,72.41,70.27,109,0.00,0.00,0.00,1989690
2022/10/12 7:19:23,0.00,0.00,20.00,927.63,17.79,72.41,70.55,108,0.00,0.00,0.00,2050025
2022/10/12 7:20:23,0.00,0.00,20.00,927.74,17.79,72.39,68.46,108,0.00,0.00,0.00,2110341
2022/10/12 7:21:24,0.00,0.00,20.00,927.61,17.79,72.38,73.15,110,0.00,0.00,0.00,2170677
2022/10/12 7:22:24,0.00,0.00,20.00,927.92,17.79,72.39,70.57,108,0.00,0.00,0.00,2230992
2022/10/12 7:23:25,0.00,0.00,20.00,927.90,17.79,72.38,79.53,111,0.00,0.00,0.00,2291326
2022/10/12 7:24:25,0.00,0.00,20.00,927.79,17.79,72.38,80.30,112,0.00,0.00,0.00,2351642
2022/10/12 7:25:25,0.00,0.00,20.00,927.83,17.79,72.37,80.21,113,0.00,0.00,0.00,2411978
2022/10/12 7:26:26,0.00,0.00,20.00,927.90,17.79,72.36,91.92,117,0.00,0.00,0.00,2472293
2022/10/12 7:27:26,0.00,0.00,20.00,927.95,17.79,72.36,113.30,125,0.00,0.00,0.00,2532631
2022/10/12 7:28:27,0.00,0.00,20.00,927.95,17.79,72.34,65.03,105,0.00,0.00,0.00,2592944
2022/10/12 7:29:27,0.00,0.00,20.00,927.61,17.79,72.34,56.18,102,0.00,0.00,0.00,2653280
2022/10/12 7:30:28,0.00,0.00,20.00,927.79,17.79,72.34,89.14,117,0.00,0.00,0.00,2713595
2022/10/12 7:31:28,0.00,0.00,20.00,927.81,17.78,72.34,85.51,113,0.00,0.00,0.00,2773929
2022/10/12 7:32:29,0.00,0.00,20.00,927.86,17.78,72.33,75.56,111,0.00,0.00,0.00,2834246
2022/10/12 7:33:29,0.00,0.00,20.00,927.70,17.78,72.32,84.77,115,0.00,0.00,0.00,2894581
2022/10/12 7:34:30,0.00,0.00,20.00,927.95,17.78,72.31,63.32,105,0.00,0.00,0.00,2954896
2022/10/12 7:35:30,0.00,0.00,20.00,928.06,17.78,72.31,70.03,108,0.00,0.00,0.00,3015233
2022/10/12 7:36:31,0.00,0.00,20.00,928.13,17.78,72.30,87.44,116,0.00,0.00,0.00,3075547
2022/10/12 7:37:31,0.00,0.00,20.00,927.95,17.78,72.30,66.40,106,0.00,0.00,0.00,3135883
2022/10/12 7:38:31,0.00,0.00,20.00,927.97,17.78,72.30,74.20,109,0.00,0.00,0.00,3196198
2022/10/12 7:39:32,0.00,0.00,20.00,927.54,17.78,72.28,71.01,108,0.00,0.00,0.00,3256534
2022/10/12 7:40:32,0.00,0.00,20.00,927.88,17.78,72.29,77.91,111,0.00,0.00,0.00,3316849
2022/10/12 7:41:33,0.00,0.00,20.00,928.01,17.78,72.29,67.93,107,0.00,0.00,0.00,3377184
2022/10/12 7:42:33,0.00,0.00,20.00,927.97,17.78,72.28,70.23,109,0.00,0.00,0.00,3437499
2022/10/12 7:43:34,0.00,0.00,20.00,928.01,17.78,72.29,69.86,108,0.00,0.00,0.00,3497836
2022/10/12 7:44:34,0.00,0.00,20.00,928.06,17.78,72.30,67.02,107,0.00,0.00,0.00,3558152
2022/10/12 7:46:16,0.00,0.00,20.00,927.86,17.77,72.30,68.22,107,0.00,0.00,0.00,60016
2022/10/12 7:47:17,0.00,0.00,20.00,927.95,17.77,72.30,79.03,111,0.00,0.00,0.00,120231
2022/10/12 7:48:17,0.00,0.00,20.00,927.97,17.77,72.30,75.27,109,0.00,0.00,0.00,180494
2022/10/12 7:49:17,0.00,0.00,20.00,927.86,17.77,72.30,48.69,98,0.00,0.00,0.00,240705
2022/10/12 7:50:18,0.00,0.00,20.00,928.04,17.77,72.30,87.76,116,0.00,0.00,0.00,300919
2022/10/12 7:51:18,0.00,0.00,20.00,928.10,17.76,72.28,75.01,109,0.00,0.00,0.00,361134
2022/10/12 7:52:19,0.00,0.00,20.00,928.08,17.76,72.26,71.14,108,0.00,0.00,0.00,421348
2022/10/12 7:53:19,0.00,0.00,20.00,928.31,17.76,72.27,67.69,107,0.00,0.00,0.00,481561
2022/10/12 7:54:19,0.00,0.00,20.00,928.01,17.76,72.26,80.67,112,0.00,0.00,0.00,541833
2022/10/12 7:55:20,0.00,0.00,20.00,928.42,17.76,72.26,76.69,111,0.00,0.00,0.00,602168
2022/10/12 7:56:20,0.00,0.00,20.00,928.22,17.76,72.27,59.06,104,0.00,0.00,0.00,662484
2022/10/12 7:57:21,0.00,0.00,20.00,927.79,17.76,72.27,72.87,110,0.00,0.00,0.00,722820
2022/10/12 7:58:21,0.00,0.00,20.00,927.99,17.76,72.27,71.36,109,0.00,0.00,0.00,783133
2022/10/12 7:59:22,0.00,0.00,20.00,928.10,17.76,72.27,82.37,114,0.00,0.00,0.00,843470
2022/10/12 8:0:22,0.00,0.00,20.00,928.17,17.76,72.25,78.94,112,0.00,0.00,0.00,903783
2022/10/12 8:1:23,0.00,0.00,20.00,928.13,17.76,72.24,69.48,108,0.00,0.00,0.00,964120
2022/10/12 8:2:23,0.00,0.00,20.00,928.35,17.76,72.25,78.83,112,0.00,0.00,0.00,1024437
2022/10/12 8:3:23,0.00,0.00,20.00,928.40,17.75,72.25,76.49,110,0.00,0.00,0.00,1084770
2022/10/12 8:4:24,0.00,0.00,20.00,928.56,17.75,72.24,69.61,108,0.00,0.00,0.00,1145086
2022/10/12 8:5:24,0.00,0.00,20.00,928.60,17.76,72.22,57.82,104,0.00,0.00,0.00,1205422
2022/10/12 8:6:25,0.00,0.00,20.00,928.74,17.75,72.23,92.53,119,0.00,0.00,0.00,1265735
2022/10/12 8:7:25,0.00,0.00,20.00,928.71,17.76,72.22,59.43,104,0.00,0.00,0.00,1326073
2022/10/12 8:8:26,0.00,0.00,20.00,928.13,17.76,72.21,68.63,107,0.00,0.00,0.00,1386386
2022/10/12 8:9:26,0.00,0.00,20.00,928.11,17.76,72.19,72.37,109,0.00,0.00,0.00,1446723
2022/10/12 8:10:27,0.00,0.00,20.00,928.40,17.76,72.19,76.43,110,0.00,0.00,0.00,1507041
2022/10/12 8:11:27,0.00,0.00,20.00,928.42,17.76,72.17,60.86,104,0.00,0.00,0.00,1567374
2022/10/12 8:12:28,0.00,0.00,20.00,928.26,17.76,72.17,79.66,112,0.00,0.00,0.00,1627692
2022/10/12 8:13:28,0.00,0.00,20.00,928.47,17.76,72.18,70.86,109,0.00,0.00,0.00,1688026
2022/10/12 8:14:29,0.00,0.00,20.00,928.69,17.76,72.17,75.99,110,0.00,0.00,0.00,1748340
2022/10/12 8:15:29,0.00,0.00,20.00,928.56,17.76,72.18,72.83,109,0.00,0.00,0.00,1808677
2022/10/12 8:16:29,0.00,0.00,20.00,928.33,17.76,72.19,69.53,107,0.00,0.00,0.00,1868990
2022/10/12 8:17:30,0.00,0.00,20.00,928.49,17.76,72.19,72.74,110,0.00,0.00,0.00,1929327
2022/10/12 8:18:30,0.00,0.00,20.00,928.13,17.76,72.19,71.05,108,0.00,0.00,0.00,1989644
2022/10/12 8:19:31,0.00,0.00,20.00,928.08,17.76,72.20,78.05,112,0.00,0.00,0.00,2049978
2022/10/12 8:20:31,0.00,0.00,20.00,928.38,17.76,72.22,64.07,105,0.00,0.00,0.00,2110295
2022/10/12 8:21:32,0.00,0.00,20.00,928.44,17.76,72.22,80.91,113,0.00,0.00,0.00,2170629
2022/10/12 8:22:32,0.00,0.00,20.00,928.44,17.76,72.21,75.36,110,0.00,0.00,0.00,2230943
2022/10/12 8:23:33,0.00,0.00,20.00,928.53,17.76,72.22,92.05,117,0.00,0.00,0.00,2291280
2022/10/12 8:24:33,0.00,0.00,20.00,928.60,17.76,72.22,55.55,101,0.00,0.00,0.00,2351595
2022/10/12 8:25:34,0.00,0.00,20.00,928.67,17.76,72.23,66.53,106,0.00,0.00,0.00,2411930
2022/10/12 8:26:34,0.00,0.00,20.00,928.53,17.76,72.21,91.57,118,0.00,0.00,0.00,2472247
2022/10/12 8:27:35,0.00,0.00,20.00,928.83,17.76,72.20,24.36,90,0.00,0.00,0.00,2532580
2022/10/12 8:28:35,0.00,0.00,20.00,928.69,17.76,72.21,45.80,98,0.00,0.00,0.00,2592897
2022/10/12 8:29:35,0.00,0.00,20.00,928.06,17.76,72.21,108.62,124,0.00,0.00,0.00,2653235
2022/10/12 8:30:36,0.00,0.00,20.00,928.26,17.76,72.20,63.72,104,0.00,0.00,0.00,2713546
2022/10/12 8:31:36,0.00,0.00,20.00,928.40,17.76,72.20,84.49,115,0.00,0.00,0.00,2773883
2022/10/12 8:32:37,0.00,0.00,20.00,928.20,17.75,72.19,69.26,107,0.00,0.00,0.00,2834198
2022/10/12 8:33:37,0.00,0.00,20.00,928.42,17.75,72.19,55.68,101,0.00,0.00,0.00,2894533
2022/10/12 8:34:38,0.00,0.00,20.00,928.47,17.75,72.19,73.02,109,0.00,0.00,0.00,2954851
2022/10/12 8:35:38,0.00,0.00,20.00,928.49,17.75,72.20,75.86,110,0.00,0.00,0.00,3015184
2022/10/12 8:36:39,0.00,0.00,20.00,928.51,17.75,72.20,75.66,111,0.00,0.00,0.00,3075501
2022/10/12 8:37:39,0.00,0.00,20.00,928.51,17.75,72.20,80.64,113,0.00,0.00,0.00,3135837
2022/10/12 8:38:40,0.00,0.00,20.00,928.62,17.74,72.19,66.80,107,0.00,0.00,0.00,3196149
2022/10/12 8:39:40,0.00,0.00,20.00,928.02,17.75,72.19,70.44,108,0.00,0.00,0.00,3256487
2022/10/12 8:40:41,0.00,0.00,20.00,928.17,17.74,72.20,72.23,109,0.00,0.00,0.00,3316801
2022/10/12 8:41:41,0.00,0.00,20.00,928.35,17.75,72.22,71.73,109,0.00,0.00,0.00,3377137
2022/10/12 8:42:41,0.00,0.00,20.00,928.44,17.75,72.25,71.08,108,0.00,0.00,0.00,3437454
2022/10/12 8:43:42,0.00,0.00,20.00,928.29,17.75,72.28,88.68,116,0.00,0.00,0.00,3497787
2022/10/12 8:44:42,0.00,0.00,20.00,928.49,17.74,72.28,63.58,105,0.00,0.00,0.00,3558104
2022/10/12 8:46:25,0.00,0.00,20.00,928.11,17.74,72.35,71.73,109,0.00,0.00,0.00,60016
2022/10/12 8:47:25,0.00,0.00,20.00,928.22,17.74,72.36,74.84,110,0.00,0.00,0.00,120231
2022/10/12 8:48:25,0.00,0.00,20.00,928.40,17.74,72.39,66.73,107,0.00,0.00,0.00,180444
2022/10/12 8:49:26,0.00,0.00,20.00,928.47,17.74,72.40,71.52,108,0.00,0.00,0.00,240703
2022/10/12 8:50:26,0.00,0.00,20.00,928.56,17.74,72.42,67.17,107,0.00,0.00,0.00,300916
2022/10/12 8:51:26,0.00,0.00,20.00,928.58,17.74,72.43,69.03,108,0.00,0.00,0.00,361129
2022/10/12 8:52:27,0.00,0.00,20.00,928.56,17.74,72.44,73.98,110,0.00,0.00,0.00,421343
2022/10/12 8:53:27,0.00,0.00,20.00,928.76,17.74,72.46,67.15,107,0.00,0.00,0.00,481555
2022/10/12 8:54:27,0.00,0.00,20.00,928.85,17.74,72.45,73.68,110,0.00,0.00,0.00,541833
2022/10/12 8:55:28,0.00,0.00,20.00,928.94,17.74,72.45,69.57,108,0.00,0.00,0.00,602168
2022/10/12 8:56:28,0.00,0.00,20.00,928.62,17.74,72.47,81.72,113,0.00,0.00,0.00,662484
2022/10/12 8:57:29,0.00,0.00,20.00,928.15,17.74,72.47,65.44,107,0.00,0.00,0.00,722820
2022/10/12 8:58:29,0.00,0.00,20.00,928.40,17.74,72.48,75.93,111,0.00,0.00,0.00,783133
2022/10/12 8:59:30,0.00,0.00,20.00,928.49,17.74,72.50,75.86,111,0.00,0.00,0.00,843470
2022/10/12 9:0:30,0.00,0.00,20.00,928.60,17.74,72.49,65.62,106,0.00,0.00,0.00,903783
2022/10/12 9:1:31,0.00,0.00,20.00,928.40,17.74,72.50,74.79,110,0.00,0.00,0.00,964120
2022/10/12 9:2:31,0.00,0.00,20.00,928.42,17.74,72.51,87.94,115,0.00,0.00,0.00,1024437
2022/10/12 9:3:32,0.00,0.00,20.00,928.58,17.74,72.54,65.60,107,0.00,0.00,0.00,1084770
2022/10/12 9:4:32,0.00,0.00,20.00,928.83,17.74,72.56,86.19,115,0.00,0.00,0.00,1145086
2022/10/12 9:5:33,0.00,0.00,20.00,928.58,17.74,72.60,70.71,109,0.00,0.00,0.00,1205422
2022/10/12 9:6:33,0.00,0.00,20.00,928.67,17.74,72.58,71.62,109,0.00,0.00,0.00,1265735
2022/10/12 9:7:33,0.00,0.00,20.00,928.78,17.74,72.58,74.55,110,0.00,0.00,0.00,1326073
2022/10/12 9:8:34,0.00,0.00,20.00,928.33,17.74,72.60,61.49,106,0.00,0.00,0.00,1386386
2022/10/12 9:9:34,0.00,0.00,20.00,928.60,17.74,72.62,66.80,107,0.00,0.00,0.00,1446723
2022/10/12 9:10:35,0.00,0.00,20.00,928.60,17.74,72.65,75.91,111,0.00,0.00,0.00,1507041
2022/10/12 9:11:35,0.00,0.00,20.00,928.78,17.74,72.68,71.10,108,0.00,0.00,0.00,1567374
2022/10/12 9:12:36,0.00,0.00,20.00,928.65,17.75,72.70,75.01,111,0.00,0.00,0.00,1627692
2022/10/12 9:13:36,0.00,0.00,20.00,928.78,17.75,72.82,77.80,111,0.00,0.00,0.00,1688026
2022/10/12 9:14:37,0.00,0.00,20.00,928.67,17.75,72.81,70.57,109,0.00,0.00,0.00,1748340
2022/10/12 9:15:37,0.00,0.00,20.00,928.71,17.75,72.80,79.29,112,0.00,0.00,0.00,1808679
2022/10/12 9:16:38,0.00,0.00,20.00,928.83,17.75,72.82,66.91,106,0.00,0.00,0.00,1868993
2022/10/12 9:17:38,0.00,0.00,20.00,928.78,17.76,72.81,77.37,111,0.00,0.00,0.00,1929329
2022/10/12 9:18:39,0.00,0.00,20.00,928.29,17.75,72.79,68.54,108,0.00,0.00,0.00,1989646
2022/10/12 9:19:39,0.00,0.00,20.00,928.51,17.76,72.81,80.51,112,0.00,0.00,0.00,2049979
2022/10/12 9:21:40,0.00,0.00,20.00,928.69,17.76,72.85,74.38,110,0.00,0.00,0.00,2170632
2022/10/12 9:22:40,0.00,0.00,20.00,928.47,17.76,72.87,69.33,108,0.00,0.00,0.00,2230946
2022/10/12 9:23:41,0.00,0.00,20.00,928.69,17.76,72.89,75.88,110,0.00,0.00,0.00,2291282
2022/10/12 9:24:41,0.00,0.00,20.00,928.80,17.76,72.88,70.40,109,0.00,0.00,0.00,2351596
2022/10/12 9:25:42,0.00,0.00,20.00,928.71,17.76,72.88,81.50,113,0.00,0.00,0.00,2411932
2022/10/12 9:26:42,0.00,0.00,20.00,928.62,17.76,72.91,63.46,106,0.00,0.00,0.00,2472249
2022/10/12 9:27:43,0.00,0.00,20.00,928.71,17.76,72.96,53.63,103,0.00,0.00,0.00,2532584
2022/10/12 9:28:43,0.00,0.00,20.00,928.69,17.76,73.01,77.11,112,0.00,0.00,0.00,2592899
2022/10/12 9:29:44,0.00,0.00,20.00,928.24,17.76,73.03,57.73,104,0.00,0.00,0.00,2653235
2022/10/12 9:30:44,0.00,0.00,20.00,928.33,17.76,72.97,65.94,107,0.00,0.00,0.00,2713549
2022/10/12 9:31:45,0.00,0.00,20.00,928.38,17.77,72.96,58.25,106,0.00,0.00,0.00,2773885
2022/10/12 9:32:45,0.00,0.00,20.00,928.58,17.77,72.92,-4.54,75,0.00,0.00,0.00,2834200
2022/10/12 9:33:46,0.00,0.00,20.00,928.62,17.77,72.90,67.01,105,0.00,0.00,0.00,2894536
2022/10/12 9:34:46,0.00,0.00,20.00,928.60,17.77,72.91,40.23,96,0.00,0.00,0.00,2954851
2022/10/12 9:35:46,0.00,0.00,20.00,928.56,17.77,72.94,89.73,116,0.00,0.00,0.00,3015187
2022/10/12 9:36:47,0.00,0.00,20.00,928.53,17.77,72.95,59.11,103,0.00,0.00,0.00,3075502
2022/10/12 9:37:47,0.00,0.00,20.00,928.85,17.77,72.90,84.29,115,0.00,0.00,0.00,3135839
2022/10/12 9:38:48,0.00,0.00,20.00,928.74,17.77,72.89,78.77,112,0.00,0.00,0.00,3196152
2022/10/12 9:39:48,0.00,0.00,20.00,928.40,17.77,72.91,59.46,102,0.00,0.00,0.00,3256488
2022/10/12 9:40:49,0.00,0.00,20.00,928.69,17.77,72.91,40.83,97,0.00,0.00,0.00,3316803
2022/10/12 9:41:49,0.00,0.00,20.00,928.69,17.77,72.91,70.97,110,0.00,0.00,0.00,3377138
2022/10/12 9:43:50,0.00,0.00,20.00,928.60,17.77,72.94,74.86,111,0.00,0.00,0.00,3497790
2022/10/12 9:44:51,0.00,0.00,20.00,928.65,17.77,72.96,74.20,111,0.00,0.00,0.00,3558106
2022/10/12 9:46:33,0.00,0.00,20.00,928.48,17.77,72.97,61.70,105,0.00,0.00,0.00,60016
2022/10/12 9:47:33,0.00,0.00,20.00,928.51,17.77,72.97,71.17,109,0.00,0.00,0.00,120230
2022/10/12 9:48:33,0.00,0.00,20.00,928.74,17.77,72.98,86.83,116,0.00,0.00,0.00,180444
2022/10/12 9:49:34,0.00,0.00,20.00,928.71,17.77,72.95,70.92,109,0.00,0.00,0.00,240704
2022/10/12 9:50:34,0.00,0.00,20.00,928.65,17.77,72.95,74.00,110,0.00,0.00,0.00,300917
2022/10/12 9:51:35,0.00,0.00,20.00,928.51,17.77,72.93,78.09,112,0.00,0.00,0.00,361132
2022/10/12 9:52:35,0.00,0.00,20.00,928.74,17.77,72.92,74.05,110,0.00,0.00,0.00,421346
2022/10/12 9:53:35,0.00,0.00,20.00,928.76,17.77,72.91,71.75,110,0.00,0.00,0.00,481558
2022/10/12 9:54:36,0.00,0.00,20.00,928.85,17.77,72.89,77.52,112,0.00,0.00,0.00,541833
2022/10/12 9:55:36,0.00,0.00,20.00,928.69,17.77,72.88,60.55,105,0.00,0.00,0.00,602168
2022/10/12 9:56:37,0.00,0.00,20.00,928.60,17.77,72.88,82.15,114,0.00,0.00,0.00,662484
2022/10/12 9:57:37,0.00,0.00,20.00,928.24,17.78,72.88,82.85,114,0.00,0.00,0.00,722820
2022/10/12 9:58:37,0.00,0.00,20.00,928.62,17.78,72.89,46.96,99,0.00,0.00,0.00,783132
2022/10/12 9:59:38,0.00,0.00,20.00,928.44,17.78,72.85,62.89,106,0.00,0.00,0.00,843470
2022/10/12 10:0:38,0.00,0.00,20.00,928.69,17.78,72.87,76.67,111,0.00,0.00,0.00,903784
2022/10/12 10:1:39,0.00,0.00,20.00,928.69,17.78,72.88,77.68,112,0.00,0.00,0.00,964121
2022/10/12 10:2:39,0.00,0.00,20.00,928.71,17.78,72.88,64.96,106,0.00,0.00,0.00,1024438
2022/10/12 10:3:40,0.00,0.00,20.00,928.62,17.78,72.86,77.92,112,0.00,0.00,0.00,1084771
2022/10/12 10:4:40,0.00,0.00,20.00,928.53,17.78,72.87,54.43,102,0.00,0.00,0.00,1145088
2022/10/12 10:5:41,0.00,0.00,20.00,928.80,17.78,72.93,68.63,108,0.00,0.00,0.00,1205423
2022/10/12 10:6:41,0.00,0.00,20.00,928.83,17.78,72.93,84.10,114,0.00,0.00,0.00,1265736
2022/10/12 10:7:42,0.00,0.00,20.00,928.60,17.78,72.98,64.44,106,0.00,0.00,0.00,1326074
2022/10/12 10:8:42,0.00,0.00,20.00,928.13,17.78,72.98,76.47,111,0.00,0.00,0.00,1386387
2022/10/12 10:9:43,0.00,0.00,20.00,928.33,17.78,72.96,80.91,113,0.00,0.00,0.00,1446724
2022/10/12 10:10:43,0.00,0.00,20.00,928.42,17.78,72.96,65.00,106,0.00,0.00,0.00,1507042
2022/10/12 10:11:44,0.00,0.00,20.00,928.49,17.78,73.01,83.11,114,0.00,0.00,0.00,1567375
2022/10/12 10:12:44,0.00,0.00,20.00,928.44,17.79,73.06,65.20,106,0.00,0.00,0.00,1627693
2022/10/12 10:13:44,0.00,0.00,20.00,928.62,17.79,73.15,81.15,113,0.00,0.00,0.00,1688027
2022/10/12 10:14:45,0.00,0.00,20.00,928.56,17.79,73.21,78.72,112,0.00,0.00,0.00,1748341
2022/10/12 10:15:45,0.00,0.00,20.00,928.69,17.79,73.21,68.33,108,0.00,0.00,0.00,1808678
2022/10/12 10:16:46,0.00,0.00,20.00,928.58,17.79,73.29,75.53,111,0.00,0.00,0.00,1868991
2022/10/12 10:17:46,0.00,0.00,20.00,928.80,17.79,73.32,77.57,112,0.00,0.00,0.00,1929328
2022/10/12 10:18:47,0.00,0.00,20.00,928.11,17.79,73.30,64.31,107,0.00,0.00,0.00,1989645
2022/10/12 10:19:47,0.00,0.00,20.00,928.29,17.79,73.29,70.95,110,0.00,0.00,0.00,2049979
2022/10/12 10:20:48,0.00,0.00,20.00,928.42,17.79,73.33,74.84,111,0.00,0.00,0.00,2110296
2022/10/12 10:21:48,0.00,0.00,20.00,928.56,17.79,73.36,68.72,108,0.00,0.00,0.00,2170630
2022/10/12 10:22:49,0.00,0.00,20.00,928.58,17.79,73.35,70.03,110,0.00,0.00,0.00,2230944
2022/10/12 10:23:49,0.00,0.00,20.00,928.60,17.79,73.33,86.76,116,0.00,0.00,0.00,2291281
2022/10/12 10:25:50,0.00,0.00,20.00,928.67,17.79,73.36,63.21,106,0.00,0.00,0.00,2411931
2022/10/12 10:26:50,0.00,0.00,20.00,928.83,17.79,73.38,90.02,118,0.00,0.00,0.00,2472248
2022/10/12 10:27:51,0.00,0.00,20.00,928.67,17.79,73.40,75.12,112,0.00,0.00,0.00,2532582
2022/10/12 10:28:51,0.00,0.00,20.00,928.38,17.80,73.58,87.99,117,0.00,0.00,0.00,2592899
2022/10/12 10:29:52,0.00,0.00,20.00,928.04,17.80,73.71,87.24,117,0.00,0.00,0.00,2653235
2022/10/12 10:30:52,0.00,0.00,20.00,928.08,17.80,73.71,70.93,111,0.00,0.00,0.00,2713547
2022/10/12 10:31:53,0.00,0.00,20.00,928.31,17.80,73.77,65.46,108,0.00,0.00,0.00,2773884
2022/10/12 10:32:53,0.00,0.00,20.00,928.33,17.81,73.71,68.70,109,0.02,0.00,0.00,2834199
2022/10/12 10:33:54,0.00,0.00,20.00,928.33,17.81,73.83,74.16,112,0.00,0.00,0.00,2894534
2022/10/12 10:35:55,0.00,0.00,20.00,928.33,17.81,73.91,83.62,116,0.00,0.00,0.00,3015185
2022/10/12 10:36:55,0.00,0.00,20.00,928.60,17.82,73.93,51.55,102,0.00,0.00,0.00,3075502
2022/10/12 10:37:56,0.00,0.00,20.00,928.71,17.82,73.95,76.08,113,0.00,0.00,0.00,3135839
2022/10/12 10:38:56,0.00,0.00,20.00,928.62,17.82,73.92,73.37,111,0.00,0.00,0.00,3196150
2022/10/12 10:39:56,0.00,0.00,20.00,927.97,17.82,73.91,107.77,127,0.00,0.00,0.00,3256489
2022/10/12 10:40:57,0.00,0.00,20.00,928.11,17.82,74.00,87.39,118,0.00,0.00,0.00,3316802
2022/10/12 10:41:57,0.00,0.00,20.00,928.26,17.82,73.95,79.09,114,0.00,0.00,0.00,3377138
2022/10/12 10:42:58,0.00,0.00,20.00,928.38,17.82,73.88,88.86,118,0.00,0.00,0.00,3437456
2022/10/12 10:43:58,0.00,0.00,20.00,928.47,17.82,73.89,49.34,104,0.00,0.00,0.00,3497791
2022/10/12 10:44:59,0.00,0.00,20.00,928.40,17.82,73.84,29.27,92,0.00,0.00,0.00,3558106
2022/10/12 10:46:41,0.00,0.00,20.00,928.27,17.82,73.83,67.39,108,0.00,0.00,0.00,60017
2022/10/12 10:47:41,0.00,0.00,20.00,928.38,17.82,73.82,67.80,109,0.00,0.00,0.00,120233
2022/10/12 10:48:42,0.00,0.00,20.00,928.47,17.82,73.81,108.39,128,0.00,0.00,0.00,180450
2022/10/12 10:49:42,0.00,0.00,20.00,928.49,17.81,73.79,81.21,114,0.00,0.00,0.00,240712
2022/10/12 10:50:42,0.00,0.00,20.00,928.67,17.82,73.75,52.90,103,0.00,0.00,0.00,300928
2022/10/12 10:51:43,0.00,0.00,20.00,928.47,17.81,73.77,84.45,117,0.00,0.00,0.00,361143
2022/10/12 10:52:43,0.00,0.00,20.00,928.58,17.81,73.73,73.11,112,0.00,0.00,0.00,421357
2022/10/12 10:53:43,0.00,0.00,20.00,928.74,17.81,73.72,73.20,112,0.00,0.00,0.00,481572
2022/10/12 10:54:44,0.00,0.00,20.00,928.74,17.81,73.68,77.33,113,0.00,0.00,0.00,541837
2022/10/12 10:55:44,0.00,0.00,20.00,928.60,17.81,73.65,67.85,109,0.00,0.00,0.00,602171
2022/10/12 10:56:45,0.00,0.00,20.00,928.65,17.81,73.56,75.03,112,0.00,0.00,0.00,662488
2022/10/12 10:57:45,0.00,0.00,20.00,927.97,17.81,73.55,77.67,113,0.00,0.00,0.00,722822
2022/10/12 10:58:46,0.00,0.00,20.00,928.13,17.81,73.54,78.79,114,0.00,0.00,0.00,783136
2022/10/12 10:59:46,0.00,0.00,20.00,928.26,17.80,73.47,74.07,112,0.00,0.00,0.00,843473
2022/10/12 11:0:47,0.00,0.00,20.00,928.53,17.80,73.47,69.68,110,0.00,0.00,0.00,903787
2022/10/12 11:1:47,0.00,0.00,20.00,928.13,17.80,73.43,64.55,107,0.00,0.00,0.00,964122
2022/10/12 11:2:48,0.00,0.00,20.00,928.49,17.80,73.41,76.10,113,0.00,0.00,0.00,1024439
2022/10/12 11:3:48,0.00,0.00,20.00,928.44,17.80,73.38,74.20,111,0.00,0.00,0.00,1084773
2022/10/12 11:4:48,0.00,0.00,20.00,928.51,17.80,73.37,65.57,108,0.00,0.00,0.00,1145090
2022/10/12 11:5:49,0.00,0.00,20.00,928.47,17.80,73.38,79.16,114,0.00,0.00,0.00,1205426
2022/10/12 11:6:49,0.00,0.00,20.00,928.62,17.80,73.36,66.47,108,0.00,0.00,0.00,1265738
2022/10/12 11:7:50,0.00,0.00,20.00,928.67,17.80,73.34,66.66,108,0.00,0.00,0.00,1326075
2022/10/12 11:8:50,0.00,0.00,20.00,928.08,17.80,73.29,75.55,112,0.00,0.00,0.00,1386390
2022/10/12 11:9:51,0.00,0.00,20.00,928.17,17.80,73.29,70.90,111,0.00,0.00,0.00,1446725
2022/10/12 11:10:51,0.00,0.00,20.00,928.22,17.80,73.28,68.96,109,0.00,0.00,0.00,1507044
2022/10/12 11:11:52,0.00,0.00,20.00,928.42,17.80,73.22,69.83,109,0.00,0.00,0.00,1567377
2022/10/12 11:12:52,0.00,0.00,20.00,928.29,17.80,73.21,77.17,113,0.00,0.00,0.00,1627694
2022/10/12 11:13:53,0.00,0.00,20.00,928.35,17.79,73.20,67.32,109,0.00,0.00,0.00,1688030
2022/10/12 11:14:53,0.00,0.00,20.00,928.62,17.79,73.20,77.09,112,0.00,0.00,0.00,1748342
2022/10/12 11:15:54,0.00,0.00,20.00,928.51,17.79,73.18,67.37,108,0.00,0.00,0.00,1808680
2022/10/12 11:16:54,0.00,0.00,20.00,928.38,17.79,73.15,71.32,110,0.00,0.00,0.00,1868994
2022/10/12 11:17:54,0.00,0.00,20.00,928.38,17.79,73.16,78.31,114,0.00,0.00,0.00,1929330
2022/10/12 11:18:55,0.00,0.00,20.00,927.97,17.79,73.16,66.21,108,0.00,0.00,0.00,1989647
2022/10/12 11:19:55,0.00,0.00,20.00,928.04,17.79,73.12,71.28,109,0.00,0.00,0.00,2049980
2022/10/12 11:20:56,0.00,0.00,20.00,928.11,17.79,73.11,59.94,103,0.00,0.00,0.00,2110297
2022/10/12 11:21:56,0.00,0.00,20.00,928.24,17.79,73.09,65.33,109,0.00,0.00,0.00,2170633
2022/10/12 11:22:57,0.00,0.00,20.00,928.49,17.79,73.09,57.54,104,0.00,0.00,0.00,2230947
2022/10/12 11:23:57,0.00,0.00,20.00,928.40,17.79,73.09,69.88,110,0.00,0.00,0.00,2291283
2022/10/12 11:24:58,0.00,0.00,20.00,928.53,17.79,73.06,61.58,106,0.00,0.00,0.00,2351599
2022/10/12 11:25:58,0.00,0.00,20.00,928.49,17.79,73.04,83.70,115,0.00,0.00,0.00,2411933
2022/10/12 11:26:59,0.00,0.00,20.00,928.47,17.79,73.01,71.91,110,0.00,0.00,0.00,2472250
2022/10/12 11:27:59,0.00,0.00,20.00,928.33,17.79,72.99,70.01,108,0.00,0.00,0.00,2532585
2022/10/12 11:29:0,0.00,0.00,20.00,928.38,17.79,72.99,59.91,105,0.00,0.00,0.00,2592899
2022/10/12 11:30:0,0.00,0.00,20.00,927.95,17.79,72.98,83.22,115,0.00,0.00,0.00,2653235
2022/10/12 11:31:0,0.00,0.00,20.00,928.06,17.79,72.95,68.74,109,0.00,0.00,0.00,2713549
2022/10/12 11:32:1,0.00,0.00,20.00,928.08,17.79,72.96,76.76,112,0.00,0.00,0.00,2773885
2022/10/12 11:33:1,0.00,0.00,20.00,928.20,17.79,72.94,67.89,109,0.00,0.00,0.00,2834201
2022/10/12 11:34:2,0.00,0.00,20.00,928.13,17.79,72.91,78.83,114,0.00,0.00,0.00,2894535
2022/10/12 11:35:2,0.00,0.00,20.00,928.35,17.79,72.90,66.07,108,0.00,0.00,0.00,2954852
2022/10/12 11:36:3,0.00,0.00,20.00,928.17,17.79,72.88,76.12,112,0.00,0.00,0.00,3015187
2022/10/12 11:37:3,0.00,0.00,20.00,928.15,17.79,72.86,70.20,109,0.00,0.00,0.00,3075502
2022/10/12 11:38:4,0.00,0.00,20.00,928.40,17.79,72.85,64.57,107,0.00,0.00,0.00,3135839
2022/10/12 11:39:4,0.00,0.00,20.00,928.35,17.79,72.85,63.63,107,0.00,0.00,0.00,3196152
2022/10/12 11:40:5,0.00,0.00,20.00,927.86,17.79,72.83,85.14,115,0.00,0.00,0.00,3256488
2022/10/12 11:41:5,0.00,0.00,20.00,928.02,17.79,72.81,65.94,108,0.00,0.00,0.00,3316804
2022/10/12 11:42:6,0.00,0.00,20.00,928.22,17.79,72.78,56.71,103,0.00,0.00,0.00,3377138
2022/10/12 11:43:6,0.00,0.00,20.00,928.15,17.79,72.78,84.80,116,0.00,0.00,0.00,3437455
2022/10/12 11:44:6,0.00,0.00,20.00,928.22,17.78,72.77,62.54,107,0.00,0.00,0.00,3497790
2022/10/12 11:45:7,0.00,0.00,20.00,928.26,17.78,72.76,62.40,106,0.00,0.00,0.00,3558106
2022/10/12 11:46:49,0.00,0.00,20.00,927.95,17.78,72.74,69.87,110,0.00,0.00,0.00,60017
2022/10/12 11:47:49,0.00,0.00,20.00,928.06,17.78,72.74,72.28,111,0.00,0.00,0.00,120233
2022/10/12 11:48:50,0.00,0.00,20.00,928.17,17.78,72.70,68.17,108,0.00,0.00,0.00,180448
2022/10/12 11:49:50,0.00,0.00,20.00,928.26,17.78,72.69,80.56,114,0.00,0.00,0.00,240661
2022/10/12 11:50:51,0.00,0.00,20.00,928.17,17.78,72.68,61.71,106,0.00,0.00,0.00,300922
2022/10/12 11:51:51,0.00,0.00,20.00,928.26,17.78,72.67,77.78,113,0.00,0.00,0.00,361137
2022/10/12 11:52:51,0.00,0.00,20.00,928.29,17.78,72.65,70.23,109,0.00,0.00,0.00,421350
2022/10/12 11:53:52,0.00,0.00,20.00,928.31,17.78,72.66,72.06,110,0.00,0.00,0.00,481565
2022/10/12 11:54:52,0.00,0.00,20.00,928.44,17.78,72.64,71.93,110,0.00,0.00,0.00,541837
2022/10/12 11:55:52,0.00,0.00,20.00,928.17,17.78,72.61,33.01,91,0.00,0.00,0.00,602170
2022/10/12 11:56:53,0.00,0.00,20.00,928.11,17.79,72.62,75.03,111,0.00,0.00,0.00,662488
2022/10/12 11:57:53,0.00,0.00,20.00,927.70,17.78,72.61,89.62,118,0.00,0.00,0.00,722822
2022/10/12 11:58:54,0.00,0.00,20.00,927.90,17.79,72.60,94.69,120,0.00,0.00,0.00,783136
2022/10/12 11:59:54,0.00,0.00,20.00,928.17,17.78,72.58,51.70,101,0.00,0.00,0.00,843473
2022/10/12 12:0:55,0.00,0.00,20.00,928.08,17.78,72.56,16.75,83,0.00,0.00,0.00,903786
2022/10/12 12:1:55,0.00,0.00,20.00,928.04,17.78,72.55,90.02,117,0.00,0.00,0.00,964122
2022/10/12 12:2:56,0.00,0.00,20.00,928.13,17.78,72.55,61.58,104,0.00,0.00,0.00,1024439
2022/10/12 12:3:56,0.00,0.00,20.00,928.42,17.78,72.55,91.85,118,0.00,0.00,0.00,1084773
2022/10/12 12:4:57,0.00,0.00,20.00,928.31,17.78,72.53,55.63,102,0.00,0.00,0.00,1145090
2022/10/12 12:5:57,0.00,0.00,20.00,928.33,17.78,72.53,73.79,110,0.00,0.00,0.00,1205426
2022/10/12 12:6:58,0.00,0.00,20.00,928.33,17.78,72.53,66.38,107,0.00,0.00,0.00,1265738
2022/10/12 12:7:58,0.00,0.00,20.00,928.49,17.78,72.52,82.33,114,0.00,0.00,0.00,1326076
2022/10/12 12:8:58,0.00,0.00,20.00,927.79,17.78,72.52,73.00,110,0.00,0.00,0.00,1386390
2022/10/12 12:9:59,0.00,0.00,20.00,928.15,17.78,72.52,67.36,107,0.00,0.00,0.00,1446725
2022/10/12 12:10:59,0.00,0.00,20.00,928.13,17.78,72.50,75.51,111,0.00,0.00,0.00,1507044
2022/10/12 12:12:0,0.00,0.00,20.00,928.06,17.78,72.49,68.30,108,0.00,0.00,0.00,1567376
2022/10/12 12:13:0,0.00,0.00,20.00,928.33,17.78,72.49,67.50,108,0.00,0.00,0.00,1627693
2022/10/12 12:14:1,0.00,0.00,20.00,928.31,17.78,72.47,75.20,110,0.00,0.00,0.00,1688029
2022/10/12 12:15:1,0.00,0.00,20.00,928.33,17.78,72.44,72.32,110,0.00,0.00,0.00,1748341
2022/10/12 12:16:2,0.00,0.00,20.00,928.31,17.78,72.44,64.09,106,0.00,0.00,0.00,1808679
2022/10/12 12:17:2,0.00,0.00,20.00,928.26,17.78,72.42,72.30,110,0.00,0.00,0.00,1868993
2022/10/12 12:18:3,0.00,0.00,20.00,928.24,17.78,72.42,76.84,111,0.00,0.00,0.00,1929329
2022/10/12 12:19:3,0.00,0.00,20.00,927.65,17.78,72.42,62.16,105,0.00,0.00,0.00,1989646
2022/10/12 12:20:4,0.00,0.00,20.00,927.88,17.78,72.42,77.21,112,0.00,0.00,0.00,2049979
2022/10/12 12:21:4,0.00,0.00,20.00,927.95,17.78,72.41,62.06,104,0.00,0.00,0.00,2110296
2022/10/12 12:22:4,0.00,0.00,20.00,927.97,17.78,72.40,74.38,110,0.00,0.00,0.00,2170632
2022/10/12 12:23:5,0.00,0.00,20.00,928.15,17.78,72.40,67.43,108,0.00,0.00,0.00,2230946
2022/10/12 12:24:5,0.00,0.00,20.00,928.04,17.78,72.40,74.18,110,0.00,0.00,0.00,2291282
2022/10/12 12:25:6,0.00,0.00,20.00,928.24,17.77,72.38,62.71,105,0.00,0.00,0.00,2351596
2022/10/12 12:26:6,0.00,0.00,20.00,928.38,17.77,72.39,78.57,112,0.00,0.00,0.00,2411932
2022/10/12 12:27:7,0.00,0.00,20.00,928.40,17.77,72.37,60.09,104,0.00,0.00,0.00,2472249
2022/10/12 12:28:7,0.00,0.00,20.00,928.26,17.77,72.37,66.84,108,0.00,0.00,0.00,2532584
2022/10/12 12:29:8,0.00,0.00,20.00,928.13,17.77,72.37,122.24,129,0.00,0.00,0.00,2592900
2022/10/12 12:30:8,0.00,0.00,20.00,927.88,17.77,72.37,58.85,105,0.00,0.00,0.00,2653235
2022/10/12 12:31:9,0.00,0.00,20.00,928.04,17.77,72.37,71.69,109,0.00,0.00,0.00,2713549
2022/10/12 12:32:9,0.00,0.00,20.00,927.97,17.77,72.35,70.88,109,0.00,0.00,0.00,2773885
2022/10/12 12:33:10,0.00,0.00,20.00,928.44,17.77,72.36,81.72,113,0.00,0.00,0.00,2834202
2022/10/12 12:34:10,0.00,0.00,20.00,928.17,17.77,72.35,48.93,100,0.00,0.00,0.00,2894536
2022/10/12 12:35:10,0.00,0.00,20.00,928.42,17.77,72.35,79.81,113,0.00,0.00,0.00,2954853
2022/10/12 12:36:11,0.00,0.00,20.00,928.44,17.77,72.33,68.76,107,0.00,0.00,0.00,3015188
2022/10/12 12:37:11,0.00,0.00,20.00,928.53,17.77,72.34,65.29,106,0.00,0.00,0.00,3075503
2022/10/12 12:38:12,0.00,0.00,20.00,928.49,17.77,72.31,56.23,101,0.00,0.00,0.00,3135840
2022/10/12 12:39:12,0.00,0.00,20.00,928.13,17.77,72.30,81.59,114,0.00,0.00,0.00,3196153
2022/10/12 12:40:13,0.00,0.00,20.00,927.90,17.77,72.31,63.67,106,0.00,0.00,0.00,3256489
2022/10/12 12:41:13,0.00,0.00,20.00,927.99,17.77,72.29,80.64,112,0.00,0.00,0.00,3316805
2022/10/12 12:42:14,0.00,0.00,20.00,928.01,17.77,72.30,56.07,101,0.00,0.00,0.00,3377139
2022/10/12 12:43:14,0.00,0.00,20.00,928.15,17.77,72.31,81.45,113,0.00,0.00,0.00,3437456
2022/10/12 12:44:15,0.00,0.00,20.00,928.06,17.77,72.31,74.42,110,0.00,0.00,0.00,3497791
2022/10/12 12:45:15,0.00,0.00,20.00,928.20,17.77,72.29,75.43,110,0.00,0.00,0.00,3558107
2022/10/12 12:46:57,0.00,0.00,20.00,928.07,17.77,72.29,80.87,112,0.00,0.00,0.00,60017
2022/10/12 12:47:58,0.00,0.00,20.00,927.92,17.77,72.28,80.71,112,0.00,0.00,0.00,120233
2022/10/12 12:48:58,0.00,0.00,20.00,928.06,17.76,72.28,71.14,109,0.00,0.00,0.00,180449
2022/10/12 12:49:58,0.00,0.00,20.00,927.99,17.76,72.28,84.75,115,0.00,0.00,0.00,240663
2022/10/12 12:50:59,0.00,0.00,20.00,928.04,17.76,72.26,65.20,106,0.00,0.00,0.00,300926
2022/10/12 12:51:59,0.00,0.00,20.00,928.22,17.76,72.26,68.24,108,0.00,0.00,0.00,361142
2022/10/12 12:52:59,0.00,0.00,20.00,928.22,17.76,72.25,75.56,112,0.00,0.00,0.00,421355
2022/10/12 12:54:0,0.00,0.00,20.00,928.40,17.76,72.26,108.82,126,0.00,0.00,0.00,481569
2022/10/12 12:55:0,0.00,0.00,20.00,928.42,17.76,72.24,88.84,117,0.00,0.00,0.00,541836
2022/10/12 12:56:1,0.00,0.00,20.00,928.40,17.76,72.22,74.07,111,0.00,0.00,0.00,602170
2022/10/12 12:57:1,0.00,0.00,20.00,928.31,17.76,72.21,73.89,110,0.00,0.00,0.00,662487
2022/10/12 12:58:2,0.00,0.00,20.00,927.81,17.76,72.20,94.10,118,0.00,0.00,0.00,722821
2022/10/12 12:59:2,0.00,0.00,20.00,927.95,17.76,72.20,48.93,100,0.00,0.00,0.00,783135
2022/10/12 13:0:3,0.00,0.00,20.00,928.02,17.76,72.19,70.75,108,0.00,0.00,0.00,843471
2022/10/12 13:1:3,0.00,0.00,20.00,927.99,17.76,72.20,68.22,107,0.00,0.00,0.00,903786
2022/10/12 13:2:3,0.00,0.00,20.00,928.06,17.76,72.18,76.56,110,0.00,0.00,0.00,964121
2022/10/12 13:3:4,0.00,0.00,20.00,928.13,17.76,72.16,60.85,104,0.00,0.00,0.00,1024438
2022/10/12 13:4:4,0.00,0.00,20.00,928.24,17.76,72.17,96.00,119,0.00,0.00,0.00,1084772
2022/10/12 13:5:5,0.00,0.00,20.00,928.33,17.75,72.17,63.87,105,0.00,0.00,0.00,1145090
2022/10/12 13:6:5,0.00,0.00,20.00,928.51,17.75,72.16,71.71,110,0.00,0.00,0.00,1205426
2022/10/12 13:7:6,0.00,0.00,20.00,928.11,17.75,72.14,72.91,108,0.00,0.00,0.00,1265740
2022/10/12 13:8:6,0.00,0.00,20.00,928.26,17.75,72.14,71.06,109,0.00,0.00,0.00,1326076
2022/10/12 13:9:7,0.00,0.00,20.00,927.65,17.75,72.13,79.71,113,0.00,0.00,0.00,1386392
2022/10/12 13:10:7,0.00,0.00,20.00,927.86,17.75,72.13,92.13,117,0.00,0.00,0.00,1446727
2022/10/12 13:11:8,0.00,0.00,20.00,927.92,17.75,72.12,78.24,111,0.00,0.00,0.00,1507044
2022/10/12 13:12:8,0.00,0.00,20.00,927.86,17.75,72.10,49.04,98,0.00,0.00,0.00,1567378
2022/10/12 13:13:9,0.00,0.00,20.00,927.97,17.76,72.10,67.47,106,0.00,0.00,0.00,1627694
2022/10/12 13:14:9,0.00,0.00,20.00,927.99,17.76,72.09,83.20,114,0.00,0.00,0.00,1688031
2022/10/12 13:15:9,0.00,0.00,20.00,928.17,17.76,72.07,79.33,113,0.00,0.00,0.00,1748344
2022/10/12 13:16:10,0.00,0.00,20.00,927.74,17.76,72.06,61.07,105,0.00,0.00,0.00,1808681
2022/10/12 13:17:10,0.00,0.00,20.00,928.04,17.76,72.07,82.70,113,0.00,0.00,0.00,1868997
2022/10/12 13:18:11,0.00,0.00,20.00,927.99,17.76,72.05,71.69,108,0.00,0.00,0.00,1929334
2022/10/12 13:19:11,0.00,0.00,20.00,927.81,17.76,72.05,79.27,112,0.00,0.00,0.00,1989649
2022/10/12 13:20:12,0.00,0.00,20.00,927.86,17.76,72.04,85.36,115,0.00,0.00,0.00,2049986
2022/10/12 13:21:12,0.00,0.00,20.00,928.06,17.75,72.04,53.08,99,0.00,0.00,0.00,2110299
2022/10/12 13:22:13,0.00,0.00,20.00,927.90,17.75,72.03,60.53,102,0.00,0.00,0.00,2170636
2022/10/12 13:23:13,0.00,0.00,20.00,927.95,17.75,72.02,76.19,109,0.00,0.00,0.00,2230951
2022/10/12 13:24:14,0.00,0.00,20.00,928.22,17.75,72.02,66.97,106,0.00,0.00,0.00,2291287
2022/10/12 13:25:14,0.00,0.00,20.00,927.97,17.75,72.02,52.25,100,0.00,0.00,0.00,2351602
2022/10/12 13:26:15,0.00,0.00,20.00,927.77,17.75,72.01,79.73,111,0.00,0.00,0.00,2411937
2022/10/12 13:27:15,0.00,0.00,20.00,928.15,17.75,72.02,72.00,108,0.00,0.00,0.00,2472252
2022/10/12 13:28:15,0.00,0.00,20.00,927.92,17.75,72.00,61.23,104,0.00,0.00,0.00,2532589
2022/10/12 13:29:16,0.00,0.00,20.00,928.11,17.75,72.00,69.64,108,0.00,0.00,0.00,2592905
2022/10/12 13:30:16,0.00,0.00,20.00,927.77,17.75,72.00,73.61,109,0.00,0.00,0.00,2653239
2022/10/12 13:31:17,0.00,0.00,20.00,927.65,17.75,71.99,57.49,101,0.00,0.00,0.00,2713554
2022/10/12 13:32:17,0.00,0.00,20.00,927.86,17.75,71.99,90.60,115,0.00,0.00,0.00,2773890
2022/10/12 13:33:18,0.00,0.00,20.00,928.06,17.75,71.99,64.15,104,0.00,0.00,0.00,2834205
2022/10/12 13:34:18,0.00,0.00,20.00,927.97,17.75,71.99,72.45,109,0.00,0.00,0.00,2894542
2022/10/12 13:35:19,0.00,0.00,20.00,927.90,17.75,71.99,79.68,110,0.00,0.00,0.00,2954855
2022/10/12 13:36:19,0.00,0.00,20.00,928.01,17.75,71.98,52.42,101,0.00,0.00,0.00,3015192
2022/10/12 13:37:20,0.00,0.00,20.00,928.17,17.75,71.98,66.75,108,0.00,0.00,0.00,3075508
2022/10/12 13:38:20,0.00,0.00,20.00,928.04,17.75,71.97,83.77,114,0.00,0.00,0.00,3135842
2022/10/12 13:39:21,0.00,0.00,20.00,927.99,17.75,71.95,45.00,99,0.00,0.00,0.00,3196158
2022/10/12 13:40:21,0.00,0.00,20.00,927.70,17.75,71.94,75.25,109,0.00,0.00,0.00,3256493
2022/10/12 13:41:21,0.00,0.00,20.00,927.81,17.75,71.94,75.79,109,0.00,0.00,0.00,3316808
2022/10/12 13:42:22,0.00,0.00,20.00,927.90,17.75,71.93,60.29,104,0.00,0.00,0.00,3377145
2022/10/12 13:43:22,0.00,0.00,20.00,927.83,17.75,71.93,74.22,110,0.00,0.00,0.00,3437458
2022/10/12 13:44:23,0.00,0.00,20.00,927.99,17.75,71.92,55.20,101,0.00,0.00,0.00,3497796
2022/10/12 13:47:5,0.00,0.00,20.00,927.75,17.74,71.91,82.77,112,0.00,0.00,0.00,60016
2022/10/12 13:48:6,0.00,0.00,20.00,927.88,17.74,71.89,80.16,112,0.00,0.00,0.00,120231
2022/10/12 13:49:6,0.00,0.00,20.00,927.74,17.74,71.89,37.55,95,0.00,0.00,0.00,180444
2022/10/12 13:50:6,0.00,0.00,20.00,927.99,17.74,71.89,62.65,106,0.00,0.00,0.00,240656
2022/10/12 13:51:7,0.00,0.00,20.00,927.83,17.74,71.88,65.94,106,0.00,0.00,0.00,300916
2022/10/12 13:52:7,0.00,0.00,20.00,927.92,17.74,71.88,91.83,117,0.00,0.00,0.00,361129
2022/10/12 13:53:8,0.00,0.00,20.00,928.04,17.74,71.87,31.61,90,0.00,0.00,0.00,421342
2022/10/12 13:54:8,0.00,0.00,20.00,927.74,17.74,71.88,105.76,122,0.00,0.00,0.00,481555
2022/10/12 13:55:8,0.00,0.00,20.00,927.97,17.74,71.86,50.94,99,0.00,0.00,0.00,541832
2022/10/12 13:56:9,0.00,0.00,20.00,927.86,17.74,71.87,61.40,104,0.00,0.00,0.00,602168
2022/10/12 13:57:9,0.00,0.00,20.00,927.74,17.74,71.86,71.62,108,0.00,0.00,0.00,662484
2022/10/12 13:58:10,0.00,0.00,20.00,927.45,17.74,71.87,81.36,113,0.00,0.00,0.00,722821
2022/10/12 13:59:10,0.00,0.00,20.00,927.68,17.74,71.87,68.83,108,0.00,0.00,0.00,783134
2022/10/12 14:0:11,0.00,0.00,20.00,927.77,17.74,71.85,70.82,108,0.00,0.00,0.00,843470
2022/10/12 14:1:11,0.00,0.00,20.00,927.74,17.75,71.85,72.45,108,0.00,0.00,0.00,903784
2022/10/12 14:2:12,0.00,0.00,20.00,927.68,17.75,71.83,78.33,111,0.00,0.00,0.00,964121
2022/10/12 14:3:12,0.00,0.00,20.00,927.70,17.74,71.83,79.34,112,0.00,0.00,0.00,1024439
2022/10/12 14:4:13,0.00,0.00,20.00,927.81,17.74,71.85,70.36,108,0.00,0.00,0.00,1084773
2022/10/12 14:5:13,0.00,0.00,20.00,927.83,17.74,71.85,68.89,107,0.00,0.00,0.00,1145090
2022/10/12 14:6:13,0.00,0.00,20.00,927.81,17.74,71.84,76.19,110,0.00,0.00,0.00,1205426
2022/10/12 14:7:14,0.00,0.00,20.00,927.72,17.74,71.85,66.67,106,0.00,0.00,0.00,1265738
2022/10/12 14:8:14,0.00,0.00,20.00,927.86,17.74,71.84,70.93,107,0.00,0.00,0.00,1326075
2022/10/12 14:9:15,0.00,0.00,20.00,927.61,17.74,71.83,65.84,106,0.00,0.00,0.00,1386390
2022/10/12 14:10:15,0.00,0.00,20.00,927.56,17.74,71.83,71.78,108,0.00,0.00,0.00,1446726
2022/10/12 14:11:16,0.00,0.00,20.00,927.81,17.74,71.84,77.81,111,0.00,0.00,0.00,1507044
2022/10/12 14:12:16,0.00,0.00,20.00,927.79,17.74,71.83,72.48,108,0.00,0.00,0.00,1567377
2022/10/12 14:13:17,0.00,0.00,20.00,927.59,17.74,71.84,65.07,105,0.00,0.00,0.00,1627694
2022/10/12 14:14:17,0.00,0.00,20.00,927.70,17.74,71.83,73.87,109,0.00,0.00,0.00,1688030
2022/10/12 14:15:18,0.00,0.00,20.00,927.56,17.74,71.83,70.62,108,0.00,0.00,0.00,1748342
2022/10/12 14:16:18,0.00,0.00,20.00,927.74,17.74,71.83,76.15,110,0.00,0.00,0.00,1808680
2022/10/12 14:17:19,0.00,0.00,20.00,927.95,17.74,71.83,71.52,108,0.00,0.00,0.00,1868994
2022/10/12 14:18:19,0.00,0.00,20.00,927.74,17.74,71.84,70.84,108,0.00,0.00,0.00,1929330
2022/10/12 14:19:19,0.00,0.00,20.00,927.61,17.74,71.84,64.79,105,0.00,0.00,0.00,1989647
2022/10/12 14:20:20,0.00,0.00,20.00,927.36,17.74,71.83,71.54,108,0.00,0.00,0.00,2049980
2022/10/12 14:21:20,0.00,0.00,20.00,927.59,17.74,71.82,78.64,111,0.00,0.00,0.00,2110297
2022/10/12 14:22:21,0.00,0.00,20.00,927.45,17.74,71.83,63.23,104,0.00,0.00,0.00,2170633
2022/10/12 14:23:21,0.00,0.00,20.00,927.47,17.74,71.83,72.47,109,0.00,0.00,0.00,2230947
2022/10/12 14:24:22,0.00,0.00,20.00,927.56,17.74,71.83,67.80,107,0.00,0.00,0.00,2291283
2022/10/12 14:25:22,0.00,0.00,20.00,927.74,17.74,71.84,76.39,110,0.00,0.00,0.00,2351597
2022/10/12 14:26:23,0.00,0.00,20.00,927.56,17.74,71.82,76.04,110,0.00,0.00,0.00,2411933
2022/10/12 14:27:23,0.00,0.00,20.00,927.68,17.74,71.82,65.31,105,0.00,0.00,0.00,2472250
2022/10/12 14:28:24,0.00,0.00,20.00,927.43,17.74,71.83,80.71,112,0.00,0.00,0.00,2532585
2022/10/12 14:29:24,0.00,0.00,20.00,927.54,17.74,71.83,68.37,107,0.00,0.00,0.00,2592900
2022/10/12 14:30:25,0.00,0.00,20.00,927.29,17.74,71.84,106.29,123,0.00,0.00,0.00,2653237
2022/10/12 14:31:25,0.00,0.00,20.00,927.56,17.74,71.85,64.20,105,0.00,0.00,0.00,2713550
2022/10/12 14:32:25,0.00,0.00,20.00,927.45,17.74,71.84,65.46,105,0.00,0.00,0.00,2773886
2022/10/12 14:33:26,0.00,0.00,20.00,927.54,17.74,71.83,90.71,114,0.00,0.00,0.00,2834202
2022/10/12 14:34:26,0.00,0.00,20.00,927.50,17.74,71.82,102.71,120,0.00,0.00,0.00,2894537
2022/10/12 14:35:27,0.00,0.00,20.00,927.59,17.74,71.82,56.00,101,0.00,0.00,0.00,2954853
2022/10/12 14:36:27,0.00,0.00,20.00,927.52,17.74,71.81,113.87,127,0.00,0.00,0.00,3015189
2022/10/12 14:37:28,0.00,0.00,20.00,927.72,17.74,71.80,68.09,106,0.00,0.00,0.00,3075503
2022/10/12 14:38:28,0.00,0.00,20.00,927.63,17.74,71.79,73.54,109,0.00,0.00,0.00,3135840
2022/10/12 14:39:29,0.00,0.00,20.00,927.52,17.74,71.78,67.04,105,0.00,0.00,0.00,3196153
2022/10/12 14:40:29,0.00,0.00,20.00,927.27,17.75,71.78,79.46,111,0.00,0.00,0.00,3256489
2022/10/12 14:41:30,0.00,0.00,20.00,927.34,17.75,71.78,75.14,110,0.00,0.00,0.00,3316805
2022/10/12 14:42:30,0.00,0.00,20.00,927.45,17.75,71.78,59.35,103,0.02,0.00,0.00,3377140
2022/10/12 14:43:31,0.00,0.00,20.00,927.52,17.75,71.77,78.61,111,0.00,0.00,0.00,3437456
2022/10/12 14:44:31,0.00,0.00,20.00,927.47,17.75,71.78,69.61,107,0.00,0.00,0.00,3497791
2022/10/12 14:45:31,0.00,0.00,20.00,927.54,17.75,71.78,78.44,111,0.00,0.00,0.00,3558107
2022/10/12 14:47:14,0.00,0.00,20.00,927.52,17.74,71.77,64.38,105,0.00,0.00,0.00,60017
2022/10/12 14:48:14,0.00,0.00,20.00,927.50,17.74,71.77,67.65,106,0.00,0.00,0.00,120233
2022/10/12 14:49:14,0.00,0.00,20.00,927.38,17.74,71.76,68.15,106,0.00,0.00,0.00,180449
2022/10/12 14:50:15,0.00,0.00,20.00,927.52,17.74,71.77,71.38,108,0.00,0.00,0.00,240662
2022/10/12 14:51:15,0.00,0.00,20.00,927.54,17.74,71.78,66.77,107,0.00,0.00,0.00,300923
2022/10/12 14:52:15,0.00,0.00,20.00,927.63,17.74,71.76,83.79,113,0.00,0.00,0.00,361138
2022/10/12 14:53:16,0.00,0.00,20.00,927.41,17.74,71.78,74.68,109,0.00,0.00,0.00,421351
2022/10/12 14:54:16,0.00,0.00,20.00,927.34,17.74,71.77,69.31,107,0.00,0.00,0.00,481565
2022/10/12 14:55:17,0.00,0.00,20.00,927.38,17.74,71.77,78.66,111,0.00,0.00,0.00,541837
2022/10/12 14:56:17,0.00,0.00,20.00,927.63,17.74,71.76,66.18,106,0.00,0.00,0.00,602171
2022/10/12 14:57:17,0.00,0.00,20.00,927.43,17.74,71.74,77.11,111,0.00,0.00,0.00,662488
2022/10/12 14:58:18,0.00,0.00,20.00,927.05,17.74,71.74,79.36,111,0.00,0.00,0.00,722822
2022/10/12 14:59:18,0.00,0.00,20.00,927.09,17.74,71.73,77.17,111,0.00,0.00,0.00,783136
2022/10/12 15:0:19,0.00,0.00,20.00,927.16,17.74,71.70,78.61,111,0.00,0.00,0.00,843472
2022/10/12 15:1:19,0.00,0.00,20.00,927.20,17.74,71.73,78.59,110,0.00,0.00,0.00,903787
2022/10/12 15:2:20,0.00,0.00,20.00,927.20,17.74,71.72,82.00,111,0.00,0.00,0.00,964122
2022/10/12 15:3:20,0.00,0.00,20.00,927.27,17.74,71.72,108.78,124,0.00,0.00,0.00,1024440
2022/10/12 15:4:21,0.00,0.00,20.00,927.32,17.74,71.71,67.36,106,0.00,0.00,0.00,1084773
2022/10/12 15:5:21,0.00,0.00,20.00,927.25,17.75,71.70,75.03,110,0.00,0.00,0.00,1145090
2022/10/12 15:6:22,0.00,0.00,20.00,927.38,17.75,71.69,93.73,118,0.00,0.00,0.00,1205426
2022/10/12 15:7:22,0.00,0.00,20.00,927.25,17.75,71.70,63.34,104,0.00,0.00,0.00,1265738
2022/10/12 15:8:23,0.00,0.00,20.00,927.41,17.74,71.69,82.37,112,0.00,0.00,0.00,1326075
2022/10/12 15:9:23,0.00,0.00,20.00,926.75,17.74,71.68,84.77,112,0.00,0.00,0.00,1386390
2022/10/12 15:10:23,0.00,0.00,20.00,926.87,17.74,71.67,70.18,107,0.00,0.00,0.00,1446726
2022/10/12 15:11:24,0.00,0.00,20.00,927.00,17.74,71.68,72.06,108,0.00,0.00,0.00,1507044
2022/10/12 15:12:24,0.00,0.00,20.00,927.27,17.75,71.66,74.05,109,0.00,0.00,0.00,1567377
2022/10/12 15:13:25,0.00,0.00,20.00,927.20,17.75,71.66,70.10,108,0.00,0.00,0.00,1627694
2022/10/12 15:14:25,0.00,0.00,20.00,927.11,17.75,71.65,70.01,107,0.00,0.00,0.00,1688030
2022/10/12 15:15:26,0.00,0.00,20.00,927.36,17.74,71.65,79.34,111,0.00,0.00,0.00,1748342
2022/10/12 15:16:26,0.00,0.00,20.00,927.32,17.74,71.65,65.03,104,0.00,0.00,0.00,1808680
2022/10/12 15:17:27,0.00,0.00,20.00,927.29,17.74,71.64,72.11,108,0.00,0.00,0.00,1868994
2022/10/12 15:18:27,0.00,0.00,20.00,927.23,17.74,71.64,69.53,107,0.00,0.00,0.00,1929330
2022/10/12 15:19:28,0.00,0.00,20.00,926.91,17.74,71.63,82.07,112,0.00,0.00,0.00,1989647
2022/10/12 15:20:28,0.00,0.00,20.00,926.78,17.74,71.64,66.40,106,0.00,0.00,0.00,2049980
2022/10/12 15:21:29,0.00,0.00,20.00,927.18,17.74,71.63,69.05,107,0.00,0.00,0.00,2110297
2022/10/12 15:22:29,0.00,0.00,20.00,927.11,17.74,71.64,63.78,105,0.00,0.00,0.00,2170633
2022/10/12 15:24:30,0.00,0.00,20.00,927.38,17.74,71.65,74.51,109,0.00,0.00,0.00,2291283
2022/10/12 15:26:31,0.00,0.00,20.00,927.34,17.74,71.64,72.24,108,0.00,0.00,0.00,2411936
2022/10/12 15:27:31,0.00,0.00,20.00,927.38,17.74,71.64,75.73,109,0.00,0.00,0.00,2472251
2022/10/12 15:28:32,0.00,0.00,20.00,927.25,17.74,71.63,73.65,108,0.00,0.00,0.00,2532586
2022/10/12 15:29:32,0.00,0.00,20.00,927.34,17.74,71.64,73.13,109,0.00,0.00,0.00,2592902
2022/10/12 15:30:33,0.00,0.00,20.00,926.73,17.74,71.63,76.12,110,0.00,0.00,0.00,2653238
2022/10/12 15:31:33,0.00,0.00,20.00,926.91,17.74,71.62,62.27,103,0.00,0.00,0.00,2713553
2022/10/12 15:32:34,0.00,0.00,20.00,927.09,17.74,71.61,68.81,107,0.00,0.00,0.00,2773888
2022/10/12 15:33:34,0.00,0.00,20.00,927.16,17.74,71.61,78.26,111,0.00,0.00,0.00,2834203
2022/10/12 15:34:35,0.00,0.00,20.00,927.23,17.74,71.59,63.82,104,0.00,0.00,0.00,2894539
2022/10/12 15:35:35,0.00,0.00,20.00,927.18,17.74,71.59,72.37,110,0.00,0.00,0.00,2954854
2022/10/12 15:36:36,0.00,0.00,20.00,927.18,17.75,71.59,83.25,114,0.00,0.00,0.00,3015191
2022/10/12 15:37:36,0.00,0.00,20.00,927.16,17.75,71.57,62.75,104,0.00,0.00,0.00,3075505
2022/10/12 15:38:36,0.00,0.00,20.00,927.36,17.75,71.57,75.29,109,0.00,0.00,0.00,3135841
2022/10/12 15:39:37,0.00,0.00,20.00,927.09,17.75,71.58,84.38,112,0.00,0.00,0.00,3196156
2022/10/12 15:40:37,0.00,0.00,20.00,926.71,17.75,71.57,70.57,107,0.00,0.00,0.00,3256491
2022/10/12 15:41:38,0.00,0.00,20.00,926.75,17.75,71.59,88.36,115,0.00,0.00,0.00,3316807
2022/10/12 15:42:38,0.00,0.00,20.00,926.66,17.75,71.58,66.34,105,0.00,0.00,0.00,3377142
2022/10/12 15:43:39,0.00,0.00,20.00,927.00,17.75,71.57,80.12,109,0.00,0.00,0.00,3437457
2022/10/12 15:44:39,0.00,0.00,20.00,927.07,17.75,71.57,55.33,101,0.00,0.00,0.00,3497794
2022/10/12 15:45:40,0.00,0.00,20.00,927.07,17.75,71.57,72.00,108,0.00,0.00,0.00,3558108
2022/10/12 15:47:22,0.00,0.00,20.00,926.69,17.75,71.58,87.28,116,0.00,0.00,0.00,60017
2022/10/12 15:48:22,0.00,0.00,20.00,926.80,17.75,71.57,101.39,122,0.00,0.00,0.00,120237
2022/10/12 15:49:23,0.00,0.00,20.00,926.96,17.75,71.56,77.70,110,0.00,0.00,0.00,180454
2022/10/12 15:50:23,0.00,0.00,20.00,926.80,17.75,71.56,72.65,108,0.00,0.00,0.00,240671
2022/10/12 15:51:23,0.00,0.00,20.00,927.11,17.75,71.56,79.05,110,0.00,0.00,0.00,300936
2022/10/12 15:52:24,0.00,0.00,20.00,926.96,17.75,71.56,89.30,115,0.00,0.00,0.00,361152
2022/10/12 15:53:24,0.00,0.00,20.00,926.69,17.75,71.54,109.35,122,0.00,0.00,0.00,421370
2022/10/12 15:54:24,0.00,0.00,20.00,926.87,17.75,71.54,91.00,116,0.00,0.00,0.00,481588
2022/10/12 15:55:25,0.00,0.00,20.00,926.93,17.75,71.53,64.35,103,0.00,0.00,0.00,541839
2022/10/12 15:56:25,0.00,0.00,20.00,926.98,17.75,71.53,69.61,106,0.00,0.00,0.00,602172
2022/10/12 15:57:26,0.00,0.00,20.00,926.78,17.75,71.54,64.53,102,0.00,0.00,0.00,662489
2022/10/12 15:58:26,0.00,0.00,20.00,926.60,17.75,71.54,37.31,92,0.00,0.00,0.00,722824
2022/10/12 15:59:27,0.00,0.00,20.00,926.60,17.75,71.55,89.56,116,0.00,0.00,0.00,783139
2022/10/12 16:0:27,0.00,0.00,20.00,926.66,17.75,71.54,72.39,106,0.00,0.00,0.00,843474
2022/10/12 16:1:27,0.00,0.00,20.00,926.75,17.75,71.55,78.11,110,0.00,0.00,0.00,903788
2022/10/12 16:2:28,0.00,0.00,20.00,926.80,17.75,71.54,74.57,109,0.00,0.00,0.00,964124
2022/10/12 16:3:28,0.00,0.00,20.00,926.91,17.75,71.55,69.18,106,0.00,0.00,0.00,1024441
2022/10/12 16:4:29,0.00,0.00,20.00,926.84,17.75,71.55,83.03,112,0.00,0.00,0.00,1084776
2022/10/12 16:5:29,0.00,0.00,20.00,926.84,17.75,71.55,68.02,105,0.00,0.00,0.00,1145091
2022/10/12 16:6:30,0.00,0.00,20.00,926.91,17.75,71.56,85.58,113,0.00,0.00,0.00,1205427
2022/10/12 16:7:30,0.00,0.00,20.00,926.80,17.75,71.57,66.56,105,0.00,0.00,0.00,1265741
2022/10/12 16:8:31,0.00,0.00,20.00,926.78,17.75,71.58,79.09,110,0.00,0.00,0.00,1326077
2022/10/12 16:9:31,0.00,0.00,20.00,926.48,17.74,71.59,70.77,106,0.00,0.00,0.00,1386393
2022/10/12 16:10:32,0.00,0.00,20.00,926.64,17.74,71.58,82.81,112,0.00,0.00,0.00,1446728
2022/10/12 16:11:32,0.00,0.00,20.00,926.75,17.74,71.59,61.51,102,0.00,0.00,0.00,1507045
2022/10/12 16:12:33,0.00,0.00,20.00,926.84,17.74,71.58,69.51,106,0.00,0.00,0.00,1567380
2022/10/12 16:13:33,0.00,0.00,20.00,926.73,17.75,71.59,72.93,110,0.00,0.00,0.00,1627695
2022/10/12 16:14:34,0.00,0.00,20.00,926.87,17.75,71.59,92.35,117,0.00,0.00,0.00,1688032
2022/10/12 16:15:34,0.00,0.00,20.00,927.05,17.75,71.59,68.70,106,0.00,0.00,0.00,1748345
2022/10/12 16:16:34,0.00,0.00,20.00,926.78,17.75,71.60,88.12,116,0.00,0.00,0.00,1808681
2022/10/12 16:17:35,0.00,0.00,20.00,926.80,17.75,71.60,71.12,107,0.00,0.00,0.00,1868997
2022/10/12 16:18:35,0.00,0.00,20.00,926.80,17.75,71.57,76.12,110,0.00,0.00,0.00,1929331
2022/10/12 16:19:36,0.00,0.00,20.00,926.51,17.75,71.58,72.11,107,0.00,0.00,0.00,1989648
2022/10/12 16:20:36,0.00,0.00,20.00,926.69,17.75,71.58,86.32,114,0.00,0.00,0.00,2049983
2022/10/12 16:21:37,0.00,0.00,20.00,926.55,17.75,71.59,79.75,109,0.00,0.00,0.00,2110299
2022/10/12 16:22:37,0.00,0.00,20.00,926.71,17.75,71.57,74.51,108,0.00,0.00,0.00,2170635
2022/10/12 16:23:38,0.00,0.00,20.00,926.66,17.75,71.57,72.85,107,0.00,0.00,0.00,2230948
2022/10/12 16:24:38,0.00,0.00,20.00,926.80,17.75,71.56,81.21,112,0.00,0.00,0.00,2291284
2022/10/12 16:25:39,0.00,0.00,20.00,926.60,17.75,71.56,71.82,107,0.00,0.00,0.00,2351600
2022/10/12 16:26:39,0.00,0.00,20.00,926.71,17.75,71.56,86.48,113,0.00,0.00,0.00,2411936
2022/10/12 16:27:40,0.00,0.00,20.00,926.55,17.75,71.55,63.06,102,0.00,0.00,0.00,2472251
2022/10/12 16:28:40,0.00,0.00,20.00,927.05,17.76,71.56,76.67,109,0.00,0.00,0.00,2532586
2022/10/12 16:29:40,0.00,0.00,20.00,926.64,17.76,71.56,79.49,111,0.00,0.00,0.00,2592902
2022/10/12 16:30:41,0.00,0.00,20.00,926.48,17.76,71.54,80.54,111,0.00,0.00,0.00,2653238
2022/10/12 16:31:41,0.00,0.00,20.00,926.44,17.76,71.54,77.96,109,0.00,0.00,0.00,2713553
2022/10/12 16:32:42,0.00,0.00,20.00,926.37,17.76,71.54,92.81,116,0.00,0.00,0.00,2773888
2022/10/12 16:34:43,0.00,0.00,20.00,926.82,17.76,71.55,84.95,112,0.00,0.00,0.00,2894539
2022/10/12 16:35:43,0.00,0.00,20.00,926.66,17.76,71.55,79.40,110,0.00,0.00,0.00,2954854
2022/10/12 16:36:44,0.00,0.00,20.00,926.75,17.76,71.56,70.64,106,0.00,0.00,0.00,3015191
2022/10/12 16:37:44,0.00,0.00,20.00,926.66,17.76,71.54,83.72,112,0.00,0.00,0.00,3075505
2022/10/12 16:38:45,0.00,0.00,20.00,926.84,17.76,71.55,73.39,108,0.00,0.00,0.00,3135841
2022/10/12 16:39:45,0.00,0.00,20.00,926.78,17.76,71.55,79.01,110,0.00,0.00,0.00,3196156
2022/10/12 16:40:46,0.00,0.00,20.00,926.37,17.76,71.54,69.51,106,0.00,0.00,0.00,3256491
2022/10/12 16:41:46,0.00,0.00,20.00,926.60,17.76,71.56,84.27,112,0.00,0.00,0.00,3316807
2022/10/12 16:42:46,0.00,0.00,20.00,926.46,17.76,71.55,79.44,110,0.00,0.00,0.00,3377142
2022/10/12 16:43:47,0.00,0.00,20.00,926.51,17.76,71.56,72.48,107,0.00,0.00,0.00,3437457
2022/10/12 16:44:47,0.00,0.00,20.00,926.66,17.76,71.55,16.47,83,0.00,0.00,0.00,3497793
2022/10/12 16:45:48,0.00,0.00,20.00,926.80,17.76,71.56,33.18,89,0.00,0.00,0.00,3558107
2022/10/12 16:47:30,0.00,0.00,20.00,926.67,17.76,71.56,75.06,108,0.00,0.00,0.00,60017
2022/10/12 16:48:30,0.00,0.00,20.00,926.57,17.76,71.55,82.17,111,0.00,0.00,0.00,120237
2022/10/12 16:49:31,0.00,0.00,20.00,926.69,17.76,71.55,78.20,109,0.00,0.00,0.00,180454
2022/10/12 16:50:31,0.00,0.00,20.00,926.80,17.76,71.54,67.04,105,0.00,0.00,0.00,240671
2022/10/12 16:51:31,0.00,0.00,20.00,926.91,17.76,71.54,64.24,103,0.00,0.00,0.00,300936
2022/10/12 16:52:32,0.00,0.00,20.00,926.91,17.76,71.54,75.12,108,0.00,0.00,0.00,361152
2022/10/12 16:53:32,0.00,0.00,20.00,926.93,17.76,71.54,85.97,113,0.00,0.00,0.00,421369
2022/10/12 16:54:33,0.00,0.00,20.00,926.66,17.76,71.55,74.72,108,0.00,0.00,0.00,481587
2022/10/12 16:55:33,0.00,0.00,20.00,926.87,17.76,71.53,87.50,113,0.00,0.00,0.00,541840
2022/10/12 16:56:33,0.00,0.00,20.00,927.02,17.76,71.54,73.87,108,0.00,0.00,0.00,602175
2022/10/12 16:57:34,0.00,0.00,20.00,926.96,17.76,71.54,75.12,108,0.00,0.00,0.00,662491
2022/10/12 16:58:34,0.00,0.00,20.00,926.48,17.76,71.54,92.13,117,0.00,0.00,0.00,722827
2022/10/12 16:59:35,0.00,0.00,20.00,926.66,17.76,71.55,84.62,113,0.00,0.00,0.00,783140
2022/10/12 17:0:35,0.00,0.00,20.00,926.44,17.76,71.54,84.27,112,0.00,0.00,0.00,843475
2022/10/12 17:1:36,0.00,0.00,20.00,926.57,17.77,71.54,76.21,109,0.00,0.00,0.00,903791
2022/10/12 17:2:36,0.00,0.00,20.00,926.51,17.76,71.55,70.49,106,0.00,0.00,0.00,964127
2022/10/12 17:3:37,0.00,0.00,20.00,926.69,17.76,71.55,64.87,105,0.00,0.00,0.00,1024442
2022/10/12 17:4:37,0.00,0.00,20.00,926.69,17.76,71.54,59.74,102,0.00,0.00,0.00,1084780
2022/10/12 17:5:38,0.00,0.00,20.00,926.44,17.76,71.55,70.18,106,0.00,0.00,0.00,1145096
2022/10/12 17:6:38,0.00,0.00,20.00,926.57,17.76,71.55,84.51,114,0.00,0.00,0.00,1205430
2022/10/12 17:7:38,0.00,0.00,20.00,926.51,17.76,71.55,68.92,105,0.00,0.00,0.00,1265745
2022/10/12 17:8:39,0.00,0.00,20.00,926.80,17.76,71.54,50.09,102,0.00,0.00,0.00,1326081
2022/10/12 17:9:39,0.00,0.00,20.00,926.24,17.76,71.55,88.27,113,0.00,0.00,0.00,1386396
2022/10/12 17:10:40,0.00,0.00,20.00,926.51,17.76,71.54,64.65,105,0.00,0.00,0.00,1446734
2022/10/12 17:11:40,0.00,0.00,20.00,926.53,17.76,71.54,109.85,122,0.00,0.00,0.00,1507048
2022/10/12 17:12:41,0.00,0.00,20.00,926.64,17.76,71.55,67.80,107,0.00,0.00,0.00,1567384
2022/10/12 17:13:41,0.00,0.00,20.00,926.82,17.76,71.54,62.65,105,0.00,0.00,0.00,1627700
2022/10/12 17:14:42,0.00,0.00,20.00,926.75,17.77,71.52,65.81,104,0.00,0.00,0.00,1688034
2022/10/12 17:15:42,0.00,0.00,20.00,926.78,17.77,71.52,44.30,98,0.00,0.00,0.00,1748350
2022/10/12 17:16:43,0.00,0.00,20.00,926.66,17.77,71.53,85.97,115,0.00,0.00,0.00,1808685
2022/10/12 17:17:43,0.00,0.00,20.00,926.71,17.77,71.53,102.62,126,0.00,0.00,0.00,1869001
2022/10/12 17:18:44,0.00,0.00,20.00,926.64,17.77,71.53,84.45,115,0.00,0.00,0.00,1929337
2022/10/12 17:19:44,0.00,0.00,20.00,926.30,17.77,71.54,65.44,104,0.00,0.00,0.00,1989650
2022/10/12 17:20:44,0.00,0.00,20.00,926.39,17.77,71.52,63.04,103,0.00,0.00,0.00,2049988
2022/10/12 17:21:45,0.00,0.00,20.00,926.57,17.77,71.54,70.82,107,0.00,0.00,0.00,2110303
2022/10/12 17:22:45,0.00,0.00,20.00,926.55,17.76,71.55,80.88,110,0.00,0.00,0.00,2170638
2022/10/12 17:23:46,0.00,0.00,20.00,926.57,17.76,71.54,60.72,103,0.00,0.00,0.00,2230955
2022/10/12 17:24:46,0.00,0.00,20.00,926.53,17.77,71.53,79.62,111,0.00,0.00,0.00,2291288
2022/10/12 17:25:47,0.00,0.00,20.00,926.57,17.77,71.55,78.90,110,0.00,0.00,0.00,2351603
2022/10/12 17:26:47,0.00,0.00,20.00,926.64,17.77,71.54,69.75,106,0.00,0.00,0.00,2411940
2022/10/12 17:27:48,0.00,0.00,20.00,926.64,17.77,71.52,74.96,109,0.00,0.00,0.00,2472254
2022/10/12 17:28:48,0.00,0.00,20.00,926.62,17.77,71.53,75.95,110,0.00,0.00,0.00,2532591
2022/10/12 17:29:49,0.00,0.00,20.00,926.51,17.77,71.52,77.15,110,0.00,0.00,0.00,2592906
2022/10/12 17:30:49,0.00,0.00,20.00,926.37,17.77,71.51,71.65,107,0.00,0.00,0.00,2653241
2022/10/12 17:31:50,0.00,0.00,20.00,926.42,17.77,71.51,96.31,117,0.00,0.00,0.00,2713558
2022/10/12 17:32:50,0.00,0.00,20.00,926.53,17.77,71.52,63.48,103,0.00,0.00,0.00,2773893
2022/10/12 17:33:50,0.00,0.00,20.00,926.64,17.77,71.53,129.35,133,0.00,0.00,0.00,2834207
2022/10/12 17:34:51,0.00,0.00,20.00,926.57,17.77,71.53,57.62,100,0.00,0.00,0.00,2894543
2022/10/12 17:35:51,0.00,0.00,20.00,926.37,17.77,71.52,21.08,83,0.00,0.00,0.00,2954856
2022/10/12 17:36:52,0.00,0.00,20.00,926.66,17.77,71.53,59.57,101,0.00,0.00,0.00,3015194
2022/10/12 17:37:52,0.00,0.00,20.00,926.48,17.77,71.53,96.63,118,0.00,0.00,0.00,3075511
2022/10/12 17:38:53,0.00,0.00,20.00,926.57,17.77,71.54,58.26,101,0.00,0.00,0.00,3135844
2022/10/12 17:39:53,0.00,0.00,20.00,926.80,17.77,71.53,103.40,121,0.00,0.00,0.00,3196162
2022/10/12 17:40:54,0.00,0.00,20.00,926.28,17.77,71.52,82.76,109,0.00,0.00,0.00,3256496
2022/10/12 17:41:54,0.00,0.00,20.00,926.51,17.77,71.53,3.08,77,0.00,0.00,0.00,3316807
2022/10/12 17:42:55,0.00,0.00,20.00,926.46,17.77,71.52,78.70,114,0.00,0.00,0.00,3377147
2022/10/12 17:43:55,0.00,0.00,20.00,926.44,17.77,71.53,101.99,122,0.00,0.00,0.00,3437461
2022/10/12 17:44:56,0.00,0.00,20.00,926.39,17.77,71.54,54.57,100,0.00,0.00,0.00,3497797
2022/10/12 17:45:56,0.00,0.00,20.00,926.62,17.77,71.54,69.86,106,0.00,0.00,0.00,3558114
2022/10/12 17:47:38,0.00,0.00,20.00,926.32,17.77,71.53,79.29,111,0.00,0.00,0.00,60017
2022/10/12 17:48:39,0.00,0.00,20.00,926.48,17.77,71.53,77.70,110,0.00,0.00,0.00,120237
2022/10/12 17:49:39,0.00,0.00,20.00,926.39,17.77,71.52,46.85,97,0.00,0.00,0.00,180453
2022/10/12 17:50:39,0.00,0.00,20.00,926.53,17.77,71.53,83.29,112,0.00,0.00,0.00,240670
2022/10/12 17:51:40,0.00,0.00,20.00,926.51,17.77,71.53,71.56,107,0.00,0.00,0.00,300935
2022/10/12 17:52:40,0.00,0.00,20.00,926.60,17.77,71.53,72.85,108,0.00,0.00,0.00,361151
2022/10/12 17:53:40,0.00,0.00,20.00,926.53,17.77,71.54,74.90,108,0.00,0.00,0.00,421368
2022/10/12 17:54:41,0.00,0.00,20.00,926.51,17.76,71.54,78.79,110,0.00,0.00,0.00,481586
2022/10/12 17:55:41,0.00,0.00,20.00,926.64,17.76,71.53,67.19,105,0.00,0.00,0.00,541839
2022/10/12 17:56:42,0.00,0.00,20.00,926.69,17.76,71.55,66.36,104,0.00,0.00,0.00,602172
2022/10/12 17:57:42,0.00,0.00,20.00,926.62,17.76,71.55,99.67,119,0.00,0.00,0.00,662490
2022/10/12 17:58:42,0.00,0.00,20.00,926.26,17.76,71.55,76.71,110,0.00,0.00,0.00,722825
2022/10/12 18:0:43,0.00,0.00,20.00,926.51,17.76,71.56,93.64,117,0.00,0.00,0.00,843474
2022/10/12 18:1:44,0.00,0.00,20.00,926.39,17.76,71.56,62.73,102,0.00,0.00,0.00,903788
2022/10/12 18:2:44,0.00,0.00,20.00,926.55,17.76,71.57,94.67,117,0.00,0.00,0.00,964124
2022/10/12 18:3:45,0.00,0.00,20.00,926.33,17.76,71.56,79.34,109,0.00,0.00,0.00,1024441
2022/10/12 18:4:45,0.00,0.00,20.00,926.57,17.76,71.56,60.90,104,0.00,0.00,0.00,1084776
2022/10/12 18:5:46,0.00,0.00,20.00,926.75,17.76,71.54,77.91,109,0.00,0.00,0.00,1145091
2022/10/12 18:6:46,0.00,0.00,20.00,926.66,17.76,71.54,69.16,107,0.00,0.00,0.00,1205427
2022/10/12 18:7:47,0.00,0.00,20.00,926.64,17.76,71.54,54.54,101,0.00,0.00,0.00,1265741
2022/10/12 18:8:47,0.00,0.00,20.00,926.69,17.76,71.54,145.32,141,0.00,0.00,0.00,1326078
2022/10/12 18:9:48,0.00,0.00,20.00,926.33,17.76,71.53,97.12,122,0.00,0.00,0.00,1386393
2022/10/12 18:10:48,0.00,0.00,20.00,926.28,17.76,71.53,103.43,120,0.00,0.00,0.00,1446729
2022/10/12 18:11:48,0.00,0.00,20.00,926.53,17.76,71.53,89.47,114,0.00,0.00,0.00,1507045
2022/10/12 18:12:49,0.00,0.00,20.00,926.53,17.76,71.52,81.82,112,0.00,0.00,0.00,1567380
2022/10/12 18:13:49,0.00,0.00,20.00,926.60,17.76,71.52,67.52,105,0.00,0.00,0.00,1627695
2022/10/12 18:14:50,0.00,0.00,20.00,926.37,17.76,71.54,73.30,108,0.00,0.00,0.00,1688032
2022/10/12 18:15:50,0.00,0.00,20.00,926.57,17.76,71.54,74.42,108,0.00,0.00,0.00,1748345
2022/10/12 18:16:51,0.00,0.00,20.00,926.60,17.76,71.53,76.98,109,0.00,0.00,0.00,1808681
2022/10/12 18:17:51,0.00,0.00,20.00,926.53,17.76,71.52,64.57,103,0.00,0.00,0.00,1868999
2022/10/12 18:18:52,0.00,0.00,20.00,926.64,17.75,71.53,79.92,110,0.00,0.00,0.00,1929334
2022/10/12 18:19:52,0.00,0.00,20.00,926.28,17.75,71.52,73.02,108,0.00,0.00,0.00,1989649
2022/10/12 18:20:53,0.00,0.00,20.00,926.42,17.75,71.52,74.84,109,0.00,0.00,0.00,2049986
2022/10/12 18:21:53,0.00,0.00,20.00,926.62,17.76,71.51,69.15,105,0.00,0.00,0.00,2110300
2022/10/12 18:22:54,0.00,0.00,20.00,926.73,17.76,71.52,71.01,107,0.00,0.00,0.00,2170636
2022/10/12 18:23:54,0.00,0.00,20.00,926.55,17.76,71.52,80.54,111,0.00,0.00,0.00,2230951
2022/10/12 18:24:55,0.00,0.00,20.00,926.69,17.76,71.52,68.54,105,0.00,0.00,0.00,2291287
2022/10/12 18:25:55,0.00,0.00,20.00,926.53,17.76,71.53,76.17,109,0.00,0.00,0.00,2351602
2022/10/12 18:26:55,0.00,0.00,20.00,926.73,17.75,71.52,68.08,106,0.00,0.00,0.00,2411937
2022/10/12 18:27:56,0.00,0.00,20.00,926.66,17.75,71.52,72.19,108,0.00,0.00,0.00,2472253
2022/10/12 18:28:56,0.00,0.00,20.00,926.60,17.75,71.51,81.91,112,0.00,0.00,0.00,2532589
2022/10/12 18:29:57,0.00,0.00,20.00,926.44,17.75,71.50,65.42,105,0.00,0.00,0.00,2592905
2022/10/12 18:30:57,0.00,0.00,20.00,926.51,17.75,71.51,70.38,106,0.00,0.00,0.00,2653241
2022/10/12 18:31:58,0.00,0.00,20.00,926.42,17.75,71.50,84.12,112,0.00,0.00,0.00,2713558
2022/10/12 18:32:58,0.00,0.00,20.00,926.19,17.75,71.50,65.07,105,0.00,0.00,0.00,2773893
2022/10/12 18:33:59,0.00,0.00,20.00,926.48,17.75,71.49,70.53,107,0.00,0.00,0.00,2834206
2022/10/12 18:34:59,0.00,0.00,20.00,926.44,17.75,71.48,74.62,108,0.00,0.00,0.00,2894543
2022/10/12 18:36:0,0.00,0.00,20.00,926.48,17.75,71.48,72.35,107,0.00,0.00,0.00,2954856
2022/10/12 18:37:0,0.00,0.00,20.00,926.42,17.75,71.48,75.32,108,0.00,0.00,0.00,3015193
2022/10/12 18:38:1,0.00,0.00,20.00,926.51,17.75,71.48,77.63,109,0.00,0.00,0.00,3075510
2022/10/12 18:39:1,0.00,0.00,20.00,926.48,17.75,71.48,62.10,103,0.00,0.00,0.00,3135843
2022/10/12 18:40:1,0.00,0.00,20.00,926.62,17.75,71.46,84.86,113,0.00,0.00,0.00,3196160
2022/10/12 18:41:2,0.00,0.00,20.00,926.24,17.75,71.47,70.77,107,0.00,0.00,0.00,3256495
2022/10/12 18:42:2,0.00,0.00,20.00,926.37,17.75,71.47,76.62,109,0.00,0.00,0.00,3316808
2022/10/12 18:43:3,0.00,0.00,20.00,926.44,17.75,71.46,74.09,108,0.00,0.00,0.00,3377146
2022/10/12 18:44:3,0.00,0.00,20.00,926.55,17.75,71.46,65.95,104,0.00,0.00,0.00,3437459
2022/10/12 18:45:4,0.00,0.00,20.00,926.44,17.75,71.45,62.80,103,0.00,0.00,0.00,3497796
2022/10/12 18:46:4,0.00,0.00,20.00,926.39,17.75,71.43,94.56,117,0.00,0.00,0.00,3558113
2022/10/12 18:47:46,0.00,0.00,20.00,926.25,17.75,71.45,63.07,103,0.00,0.00,0.00,60017
2022/10/12 18:48:47,0.00,0.00,20.00,926.30,17.75,71.45,79.49,110,0.00,0.00,0.00,120238
2022/10/12 18:49:47,0.00,0.00,20.00,926.37,17.74,71.45,67.97,106,0.00,0.00,0.00,180456
2022/10/12 18:50:47,0.00,0.00,20.00,926.48,17.74,71.46,75.10,109,0.00,0.00,0.00,240674
2022/10/12 18:51:48,0.00,0.00,20.00,926.35,17.74,71.45,76.15,109,0.00,0.00,0.00,300941
2022/10/12 18:52:48,0.00,0.00,20.00,926.42,17.75,71.45,68.50,105,0.00,0.00,0.00,361159
2022/10/12 18:53:49,0.00,0.00,20.00,926.53,17.75,71.44,78.50,110,0.00,0.00,0.00,421379
2022/10/12 18:54:49,0.00,0.00,20.00,926.66,17.74,71.44,84.45,112,0.00,0.00,0.00,481595
2022/10/12 18:55:49,0.00,0.00,20.00,926.53,17.74,71.43,76.76,109,0.00,0.00,0.00,541841
2022/10/12 18:56:50,0.00,0.00,20.00,926.48,17.74,71.43,46.37,94,0.00,0.00,0.00,602177
2022/10/12 18:57:50,0.00,0.00,20.00,926.57,17.74,71.43,68.22,105,0.00,0.00,0.00,662492
2022/10/12 18:58:51,0.00,0.00,20.00,926.33,17.74,71.42,66.51,104,0.00,0.00,0.00,722828
2022/10/12 18:59:51,0.00,0.00,20.00,926.28,17.74,71.42,112.45,125,0.00,0.00,0.00,783144
2022/10/12 19:0:52,0.00,0.00,20.00,926.51,17.74,71.41,85.04,113,0.00,0.00,0.00,843478
2022/10/12 19:1:52,0.00,0.00,20.00,926.57,17.74,71.42,69.86,108,0.00,0.00,0.00,903793
2022/10/12 19:2:53,0.00,0.00,20.00,926.60,17.74,71.42,90.25,116,0.00,0.00,0.00,964128
2022/10/12 19:3:53,0.00,0.00,20.00,926.53,17.74,71.40,72.45,108,0.00,0.00,0.00,1024443
2022/10/12 19:4:53,0.00,0.00,20.00,926.60,17.74,71.40,124.51,129,0.00,0.00,0.00,1084781
2022/10/12 19:5:54,0.00,0.00,20.00,926.57,17.74,71.39,40.41,92,0.00,0.00,0.00,1145095
