2022/10/11 0:0:49,0.00,0.00,20.49,927.95,18.37,67.73,78.11,103,0.00,0.00,0.00,1808670
2022/10/11 0:1:49,0.00,0.00,20.04,927.99,18.37,67.72,111.49,116,0.00,0.00,0.00,1868986
2022/10/11 0:2:50,0.00,0.00,20.00,927.86,18.37,67.68,29.77,80,0.00,0.00,0.00,1929319
2022/10/11 0:3:50,0.00,0.00,20.00,927.56,18.36,67.64,154.26,138,0.00,0.00,0.00,1989637
2022/10/11 0:4:51,0.00,0.00,20.00,927.52,18.35,67.65,133.62,128,0.00,0.00,0.00,2049973
2022/10/11 0:5:51,0.00,0.00,20.00,927.83,18.34,67.66,124.38,127,0.00,0.00,0.00,2110288
2022/10/11 0:6:52,0.00,0.00,20.00,927.74,18.34,67.67,77.39,98,0.00,0.00,0.00,2170620
2022/10/11 0:7:52,0.00,0.00,20.00,927.90,18.34,67.66,153.67,138,0.00,0.00,0.00,2230938
2022/10/11 0:8:53,0.00,0.00,20.00,927.83,18.34,67.65,107.34,114,0.00,0.00,0.00,2291274
2022/10/11 0:9:53,0.00,0.00,20.00,927.95,18.33,67.65,100.65,113,0.00,0.00,0.00,2351589
2022/10/11 0:10:54,0.00,0.00,20.00,927.81,18.33,67.65,108.12,117,0.00,0.00,0.00,2411927
2022/10/11 0:11:54,0.00,0.00,20.00,928.01,18.33,67.66,74.92,101,0.00,0.00,0.00,2472240
2022/10/11 0:12:54,0.00,0.00,20.00,928.04,18.33,67.66,77.72,102,0.00,0.00,0.00,2532576
2022/10/11 0:13:55,0.00,0.00,20.00,927.97,18.32,67.66,74.72,100,0.00,0.00,0.00,2592891
2022/10/11 0:14:55,0.00,0.00,20.00,927.61,18.31,67.65,77.21,102,0.00,0.00,0.00,2653225
2022/10/11 0:15:56,0.00,0.00,20.00,927.65,18.31,67.68,81.13,104,0.00,0.00,0.00,2713542
2022/10/11 0:16:56,0.00,0.00,20.00,927.88,18.30,67.67,81.13,103,0.00,0.00,0.00,2773877
2022/10/11 0:17:57,0.00,0.00,20.00,927.83,18.29,67.66,67.63,97,0.00,0.00,0.00,2834191
2022/10/11 0:18:57,0.00,0.00,20.00,928.01,18.29,67.66,88.88,107,0.00,0.00,0.00,2894529
2022/10/11 0:19:58,0.00,0.00,20.00,928.17,18.29,67.67,78.20,101,0.00,0.00,0.00,2954843
2022/10/11 0:20:58,0.00,0.00,20.00,928.38,18.28,67.67,77.56,102,0.00,0.00,0.00,3015179
2022/10/11 0:21:59,0.00,0.00,20.00,927.99,18.28,67.65,71.67,99,0.00,0.00,0.00,3075493
2022/10/11 0:22:59,0.00,0.00,20.00,927.92,18.28,67.63,80.41,101,0.00,0.00,0.00,3135830
2022/10/11 0:24:0,0.00,0.00,20.00,927.95,18.27,67.62,87.11,106,0.00,0.00,0.00,3196144
2022/10/11 0:25:0,0.00,0.00,20.00,927.68,18.27,67.65,75.95,101,0.00,0.00,0.00,3256479
2022/10/11 0:26:0,0.00,0.00,20.00,927.90,18.26,67.66,69.44,97,0.00,0.00,0.00,3316793
2022/10/11 0:27:1,0.00,0.00,20.00,927.86,18.26,67.65,80.06,102,0.00,0.00,0.00,3377131
2022/10/11 0:28:1,0.00,0.00,20.00,928.17,18.25,67.66,76.58,100,0.00,0.00,0.00,3437447
2022/10/11 0:29:2,0.00,0.00,20.00,928.15,18.24,67.67,73.83,101,0.00,0.00,0.00,3497781
2022/10/11 0:30:2,0.00,0.00,20.00,928.17,18.24,67.68,79.81,103,0.00,0.00,0.00,3558096
2022/10/11 0:31:44,0.00,0.00,20.00,927.75,18.23,67.67,87.47,105,0.00,0.00,0.00,60016
2022/10/11 0:32:45,0.00,0.00,20.00,927.77,18.22,67.70,68.26,96,0.00,0.00,0.00,120223
2022/10/11 0:33:45,0.00,0.00,20.00,927.95,18.21,67.72,66.60,95,0.00,0.00,0.00,180429
2022/10/11 0:34:46,0.00,0.00,20.00,928.17,18.21,67.75,71.73,99,0.00,0.00,0.00,240684
2022/10/11 0:35:46,0.00,0.00,20.00,928.33,18.20,67.78,82.81,103,0.00,0.00,0.00,300891
2022/10/11 0:36:46,0.00,0.00,20.00,928.26,18.20,67.79,77.61,102,0.00,0.00,0.00,361100
2022/10/11 0:37:47,0.00,0.00,20.00,928.40,18.20,67.80,77.78,101,0.00,0.00,0.00,421307
2022/10/11 0:38:47,0.00,0.00,20.00,928.42,18.21,67.74,78.96,101,0.00,0.00,0.00,481514
2022/10/11 0:39:47,0.00,0.00,20.00,928.22,18.21,67.73,77.89,101,0.00,0.00,0.00,541827
2022/10/11 0:40:48,0.00,0.00,20.00,928.62,18.20,67.72,75.01,99,0.00,0.00,0.00,602162
2022/10/11 0:41:48,0.00,0.00,20.00,928.49,18.20,67.71,81.69,102,0.00,0.00,0.00,662477
2022/10/11 0:42:49,0.00,0.00,20.00,927.68,18.19,67.73,81.72,103,0.00,0.00,0.00,722813
2022/10/11 0:44:50,0.00,0.00,20.00,927.99,18.17,67.75,74.94,100,0.00,0.00,0.00,843463
2022/10/11 0:45:50,0.00,0.00,20.00,927.83,18.17,67.77,81.24,102,0.00,0.00,0.00,903780
2022/10/11 0:46:51,0.00,0.00,20.00,927.97,18.16,67.81,79.58,102,0.00,0.00,0.00,964115
2022/10/11 0:47:51,0.00,0.00,20.00,928.04,18.15,67.82,70.93,98,0.00,0.00,0.00,1024429
2022/10/11 0:48:52,0.00,0.00,20.00,928.04,18.14,67.85,88.29,106,0.00,0.00,0.00,1084767
2022/10/11 0:49:52,0.00,0.00,20.00,928.31,18.14,67.86,83.53,103,0.00,0.00,0.00,1145080
2022/10/11 0:50:52,0.00,0.00,20.00,928.24,18.13,67.88,89.73,106,0.00,0.00,0.00,1205416
2022/10/11 0:51:53,0.00,0.00,20.00,928.20,18.14,67.86,63.56,93,0.00,0.00,0.00,1265731
2022/10/11 0:52:53,0.00,0.00,20.00,928.20,18.14,67.85,80.97,102,0.00,0.00,0.00,1326066
2022/10/11 0:53:54,0.00,0.00,20.00,927.72,18.15,67.83,67.08,96,0.00,0.00,0.00,1386383
2022/10/11 0:54:54,0.00,0.00,20.00,927.27,18.14,67.81,99.56,109,0.00,0.00,0.00,1446723
2022/10/11 0:55:55,0.00,0.00,20.00,927.05,18.14,67.78,78.15,101,0.00,0.00,0.00,1507038
2022/10/11 0:56:55,0.00,0.00,20.00,927.23,18.12,67.82,82.26,103,0.00,0.00,0.00,1567374
2022/10/11 0:57:56,0.00,0.00,20.00,928.06,18.11,67.87,75.18,100,0.00,0.00,0.00,1627692
2022/10/11 0:58:56,0.00,0.00,20.00,927.86,18.11,67.89,90.89,107,0.00,0.00,0.00,1688026
2022/10/11 0:59:57,0.00,0.00,20.00,927.95,18.11,67.89,78.85,101,0.00,0.00,0.00,1748340
2022/10/11 1:0:57,0.00,0.00,20.00,927.92,18.11,67.87,89.95,106,0.00,0.00,0.00,1808676
2022/10/11 1:1:58,0.00,0.00,20.00,927.81,18.11,67.90,80.43,100,0.00,0.00,0.00,1868989
2022/10/11 1:2:58,0.00,0.00,20.00,927.54,18.11,67.88,75.90,98,0.00,0.00,0.00,1929325
2022/10/11 1:3:58,0.00,0.00,20.00,926.60,18.10,67.87,108.89,114,0.00,0.00,0.00,1989644
2022/10/11 1:4:59,0.00,0.00,20.00,926.75,18.10,67.85,61.07,92,0.00,0.00,0.00,2049976
2022/10/11 1:7:0,0.00,0.00,20.00,926.89,18.08,67.91,85.76,104,0.00,0.00,0.00,2170627
2022/10/11 1:8:0,0.00,0.00,20.00,927.68,18.07,67.94,72.34,98,0.00,0.00,0.00,2230940
2022/10/11 1:9:1,0.00,0.00,20.00,927.41,18.07,67.95,81.37,102,0.00,0.00,0.00,2291279
2022/10/11 1:10:1,0.00,0.00,20.00,926.78,18.07,67.94,74.05,98,0.00,0.00,0.00,2351593
2022/10/11 1:11:2,0.00,0.00,20.00,926.39,18.07,67.92,83.94,103,0.00,0.00,0.00,2411929
2022/10/11 1:12:2,0.00,0.00,20.00,926.75,18.06,67.93,97.88,109,0.00,0.00,0.00,2472246
2022/10/11 1:13:3,0.00,0.00,20.00,927.47,18.06,67.95,65.18,94,0.00,0.00,0.00,2532579
2022/10/11 1:14:3,0.00,0.00,20.00,927.83,18.06,67.97,79.62,101,0.00,0.00,0.00,2592897
2022/10/11 1:15:4,0.00,0.00,20.00,927.56,18.06,67.98,72.76,99,0.00,0.00,0.00,2653232
2022/10/11 1:16:4,0.00,0.00,20.00,927.27,18.06,67.98,79.68,102,0.00,0.00,0.00,2713545
2022/10/11 1:17:4,0.00,0.00,20.00,927.05,18.06,67.99,105.33,112,0.00,0.00,0.00,2773883
2022/10/11 1:18:5,0.00,0.00,20.00,927.34,18.05,68.01,92.16,108,0.00,0.00,0.00,2834197
2022/10/11 1:19:5,0.00,0.00,20.00,927.50,18.05,68.02,85.69,101,0.00,0.00,0.00,2894532
2022/10/11 1:20:6,0.00,0.00,20.00,927.86,18.05,68.02,48.18,85,0.00,0.00,0.00,2954849
2022/10/11 1:21:6,0.00,0.00,20.00,927.68,18.05,68.02,82.42,103,0.00,0.00,0.00,3015183
2022/10/11 1:22:7,0.00,0.00,20.00,927.45,18.04,68.03,81.82,103,0.00,0.00,0.00,3075500
2022/10/11 1:23:7,0.00,0.00,20.00,927.81,18.04,68.04,78.46,102,0.00,0.00,0.00,3135836
2022/10/11 1:24:8,0.00,0.00,20.00,927.54,18.04,68.02,21.30,75,0.00,0.00,0.00,3196147
2022/10/11 1:25:8,0.00,0.00,20.00,927.16,18.04,68.02,48.03,83,0.00,0.00,0.00,3256485
2022/10/11 1:26:9,0.00,0.00,20.00,927.56,18.04,68.02,-0.74,58,0.00,0.00,0.00,3316799
2022/10/11 1:27:9,0.00,0.00,20.00,926.98,18.04,68.03,126.73,123,0.00,0.00,0.00,3377137
2022/10/11 1:28:10,0.00,0.00,20.00,926.93,18.04,68.03,121.40,116,0.00,0.00,0.00,3437455
2022/10/11 1:29:10,0.00,0.00,20.00,927.18,18.04,68.02,70.64,98,0.00,0.00,0.00,3497789
2022/10/11 1:30:10,0.00,0.00,20.00,927.68,18.03,68.04,66.77,95,0.00,0.00,0.00,3558105
2022/10/11 1:31:53,0.00,0.00,20.00,927.70,18.03,68.09,107.43,115,0.00,0.00,0.00,60017
2022/10/11 1:32:53,0.00,0.00,20.00,927.63,18.03,68.09,71.73,97,0.00,0.00,0.00,120226
2022/10/11 1:33:53,0.00,0.00,20.00,927.68,18.03,68.09,67.93,95,0.00,0.00,0.00,180433
2022/10/11 1:34:54,0.00,0.00,20.00,927.70,18.03,68.08,63.82,96,0.00,0.00,0.00,240641
2022/10/11 1:35:54,0.00,0.00,20.00,927.77,18.03,68.07,93.47,108,0.00,0.00,0.00,300896
2022/10/11 1:36:54,0.00,0.00,20.00,927.77,18.03,68.07,95.83,108,0.00,0.00,0.00,361103
2022/10/11 1:37:55,0.00,0.00,20.00,927.68,18.03,68.08,71.97,97,0.00,0.00,0.00,421309
2022/10/11 1:38:55,0.00,0.00,20.00,927.47,18.03,68.06,74.49,99,0.00,0.00,0.00,481515
2022/10/11 1:39:56,0.00,0.00,20.00,927.18,18.03,68.05,88.44,105,0.00,0.00,0.00,541832
2022/10/11 1:40:56,0.00,0.00,20.00,927.32,18.03,68.04,81.28,102,0.00,0.00,0.00,602166
2022/10/11 1:41:56,0.00,0.00,20.00,927.45,18.03,68.04,64.55,94,0.00,0.00,0.00,662480
2022/10/11 1:42:57,0.00,0.00,20.00,927.14,18.03,68.05,74.70,100,0.00,0.00,0.00,722817
2022/10/11 1:43:57,0.00,0.00,20.00,927.43,18.03,68.07,76.78,100,0.00,0.00,0.00,783132
2022/10/11 1:45:58,0.00,0.00,20.00,927.74,18.02,68.09,72.23,98,0.00,0.00,0.00,903781
2022/10/11 1:46:59,0.00,0.00,20.00,927.74,18.02,68.11,87.85,106,0.00,0.00,0.00,964119
2022/10/11 1:47:59,0.00,0.00,20.00,927.83,18.02,68.11,75.75,100,0.00,0.00,0.00,1024435
2022/10/11 1:49:0,0.00,0.00,20.00,927.79,18.02,68.10,82.90,103,0.00,0.00,0.00,1084768
2022/10/11 1:50:0,0.00,0.00,20.00,927.65,18.02,68.07,74.42,100,0.00,0.00,0.00,1145085
2022/10/11 1:51:1,0.00,0.00,20.00,927.63,18.02,68.09,78.35,100,0.00,0.00,0.00,1205419
2022/10/11 1:52:1,0.00,0.00,20.00,927.61,18.02,68.11,76.34,100,0.00,0.00,0.00,1265734
2022/10/11 1:53:2,0.00,0.00,20.00,927.92,18.02,68.10,103.99,113,0.00,0.00,0.00,1326072
2022/10/11 1:54:2,0.00,0.00,20.00,927.56,18.02,68.13,95.22,108,0.00,0.00,0.00,1386384
2022/10/11 1:55:2,0.00,0.00,20.00,927.65,18.01,68.14,74.13,99,0.00,0.00,0.00,1446721
2022/10/11 1:56:3,0.00,0.00,20.00,927.68,18.01,68.16,77.08,101,0.00,0.00,0.00,1507037
2022/10/11 1:57:3,0.00,0.00,20.00,927.68,18.01,68.17,73.33,99,0.00,0.00,0.00,1567371
2022/10/11 1:58:4,0.00,0.00,20.00,927.54,18.01,68.18,106.57,114,0.00,0.00,0.00,1627689
2022/10/11 1:59:4,0.00,0.00,20.00,927.59,18.00,68.19,73.22,98,0.00,0.00,0.00,1688020
2022/10/11 2:0:5,0.00,0.00,20.00,927.59,18.00,68.16,59.43,93,0.00,0.00,0.00,1748335
2022/10/11 2:1:5,0.00,0.00,20.00,927.72,18.01,68.18,91.35,106,0.00,0.00,0.00,1808673
2022/10/11 2:2:6,0.00,0.00,20.00,927.74,18.01,68.19,82.11,99,0.00,0.00,0.00,1868986
2022/10/11 2:3:6,0.00,0.00,20.00,928.08,18.00,68.19,26.12,81,0.00,0.00,0.00,1929323
2022/10/11 2:4:7,0.00,0.00,20.00,927.52,18.00,68.19,91.76,108,0.00,0.00,0.00,1989639
2022/10/11 2:5:7,0.00,0.00,20.00,927.68,18.00,68.19,85.60,104,0.00,0.00,0.00,2049974
2022/10/11 2:6:8,0.00,0.00,20.00,927.79,18.00,68.19,66.05,96,0.00,0.00,0.00,2110289
2022/10/11 2:7:8,0.00,0.00,20.00,927.59,18.00,68.20,71.54,99,0.00,0.00,0.00,2170625
2022/10/11 2:8:8,0.00,0.00,20.00,927.72,17.99,68.20,79.46,102,0.00,0.00,0.00,2230939
2022/10/11 2:9:9,0.00,0.00,20.00,927.86,17.99,68.23,67.71,95,0.00,0.00,0.00,2291275
2022/10/11 2:10:9,0.00,0.00,20.00,928.13,17.99,68.24,64.74,93,0.00,0.00,0.00,2351590
2022/10/11 2:11:10,0.00,0.00,20.00,928.35,17.99,68.25,83.57,103,0.00,0.00,0.00,2411929
2022/10/11 2:12:10,0.00,0.00,20.00,928.26,17.99,68.24,79.51,101,0.00,0.00,0.00,2472246
2022/10/11 2:13:11,0.00,0.00,20.00,928.26,17.99,68.23,79.95,102,0.00,0.00,0.00,2532579
2022/10/11 2:14:11,0.00,0.00,20.00,928.11,17.99,68.21,93.23,107,0.00,0.00,0.00,2592896
2022/10/11 2:15:12,0.00,0.00,20.00,927.54,17.99,68.20,81.24,102,0.00,0.00,0.00,2653231
2022/10/11 2:16:12,0.00,0.00,20.00,927.72,17.98,68.20,70.60,98,0.00,0.00,0.00,2713543
2022/10/11 2:17:13,0.00,0.00,20.00,927.11,17.98,68.22,83.94,104,0.00,0.00,0.00,2773882
2022/10/11 2:18:13,0.00,0.00,20.00,926.82,17.98,68.22,81.30,102,0.00,0.00,0.00,2834195
2022/10/11 2:19:14,0.00,0.00,20.00,926.71,17.97,68.25,78.59,101,0.00,0.00,0.00,2894532
2022/10/11 2:20:14,0.00,0.00,20.00,926.73,17.97,68.26,61.95,93,0.00,0.00,0.00,2954848
2022/10/11 2:21:14,0.00,0.00,20.00,927.11,17.96,68.29,78.53,101,0.00,0.00,0.00,3015182
2022/10/11 2:22:15,0.00,0.00,20.00,927.45,17.96,68.32,72.45,98,0.00,0.00,0.00,3075499
2022/10/11 2:23:15,0.00,0.00,20.00,927.41,17.95,68.31,88.38,105,0.00,0.00,0.00,3135834
2022/10/11 2:24:16,0.00,0.00,20.00,927.43,17.95,68.32,83.29,103,0.00,0.00,0.00,3196148
2022/10/11 2:25:16,0.00,0.00,20.00,927.05,17.95,68.32,81.32,104,0.00,0.00,0.00,3256485
2022/10/11 2:26:17,0.00,0.00,20.00,927.36,17.95,68.33,81.28,104,0.00,0.00,0.00,3316798
2022/10/11 2:27:17,0.00,0.00,20.00,927.32,17.95,68.33,105.39,116,0.00,0.00,0.00,3377136
2022/10/11 2:29:18,0.00,0.00,20.00,927.07,17.95,68.31,93.14,109,0.00,0.00,0.00,3497786
2022/10/11 2:30:19,0.00,0.00,20.00,927.16,17.95,68.34,63.26,93,0.00,0.00,0.00,3558102
2022/10/11 2:32:1,0.00,0.00,20.00,926.87,17.95,68.35,65.87,95,0.00,0.00,0.00,60014
2022/10/11 2:33:1,0.00,0.00,20.00,926.93,17.94,68.36,56.09,90,0.00,0.00,0.00,120221
2022/10/11 2:34:1,0.00,0.00,20.00,927.11,17.94,68.38,98.91,111,0.00,0.00,0.00,180427
2022/10/11 2:35:2,0.00,0.00,20.00,927.14,17.94,68.39,66.10,96,0.00,0.00,0.00,240633
2022/10/11 2:36:2,0.00,0.00,20.00,927.34,17.94,68.40,83.18,104,0.00,0.00,0.00,300839
2022/10/11 2:37:3,0.00,0.00,20.00,927.36,17.94,68.42,82.65,103,0.00,0.00,0.00,361095
2022/10/11 2:38:3,0.00,0.00,20.00,927.32,17.94,68.42,78.61,101,0.00,0.00,0.00,421303
2022/10/11 2:40:4,0.00,0.00,20.00,927.41,17.93,68.48,72.67,98,0.00,0.00,0.00,541824
2022/10/11 2:41:4,0.00,0.00,20.00,927.41,17.92,68.49,33.11,80,0.00,0.00,0.00,602160
2022/10/11 2:42:5,0.00,0.00,20.00,927.20,17.92,68.54,99.73,110,0.00,0.00,0.00,662473
2022/10/11 2:43:5,0.00,0.00,20.00,926.96,17.91,68.54,77.52,101,0.00,0.00,0.00,722810
2022/10/11 2:45:6,0.00,0.00,20.00,926.96,17.92,68.51,81.50,103,0.00,0.00,0.00,843460
2022/10/11 2:46:6,0.00,0.00,20.00,927.00,17.92,68.53,65.11,95,0.00,0.00,0.00,903777
2022/10/11 2:47:7,0.00,0.00,20.00,927.23,17.91,68.56,72.47,98,0.00,0.00,0.00,964110
2022/10/11 2:48:7,0.00,0.00,20.00,927.02,17.91,68.57,95.26,110,0.00,0.00,0.00,1024428
2022/10/11 2:49:8,0.00,0.00,20.00,927.14,17.91,68.58,87.48,106,0.00,0.00,0.00,1084764
2022/10/11 2:50:8,0.00,0.00,20.00,927.27,17.91,68.56,94.86,108,0.00,0.00,0.00,1145076
2022/10/11 2:51:9,0.00,0.00,20.00,927.27,17.91,68.58,82.61,103,0.00,0.00,0.00,1205414
2022/10/11 2:52:9,0.00,0.00,20.00,927.05,17.91,68.57,87.26,105,0.00,0.00,0.00,1265728
2022/10/11 2:53:10,0.00,0.00,20.00,927.25,17.91,68.56,73.30,99,0.00,0.00,0.00,1326064
2022/10/11 2:54:10,0.00,0.00,20.00,926.57,17.91,68.56,88.07,106,0.00,0.00,0.00,1386382
2022/10/11 2:55:11,0.00,0.00,20.00,926.75,17.91,68.55,76.76,100,0.00,0.00,0.00,1446715
2022/10/11 2:56:11,0.00,0.00,20.00,926.80,17.91,68.56,90.08,106,0.00,0.00,0.00,1507032
2022/10/11 2:57:12,0.00,0.00,20.00,926.91,17.91,68.57,79.66,102,0.00,0.00,0.00,1567368
2022/10/11 2:58:12,0.00,0.00,20.00,926.96,17.91,68.61,77.65,101,0.00,0.00,0.00,1627682
2022/10/11 2:59:12,0.00,0.00,20.00,927.00,17.91,68.60,77.74,102,0.00,0.00,0.00,1688018
2022/10/11 3:0:13,0.00,0.00,20.00,927.09,17.91,68.62,78.15,100,0.00,0.00,0.00,1748331
2022/10/11 3:1:13,0.00,0.00,20.00,927.16,17.91,68.62,69.44,100,0.00,0.00,0.00,1808667
2022/10/11 3:2:14,0.00,0.00,20.00,926.93,17.90,68.66,108.78,114,0.00,0.00,0.00,1868985
2022/10/11 3:3:14,0.00,0.00,20.00,927.09,17.90,68.66,73.66,98,0.00,0.00,0.00,1929318
2022/10/11 3:4:15,0.00,0.00,20.00,926.75,17.90,68.66,85.03,105,0.00,0.00,0.00,1989635
2022/10/11 3:5:15,0.00,0.00,20.00,926.71,17.90,68.66,81.83,103,0.00,0.00,0.00,2049970
2022/10/11 3:6:16,0.00,0.00,20.00,926.87,17.90,68.67,83.37,104,0.00,0.00,0.00,2110284
2022/10/11 3:7:16,0.00,0.00,20.00,927.07,17.90,68.64,76.67,100,0.00,0.00,0.00,2170620
2022/10/11 3:8:17,0.00,0.00,20.00,926.98,17.90,68.63,76.49,100,0.00,0.00,0.00,2230936
2022/10/11 3:9:17,0.00,0.00,20.00,927.20,17.90,68.62,79.75,102,0.00,0.00,0.00,2291270
2022/10/11 3:10:18,0.00,0.00,20.00,927.18,17.90,68.64,86.91,105,0.00,0.00,0.00,2351588
2022/10/11 3:11:18,0.00,0.00,20.00,927.27,17.90,68.65,69.09,97,0.00,0.00,0.00,2411922
2022/10/11 3:12:18,0.00,0.00,20.00,927.23,17.90,68.66,83.37,103,0.00,0.00,0.00,2472238
2022/10/11 3:13:19,0.00,0.00,20.00,927.02,17.90,68.67,92.03,108,0.00,0.00,0.00,2532575
2022/10/11 3:14:19,0.00,0.00,20.00,927.02,17.90,68.71,63.30,93,0.00,0.00,0.00,2592887
2022/10/11 3:15:20,0.00,0.00,20.00,926.69,17.89,68.72,98.60,113,0.00,0.00,0.00,2653224
2022/10/11 3:16:20,0.00,0.00,20.00,926.75,17.89,68.74,80.40,103,0.00,0.00,0.00,2713540
2022/10/11 3:17:21,0.00,0.00,20.00,926.78,17.89,68.77,72.02,99,0.00,0.00,0.00,2773873
2022/10/11 3:18:21,0.00,0.00,20.00,926.69,17.88,68.79,79.58,101,0.00,0.00,0.00,2834191
2022/10/11 3:19:22,0.00,0.00,20.00,926.64,17.88,68.80,82.78,103,0.00,0.00,0.00,2894526
2022/10/11 3:20:22,0.00,0.00,20.00,926.78,17.88,68.81,72.63,98,0.00,0.00,0.00,2954841
2022/10/11 3:21:23,0.00,0.00,20.00,927.05,17.87,68.85,83.70,104,0.00,0.00,0.00,3015178
2022/10/11 3:22:23,0.00,0.00,20.00,926.89,17.87,68.88,79.22,101,0.00,0.00,0.00,3075491
2022/10/11 3:23:24,0.00,0.00,20.00,927.07,17.87,68.90,82.35,103,0.00,0.00,0.00,3135827
2022/10/11 3:24:24,0.00,0.00,20.00,927.05,17.87,68.92,84.25,105,0.00,0.00,0.00,3196143
2022/10/11 3:25:25,0.00,0.00,20.00,926.48,17.87,68.93,73.20,100,0.00,0.00,0.00,3256479
2022/10/11 3:26:25,0.00,0.00,20.00,926.71,17.87,68.92,82.39,103,0.00,0.00,0.00,3316794
2022/10/11 3:27:25,0.00,0.00,20.00,926.73,17.87,68.93,86.94,106,0.00,0.00,0.00,3377129
2022/10/11 3:28:26,0.00,0.00,20.00,926.93,17.87,68.92,67.43,97,0.00,0.00,0.00,3437444
2022/10/11 3:29:26,0.00,0.00,20.00,926.87,17.86,68.93,76.97,100,0.00,0.00,0.00,3497781
2022/10/11 3:30:27,0.00,0.00,20.00,927.05,17.86,68.92,83.24,105,0.00,0.00,0.00,3558096
2022/10/11 3:32:9,0.00,0.00,20.00,926.90,17.86,68.94,79.52,102,0.00,0.00,0.00,60015
2022/10/11 3:33:9,0.00,0.00,20.00,926.71,17.86,68.95,88.57,106,0.00,0.00,0.00,120223
2022/10/11 3:34:10,0.00,0.00,20.00,926.98,17.86,68.99,74.84,100,0.00,0.00,0.00,180431
2022/10/11 3:35:10,0.00,0.00,20.00,927.25,17.86,69.00,72.30,98,0.00,0.00,0.00,240638
2022/10/11 3:36:10,0.00,0.00,20.00,927.25,17.86,68.96,72.10,99,0.00,0.00,0.00,300845
2022/10/11 3:37:11,0.00,0.00,20.00,927.45,17.86,68.93,80.14,102,0.00,0.00,0.00,361052
2022/10/11 3:38:11,0.00,0.00,20.00,927.36,17.86,68.97,75.86,100,0.00,0.00,0.00,421306
2022/10/11 3:39:11,0.00,0.00,20.00,927.29,17.86,68.97,76.21,100,0.00,0.00,0.00,481512
2022/10/11 3:40:12,0.00,0.00,20.00,927.47,17.86,68.98,83.07,103,0.00,0.00,0.00,541827
2022/10/11 3:41:12,0.00,0.00,20.00,927.23,17.85,69.02,84.49,103,0.00,0.00,0.00,602163
2022/10/11 3:42:13,0.00,0.00,20.00,927.38,17.85,69.03,79.95,102,0.00,0.00,0.00,662477
2022/10/11 3:43:13,0.00,0.00,20.00,926.66,17.85,69.03,75.99,101,0.00,0.00,0.00,722813
2022/10/11 3:44:14,0.00,0.00,20.00,926.82,17.85,69.06,80.25,103,0.00,0.00,0.00,783129
2022/10/11 3:45:14,0.00,0.00,20.00,926.82,17.85,69.08,78.66,101,0.00,0.00,0.00,843463
2022/10/11 3:46:15,0.00,0.00,20.00,926.93,17.85,69.02,71.52,98,0.00,0.00,0.00,903779
2022/10/11 3:47:15,0.00,0.00,20.00,927.16,17.85,68.95,75.05,100,0.00,0.00,0.00,964115
2022/10/11 3:48:16,0.00,0.00,20.00,927.38,17.85,68.90,79.01,102,0.00,0.00,0.00,1024430
2022/10/11 3:49:16,0.00,0.00,20.00,927.36,17.85,68.88,79.20,101,0.00,0.00,0.00,1084767
2022/10/11 3:50:16,0.00,0.00,20.00,927.25,17.85,68.89,82.81,103,0.00,0.00,0.00,1145080
2022/10/11 3:51:17,0.00,0.00,20.00,927.29,17.85,68.91,70.99,98,0.00,0.00,0.00,1205415
2022/10/11 3:52:17,0.00,0.00,20.00,927.23,17.85,68.95,82.96,104,0.00,0.00,0.00,1265732
2022/10/11 3:53:18,0.00,0.00,20.00,927.41,17.85,69.00,82.35,102,0.00,0.00,0.00,1326066
2022/10/11 3:54:18,0.00,0.00,20.00,926.60,17.85,69.05,31.98,78,0.00,0.00,0.00,1386382
2022/10/11 3:55:19,0.00,0.00,20.00,927.05,17.84,69.06,103.23,113,0.00,0.00,0.00,1446719
2022/10/11 3:56:19,0.00,0.00,20.00,927.05,17.84,69.03,61.80,94,0.00,0.00,0.00,1507033
2022/10/11 3:57:20,0.00,0.00,20.00,927.02,17.84,69.11,90.71,107,0.00,0.00,0.00,1567370
2022/10/11 3:58:20,0.00,0.00,20.00,927.09,17.84,69.11,78.53,102,0.00,0.00,0.00,1627683
2022/10/11 3:59:21,0.00,0.00,20.00,927.14,17.84,69.11,95.13,110,0.00,0.00,0.00,1688019
2022/10/11 4:0:21,0.00,0.00,20.00,927.09,17.84,69.11,79.23,101,0.00,0.00,0.00,1748334
2022/10/11 4:1:22,0.00,0.00,20.00,927.23,17.84,69.07,79.29,102,0.00,0.00,0.00,1808670
2022/10/11 4:2:22,0.00,0.00,20.00,927.00,17.84,69.02,78.15,101,0.00,0.00,0.00,1868985
2022/10/11 4:3:23,0.00,0.00,20.00,927.23,17.84,69.09,63.43,98,0.00,0.00,0.00,1929319
2022/10/11 4:4:23,0.00,0.00,20.00,926.51,17.84,69.09,70.88,99,0.00,0.00,0.00,1989638
2022/10/11 4:5:23,0.00,0.00,20.00,926.73,17.84,69.12,90.23,108,0.00,0.00,0.00,2049973
2022/10/11 4:6:24,0.00,0.00,20.00,926.87,17.83,69.16,71.78,98,0.00,0.00,0.00,2110287
2022/10/11 4:7:24,0.00,0.00,20.00,927.07,17.83,69.15,64.81,95,0.00,0.00,0.00,2170622
2022/10/11 4:8:25,0.00,0.00,20.00,926.91,17.84,69.11,74.77,100,0.00,0.00,0.00,2230939
2022/10/11 4:9:25,0.00,0.00,20.00,927.00,17.84,69.07,99.19,112,0.00,0.00,0.00,2291276
2022/10/11 4:10:26,0.00,0.00,20.00,927.11,17.83,69.03,81.06,102,0.00,0.00,0.00,2351590
2022/10/11 4:11:26,0.00,0.00,20.00,927.23,17.83,69.01,80.34,102,0.00,0.00,0.00,2411927
2022/10/11 4:12:27,0.00,0.00,20.00,927.05,17.83,69.07,77.09,100,0.00,0.00,0.00,2472243
2022/10/11 4:13:27,0.00,0.00,20.00,926.96,17.83,69.07,85.82,104,0.00,0.00,0.00,2532577
2022/10/11 4:14:28,0.00,0.00,20.00,927.09,17.83,69.07,71.75,99,0.00,0.00,0.00,2592893
2022/10/11 4:15:28,0.00,0.00,20.00,926.69,17.83,69.11,95.63,111,0.00,0.00,0.00,2653228
2022/10/11 4:16:29,0.00,0.00,20.00,926.75,17.83,69.15,70.66,98,0.00,0.00,0.00,2713542
2022/10/11 4:17:29,0.00,0.00,20.00,926.87,17.83,69.18,85.45,105,0.00,0.00,0.00,2773880
2022/10/11 4:18:29,0.00,0.00,20.00,926.80,17.83,69.21,75.34,100,0.00,0.00,0.00,2834193
2022/10/11 4:19:30,0.00,0.00,20.00,926.87,17.83,69.26,83.42,104,0.00,0.00,0.00,2894531
2022/10/11 4:20:30,0.00,0.00,20.00,927.09,17.82,69.28,71.01,98,0.00,0.00,0.00,2954845
2022/10/11 4:21:31,0.00,0.00,20.00,926.98,17.82,69.28,77.68,102,0.00,0.00,0.00,3015181
2022/10/11 4:22:31,0.00,0.00,20.00,926.96,17.82,69.34,77.13,101,0.00,0.00,0.00,3075497
2022/10/11 4:23:32,0.00,0.00,20.00,926.75,17.82,69.37,82.37,103,0.00,0.00,0.00,3135834
2022/10/11 4:24:32,0.00,0.00,20.00,927.14,17.82,69.42,75.67,100,0.00,0.00,0.00,3196148
2022/10/11 4:25:33,0.00,0.00,20.00,926.60,17.81,69.46,73.41,99,0.00,0.00,0.00,3256484
2022/10/11 4:26:33,0.00,0.00,20.00,926.66,17.82,69.38,87.85,106,0.00,0.00,0.00,3316798
2022/10/11 4:27:34,0.00,0.00,20.00,926.75,17.81,69.47,90.19,105,0.00,0.00,0.00,3377135
2022/10/11 4:28:34,0.00,0.00,20.00,926.84,17.81,69.45,76.06,100,0.00,0.00,0.00,3437452
2022/10/11 4:29:35,0.00,0.00,20.00,927.02,17.81,69.56,88.68,107,0.00,0.00,0.00,3497786
2022/10/11 4:30:35,0.00,0.00,20.00,927.11,17.81,69.48,68.80,97,0.00,0.00,0.00,3558102
2022/10/11 4:32:17,0.00,0.00,20.00,926.60,17.81,69.42,79.72,102,0.00,0.00,0.00,60016
2022/10/11 4:33:18,0.00,0.00,20.00,926.82,17.81,69.40,83.42,104,0.00,0.00,0.00,120275
2022/10/11 4:35:18,0.00,0.00,20.00,927.18,17.81,69.45,82.74,104,0.00,0.00,0.00,240692
2022/10/11 4:36:19,0.00,0.00,20.00,927.09,17.81,69.40,80.32,103,0.00,0.00,0.00,300900
2022/10/11 4:37:19,0.00,0.00,20.00,926.96,17.81,69.35,68.63,97,0.00,0.00,0.00,361106
2022/10/11 4:38:19,0.00,0.00,20.00,927.32,17.81,69.36,79.81,102,0.00,0.00,0.00,421312
2022/10/11 4:39:20,0.00,0.00,20.00,927.14,17.81,69.39,80.03,102,0.00,0.00,0.00,481566
2022/10/11 4:40:20,0.00,0.00,20.00,927.05,17.81,69.39,72.82,99,0.00,0.00,0.00,541878
2022/10/11 4:41:21,0.00,0.00,20.00,927.14,17.81,69.37,81.54,103,0.00,0.00,0.00,602213
2022/10/11 4:42:21,0.00,0.00,20.00,927.09,17.80,69.52,79.68,102,0.00,0.00,0.00,662531
2022/10/11 4:43:21,0.00,0.00,20.00,926.57,17.80,69.52,82.19,104,0.00,0.00,0.00,722867
2022/10/11 4:44:22,0.00,0.00,20.00,926.64,17.80,69.49,66.27,97,0.00,0.00,0.00,783180
2022/10/11 4:45:22,0.00,0.00,20.00,926.91,17.80,69.53,77.08,102,0.00,0.00,0.00,843517
2022/10/11 4:46:23,0.00,0.00,20.00,926.71,17.79,69.54,80.91,103,0.00,0.00,0.00,903833
2022/10/11 4:47:23,0.00,0.00,20.00,926.75,17.79,69.60,106.70,116,0.00,0.00,0.00,964168
2022/10/11 4:48:24,0.00,0.00,20.00,926.93,17.79,69.56,70.69,98,0.00,0.00,0.00,1024483
2022/10/11 4:49:24,0.00,0.00,20.00,926.98,17.79,69.47,74.77,100,0.00,0.00,0.00,1084819
2022/10/11 4:50:25,0.00,0.00,20.00,926.80,17.79,69.41,79.03,103,0.00,0.00,0.00,1145134
2022/10/11 4:51:25,0.00,0.00,20.00,926.82,17.79,69.43,79.68,103,0.00,0.00,0.00,1205471
2022/10/11 4:52:26,0.00,0.00,20.00,926.46,17.79,69.48,91.00,108,0.00,0.00,0.00,1265785
2022/10/11 4:53:26,0.00,0.00,20.00,926.78,17.79,69.55,74.22,99,0.00,0.00,0.00,1326119
2022/10/11 4:54:27,0.00,0.00,20.00,926.53,17.79,69.50,86.80,107,0.00,0.00,0.00,1386436
2022/10/11 4:55:27,0.00,0.00,20.00,926.60,17.79,69.42,66.91,97,0.00,0.00,0.00,1446769
2022/10/11 4:56:27,0.00,0.00,20.00,926.60,17.79,69.36,82.70,104,0.00,0.00,0.00,1507087
2022/10/11 4:57:28,0.00,0.00,20.00,926.60,17.79,69.35,79.58,102,0.00,0.00,0.00,1567422
2022/10/11 4:58:28,0.00,0.00,20.00,926.64,17.79,69.32,81.02,103,0.00,0.00,0.00,1627738
2022/10/11 4:59:29,0.00,0.00,20.00,926.71,17.79,69.38,67.41,98,0.00,0.00,0.00,1688073
2022/10/11 5:0:29,0.00,0.00,20.00,926.71,17.79,69.49,71.84,100,0.00,0.00,0.00,1748386
2022/10/11 5:1:30,0.00,0.00,20.00,926.66,17.79,69.59,49.36,87,0.00,0.00,0.00,1808721
2022/10/11 5:3:31,0.00,0.00,20.00,926.80,17.79,69.47,88.03,107,0.00,0.00,0.00,1929374
2022/10/11 5:4:31,0.00,0.00,20.00,926.46,17.79,69.45,67.97,98,0.00,0.00,0.00,1989688
2022/10/11 5:5:32,0.00,0.00,20.00,926.60,17.79,69.39,87.57,106,0.00,0.00,0.00,2050024
2022/10/11 5:6:32,0.00,0.00,20.00,926.55,17.79,69.36,72.52,99,0.00,0.00,0.00,2110339
2022/10/11 5:7:33,0.00,0.00,20.00,926.51,17.79,69.48,78.16,102,0.00,0.00,0.00,2170676
2022/10/11 5:8:33,0.00,0.00,20.00,926.62,17.79,69.50,94.39,109,0.00,0.00,0.00,2230991
2022/10/11 5:9:34,0.00,0.00,20.00,926.57,17.79,69.56,80.51,103,0.00,0.00,0.00,2291325
2022/10/11 5:10:34,0.00,0.00,20.00,926.53,17.78,69.68,69.42,99,0.00,0.00,0.00,2351641
2022/10/11 5:11:34,0.00,0.00,20.00,926.80,17.78,69.67,79.55,103,0.00,0.00,0.00,2411978
2022/10/11 5:12:35,0.00,0.00,20.00,926.66,17.78,69.58,83.46,104,0.00,0.00,0.00,2472293
2022/10/11 5:13:35,0.00,0.00,20.00,926.64,17.78,69.54,77.04,101,0.00,0.00,0.00,2532630
2022/10/11 5:14:36,0.00,0.00,20.00,926.51,17.78,69.58,75.95,101,0.00,0.00,0.00,2592944
2022/10/11 5:15:36,0.00,0.00,20.00,926.44,17.78,69.56,74.18,100,0.00,0.00,0.00,2653280
2022/10/11 5:16:37,0.00,0.00,20.00,926.60,17.78,69.60,78.63,102,0.00,0.00,0.00,2713595
2022/10/11 5:17:37,0.00,0.00,20.00,926.60,17.78,69.58,71.76,100,0.00,0.00,0.00,2773929
2022/10/11 5:18:38,0.00,0.00,20.00,926.51,17.78,69.56,94.95,110,0.00,0.00,0.00,2834246
2022/10/11 5:19:38,0.00,0.00,20.00,926.37,17.78,69.55,91.17,105,0.00,0.00,0.00,2894581
2022/10/11 5:20:39,0.00,0.00,20.00,926.62,17.78,69.70,70.68,98,0.00,0.00,0.00,2954895
2022/10/11 5:21:39,0.00,0.00,20.00,926.64,17.77,69.87,55.05,91,0.00,0.00,0.00,3015232
2022/10/11 5:22:40,0.00,0.00,20.00,926.57,17.77,69.83,81.34,104,0.00,0.00,0.00,3075547
2022/10/11 5:23:40,0.00,0.00,20.00,926.69,17.77,69.73,66.38,96,0.00,0.00,0.00,3135882
2022/10/11 5:24:40,0.00,0.00,20.00,926.78,17.77,69.82,92.00,108,0.00,0.00,0.00,3196198
2022/10/11 5:25:41,0.00,0.00,20.00,926.39,17.77,69.81,70.90,102,0.00,0.00,0.00,3256534
2022/10/11 5:26:41,0.00,0.00,20.00,926.55,17.77,69.77,86.85,106,0.00,0.00,0.00,3316849
2022/10/11 5:27:42,0.00,0.00,20.00,926.62,17.77,69.69,88.38,108,0.00,0.00,0.00,3377184
2022/10/11 5:28:42,0.00,0.00,20.00,926.69,17.77,69.62,74.09,100,0.00,0.00,0.00,3437499
2022/10/11 5:29:43,0.00,0.00,20.00,926.87,17.77,69.62,98.45,112,0.00,0.00,0.00,3497836
2022/10/11 5:30:43,0.00,0.00,20.00,926.78,17.78,69.61,80.10,103,0.00,0.00,0.00,3558152
2022/10/11 5:32:25,0.00,0.00,20.00,926.62,17.78,69.62,79.16,102,0.00,0.00,0.00,60016
2022/10/11 5:33:26,0.00,0.00,20.00,926.78,17.78,69.63,79.90,105,0.00,0.00,0.00,120275
2022/10/11 5:34:26,0.00,0.00,20.00,926.80,17.78,69.67,91.00,108,0.00,0.00,0.00,180484
2022/10/11 5:35:26,0.00,0.00,20.00,926.84,17.78,69.62,76.41,101,0.00,0.00,0.00,240691
2022/10/11 5:36:27,0.00,0.00,20.00,926.98,17.78,69.59,48.69,88,0.00,0.00,0.00,300897
2022/10/11 5:37:27,0.00,0.00,20.00,927.02,17.78,69.56,43.43,86,0.00,0.00,0.00,361102
2022/10/11 5:38:27,0.00,0.00,20.00,927.02,17.78,69.52,81.10,104,0.00,0.00,0.00,421308
2022/10/11 5:39:28,0.00,0.00,20.00,926.87,17.78,69.48,76.87,101,0.00,0.00,0.00,481562
2022/10/11 5:40:28,0.00,0.00,20.00,926.78,17.78,69.44,107.71,117,0.00,0.00,0.00,541880
2022/10/11 5:41:29,0.00,0.00,20.00,926.75,17.78,69.42,77.33,102,0.00,0.00,0.00,602213
2022/10/11 5:42:29,0.00,0.00,20.00,926.82,17.78,69.42,53.21,90,0.00,0.00,0.00,662529
2022/10/11 5:43:30,0.00,0.00,20.00,926.51,17.78,69.41,81.67,104,0.00,0.00,0.00,722866
2022/10/11 5:44:30,0.00,0.00,20.00,926.53,17.78,69.40,78.64,102,0.00,0.00,0.00,783178
2022/10/11 5:45:31,0.00,0.00,20.00,926.57,17.78,69.39,73.13,100,0.00,0.00,0.00,843515
2022/10/11 5:46:31,0.00,0.00,20.00,926.48,17.78,69.51,84.07,105,0.00,0.00,0.00,903831
2022/10/11 5:47:32,0.00,0.00,20.00,926.69,17.78,69.73,76.56,101,0.00,0.00,0.00,964165
2022/10/11 5:48:32,0.00,0.00,20.00,926.66,17.78,69.68,76.15,101,0.00,0.00,0.00,1024483
2022/10/11 5:49:32,0.00,0.00,20.00,926.96,17.78,69.69,74.35,100,0.00,0.00,0.00,1084816
2022/10/11 5:50:33,0.00,0.00,20.00,926.89,17.78,69.76,105.30,114,0.00,0.00,0.00,1145134
2022/10/11 5:51:33,0.00,0.00,20.00,926.93,17.77,69.76,82.09,104,0.00,0.00,0.00,1205469
2022/10/11 5:52:34,0.00,0.00,20.00,926.98,17.77,69.81,75.25,101,0.00,0.00,0.00,1265781
2022/10/11 5:53:34,0.00,0.00,20.00,926.80,17.77,69.80,76.34,101,0.00,0.00,0.00,1326119
2022/10/11 5:54:35,0.00,0.00,20.00,926.57,17.77,69.83,78.57,102,0.00,0.00,0.00,1386433
2022/10/11 5:55:35,0.00,0.00,20.00,926.84,17.77,69.84,74.11,101,0.00,0.00,0.00,1446769
2022/10/11 5:56:36,0.00,0.00,20.00,927.05,17.77,69.84,81.39,104,0.00,0.00,0.00,1507087
2022/10/11 5:57:36,0.00,0.00,20.00,926.93,17.77,69.88,91.78,108,0.00,0.00,0.00,1567422
2022/10/11 5:58:37,0.00,0.00,20.00,927.02,17.77,69.86,73.94,100,0.00,0.00,0.00,1627738
2022/10/11 5:59:37,0.00,0.00,20.00,926.91,17.76,69.82,76.41,102,0.00,0.00,0.00,1688074
2022/10/11 6:0:38,0.00,0.00,20.00,926.82,17.77,69.93,85.01,105,0.00,0.00,0.00,1748386
2022/10/11 6:2:38,0.00,0.00,20.00,927.34,17.76,70.03,87.72,106,0.00,0.00,0.00,1869038
2022/10/11 6:3:39,0.00,0.00,20.00,927.68,17.76,69.94,74.68,102,0.00,0.00,0.00,1929374
2022/10/11 6:4:39,0.00,0.00,20.00,926.78,17.76,69.86,82.02,104,0.00,0.00,0.00,1989689
2022/10/11 6:5:40,0.00,0.00,20.00,927.25,17.76,69.79,71.41,100,0.00,0.00,0.00,2050024
2022/10/11 6:6:40,0.00,0.00,20.00,927.25,17.77,69.79,78.75,103,0.00,0.00,0.00,2110340
2022/10/11 6:7:41,0.00,0.00,20.00,927.59,17.77,69.74,80.64,104,0.00,0.00,0.00,2170676
2022/10/11 6:8:41,0.00,0.00,20.00,927.81,17.77,69.72,76.71,102,0.00,0.00,0.00,2230991
2022/10/11 6:9:42,0.00,0.00,20.00,928.08,17.77,69.70,80.45,104,0.00,0.00,0.00,2291325
2022/10/11 6:10:42,0.00,0.00,20.00,927.65,17.77,69.68,52.82,89,0.00,0.00,0.00,2351641
2022/10/11 6:11:43,0.00,0.00,20.00,927.56,17.77,69.66,85.56,106,0.00,0.00,0.00,2411978
2022/10/11 6:12:43,0.00,0.00,20.00,927.59,17.77,69.66,73.65,100,0.00,0.00,0.00,2472293
2022/10/11 6:13:44,0.00,0.00,20.00,927.47,17.77,69.68,81.65,103,0.00,0.00,0.00,2532630
2022/10/11 6:14:44,0.00,0.00,20.00,927.47,17.77,69.68,82.39,104,0.00,0.00,0.00,2592944
2022/10/11 6:15:44,0.00,0.00,20.00,927.38,17.77,69.69,72.65,100,0.00,0.00,0.00,2653280
2022/10/11 6:16:45,0.00,0.00,20.00,927.50,17.76,69.66,84.32,105,0.00,0.00,0.00,2713595
2022/10/11 6:17:45,0.00,0.00,20.00,927.72,17.77,69.63,71.49,99,0.00,0.00,0.00,2773928
2022/10/11 6:18:46,0.00,0.00,20.00,927.70,17.76,69.72,77.39,101,0.00,0.00,0.00,2834246
2022/10/11 6:19:46,0.00,0.00,20.00,927.74,17.76,69.80,82.22,104,0.00,0.00,0.00,2894581
2022/10/11 6:21:47,0.00,0.00,20.00,927.88,17.76,69.98,82.90,105,0.00,0.00,0.00,3015233
2022/10/11 6:22:48,0.00,0.00,20.00,927.81,17.76,69.98,67.78,97,0.00,0.00,0.00,3075546
2022/10/11 6:23:48,0.00,0.00,20.00,927.81,17.76,69.94,103.51,115,0.00,0.00,0.00,3135884
2022/10/11 6:24:49,0.00,0.00,20.00,927.74,17.75,69.92,83.75,107,0.00,0.00,0.00,3196198
2022/10/11 6:25:49,0.00,0.00,20.00,927.56,17.75,69.97,76.71,102,0.00,0.00,0.00,3256534
2022/10/11 6:26:50,0.00,0.00,20.00,927.54,17.76,69.96,84.62,106,0.00,0.00,0.00,3316849
2022/10/11 6:27:50,0.00,0.00,20.00,927.61,17.76,69.93,72.19,100,0.00,0.00,0.00,3377184
2022/10/11 6:28:50,0.00,0.00,20.00,927.70,17.77,69.86,78.40,103,0.00,0.00,0.00,3437499
2022/10/11 6:29:51,0.00,0.00,20.00,927.61,17.77,69.79,85.60,106,0.00,0.00,0.00,3497836
2022/10/11 6:30:51,0.00,0.00,20.00,927.79,17.77,69.74,64.55,97,0.00,0.00,0.00,3558151
2022/10/11 6:32:33,0.00,0.00,20.00,927.63,17.78,69.68,68.14,99,0.00,0.00,0.00,60015
2022/10/11 6:33:34,0.00,0.00,20.00,927.59,17.78,69.65,82.44,106,0.00,0.00,0.00,120224
2022/10/11 6:34:34,0.00,0.00,20.00,927.72,17.78,69.67,70.33,99,0.00,0.00,0.00,180480
2022/10/11 6:35:35,0.00,0.00,20.00,927.72,17.78,69.69,66.67,100,0.00,0.00,0.00,240688
2022/10/11 6:36:35,0.00,0.00,20.00,927.63,17.78,69.66,99.26,110,0.00,0.00,0.00,300897
2022/10/11 6:37:35,0.00,0.00,20.00,927.65,17.78,69.60,93.38,105,0.00,0.00,0.00,361105
2022/10/11 6:38:36,0.00,0.00,20.00,927.56,17.78,69.61,154.96,138,0.00,0.00,0.00,421313
2022/10/11 6:39:36,0.00,0.00,20.00,927.50,17.78,69.63,55.11,93,0.00,0.00,0.00,481521
2022/10/11 6:40:36,0.00,0.00,20.00,927.43,17.78,69.65,102.14,111,0.00,0.00,0.00,541828
2022/10/11 6:41:37,0.00,0.00,20.00,927.36,17.78,69.63,112.05,112,0.00,0.00,0.00,602164
2022/10/11 6:42:37,0.00,0.00,20.00,927.00,17.78,69.61,81.17,103,0.00,0.00,0.00,662477
2022/10/11 6:43:38,0.00,0.00,20.00,926.48,17.78,69.61,82.26,104,0.00,0.00,0.00,722813
2022/10/11 6:44:38,0.00,0.00,20.00,926.62,17.78,69.82,64.98,96,0.00,0.00,0.00,783128
2022/10/11 6:45:39,0.00,0.00,20.00,926.37,17.78,69.96,72.02,98,0.00,0.00,0.00,843462
2022/10/11 6:46:39,0.00,0.00,20.00,925.97,17.77,70.10,96.65,108,0.00,0.00,0.00,903780
2022/10/11 6:47:40,0.00,0.00,20.00,925.76,17.77,70.31,105.17,114,0.00,0.00,0.00,964116
2022/10/11 6:48:40,0.00,0.00,20.00,925.13,17.76,70.47,90.96,105,0.00,0.00,0.00,1024430
2022/10/11 6:49:41,0.00,0.00,20.00,925.34,17.76,70.54,24.42,76,0.00,0.00,0.00,1084766
2022/10/11 6:50:41,0.00,0.00,20.00,925.22,17.76,70.64,83.55,105,0.00,0.00,0.00,1145080
2022/10/11 6:51:41,0.00,0.00,20.00,925.54,17.75,70.74,96.05,112,0.00,0.00,0.00,1205416
2022/10/11 6:52:42,0.00,0.00,20.00,925.92,17.75,70.72,105.65,114,0.00,0.00,0.00,1265733
2022/10/11 6:53:42,0.00,0.00,20.00,926.19,17.74,70.76,133.57,122,0.00,0.00,0.00,1326067
2022/10/11 6:54:43,0.00,0.00,20.00,926.35,17.74,70.67,91.09,106,0.00,0.00,0.00,1386383
2022/10/11 6:55:43,0.00,0.00,20.00,926.80,17.75,70.62,92.37,110,0.00,0.00,0.00,1446718
2022/10/11 6:56:44,0.00,0.00,20.00,926.82,17.75,70.66,96.00,107,0.00,0.00,0.00,1507034
2022/10/11 6:57:44,0.00,0.00,20.00,927.47,17.75,70.63,72.96,101,0.00,0.00,0.00,1567370
2022/10/11 6:58:45,0.00,0.00,20.00,927.72,17.75,70.66,103.56,118,0.00,0.00,0.00,1627684
2022/10/11 6:59:45,0.00,0.00,20.00,927.61,17.75,70.59,21.14,79,0.00,0.00,0.00,1688018
2022/10/11 7:0:46,0.00,0.00,20.00,927.56,17.75,70.54,74.57,97,0.00,0.00,0.00,1748333
2022/10/11 7:1:46,0.00,0.00,20.00,927.68,17.75,70.55,26.39,81,0.00,0.00,0.00,1808669
2022/10/11 7:2:47,0.00,0.00,20.00,927.70,17.75,70.54,7.19,70,0.00,0.00,0.00,1868983
2022/10/11 7:3:47,0.00,0.00,20.00,927.68,17.75,70.55,24.14,79,0.00,0.00,0.00,1929319
2022/10/11 7:4:47,0.00,0.00,20.00,927.25,17.74,70.59,60.00,92,0.00,0.00,0.00,1989635
2022/10/11 7:5:48,0.00,0.00,20.00,927.32,17.74,70.68,36.89,82,0.00,0.00,0.00,2049971
2022/10/11 7:6:48,0.00,0.00,20.00,927.43,17.74,70.85,120.75,122,0.00,0.00,0.00,2110288
2022/10/11 7:7:49,0.00,0.00,20.00,927.52,17.74,70.80,57.78,91,0.00,0.00,0.00,2170620
2022/10/11 7:8:49,0.00,0.00,20.00,927.65,17.73,70.88,83.99,104,0.00,0.00,0.00,2230937
2022/10/11 7:9:50,0.00,0.00,20.00,927.63,17.73,70.83,80.93,104,0.00,0.00,0.00,2291273
2022/10/11 7:10:50,0.00,0.00,20.00,927.74,17.73,70.84,75.56,102,0.00,0.00,0.00,2351589
2022/10/11 7:11:51,0.00,0.00,20.00,927.56,17.73,70.93,72.58,100,0.00,0.00,0.00,2411926
2022/10/11 7:12:51,0.00,0.00,20.00,927.56,17.73,70.90,82.59,105,0.00,0.00,0.00,2472240
2022/10/11 7:13:52,0.00,0.00,20.00,927.74,17.73,70.89,78.94,103,0.00,0.00,0.00,2532576
2022/10/11 7:14:52,0.00,0.00,20.00,927.72,17.73,70.94,76.52,102,0.00,0.00,0.00,2592891
2022/10/11 7:15:53,0.00,0.00,20.00,927.65,17.72,71.13,75.97,102,0.00,0.00,0.00,2653225
2022/10/11 7:16:53,0.00,0.00,20.00,927.56,17.72,71.10,81.98,105,0.00,0.00,0.00,2713542
2022/10/11 7:17:53,0.00,0.00,20.00,927.43,17.72,71.08,87.77,107,0.00,0.00,0.00,2773877
2022/10/11 7:18:54,0.00,0.00,20.00,927.45,17.73,71.20,84.31,108,0.00,0.00,0.00,2834192
2022/10/11 7:19:54,0.00,0.00,20.00,927.54,17.74,71.35,78.02,104,0.00,0.00,0.00,2894529
2022/10/11 7:20:55,0.00,0.00,20.00,927.52,17.76,71.75,65.84,97,0.00,0.00,0.00,2954842
2022/10/11 7:21:55,0.00,0.00,20.00,927.79,17.76,71.85,103.45,115,0.00,0.00,0.00,3015180
2022/10/11 7:22:56,0.00,0.00,20.00,927.74,17.77,71.94,42.25,87,0.00,0.00,0.00,3075493
2022/10/11 7:23:56,0.00,0.00,20.00,927.83,17.77,72.03,95.46,112,0.00,0.00,0.00,3135830
2022/10/11 7:24:57,0.00,0.00,20.00,927.70,17.77,72.17,59.65,97,0.00,0.00,0.00,3196144
2022/10/11 7:25:57,0.00,0.00,20.00,927.47,17.77,72.17,79.86,106,0.00,0.00,0.00,3256480
2022/10/11 7:26:58,0.00,0.00,20.19,927.79,17.78,72.27,92.62,112,0.02,0.00,0.00,3316795
2022/10/11 7:27:58,0.00,0.00,20.81,927.79,17.78,72.42,114.74,121,0.00,0.00,0.00,3377134
2022/10/11 7:28:59,0.00,0.00,21.00,927.81,17.78,72.41,64.44,99,0.00,0.00,0.00,3437447
2022/10/11 7:29:59,0.00,0.00,21.00,927.97,17.79,72.46,105.18,118,0.00,0.00,0.00,3497784
2022/10/11 7:30:59,0.00,0.00,21.00,928.01,17.79,72.61,75.34,105,0.00,0.00,0.00,3558097
2022/10/11 7:32:42,0.00,0.00,21.00,927.86,17.79,72.73,77.56,107,0.00,0.00,0.00,60016
2022/10/11 7:33:42,0.00,0.00,21.00,928.08,17.80,72.76,61.03,97,0.00,0.00,0.00,120224
2022/10/11 7:34:42,0.00,0.00,21.00,928.11,17.80,72.80,88.20,112,0.00,0.00,0.00,180432
2022/10/11 7:35:43,0.00,0.00,21.00,928.29,17.81,72.92,117.58,123,0.00,0.00,0.00,240689
2022/10/11 7:36:43,0.00,0.00,21.00,928.24,17.81,72.99,99.36,118,0.00,0.00,0.00,300897
2022/10/11 7:37:43,0.00,0.00,21.00,928.33,17.81,72.96,65.66,102,0.00,0.00,0.00,361104
2022/10/11 7:38:44,0.00,0.00,21.00,928.35,17.81,72.99,102.73,118,0.00,0.00,0.00,421312
2022/10/11 7:39:44,0.00,0.00,21.00,928.38,17.82,73.01,83.05,106,0.00,0.00,0.00,481520
2022/10/11 7:40:45,0.00,0.00,21.00,928.44,17.82,72.97,66.45,104,0.00,0.00,0.00,541829
2022/10/11 7:41:45,0.00,0.00,21.00,928.65,17.82,73.01,78.57,107,0.00,0.00,0.00,602166
2022/10/11 7:42:45,0.00,0.00,21.00,928.69,17.83,72.77,88.68,112,0.00,0.00,0.00,662481
2022/10/11 7:43:46,0.00,0.00,21.00,927.88,17.83,72.84,48.06,93,0.00,0.00,0.00,722816
2022/10/11 7:44:46,0.00,0.00,21.00,928.38,17.84,73.19,39.80,94,0.00,0.00,0.00,783131
2022/10/11 7:45:47,0.00,0.00,21.00,928.22,17.85,73.24,68.94,105,0.00,0.00,0.00,843470
2022/10/11 7:46:47,0.00,0.00,21.00,928.29,17.86,72.93,117.84,122,0.00,0.00,0.00,903783
2022/10/11 7:47:48,0.00,0.00,21.00,928.33,17.86,72.83,71.62,105,0.00,0.00,0.00,964119
2022/10/11 7:48:48,0.00,0.00,21.00,928.29,17.87,72.43,83.27,109,0.00,0.00,0.00,1024435
2022/10/11 7:49:49,0.00,0.00,20.83,928.44,17.87,72.28,46.79,98,0.00,0.00,0.00,1084768
2022/10/11 7:50:49,0.00,0.00,20.30,928.31,17.87,72.04,48.29,93,0.00,0.00,0.00,1145085
2022/10/11 7:51:50,0.00,0.00,20.00,928.35,17.88,71.96,79.05,102,0.00,0.00,0.00,1205420
2022/10/11 7:52:50,0.00,0.00,20.00,928.26,17.89,71.87,54.04,95,0.00,0.00,0.00,1265734
2022/10/11 7:53:51,0.00,0.00,20.00,928.24,17.90,71.97,76.10,102,0.00,0.00,0.00,1326072
2022/10/11 7:54:51,0.00,0.00,20.00,927.95,17.90,71.89,79.88,107,0.00,0.00,0.00,1386385
2022/10/11 7:55:51,0.00,0.00,20.00,928.20,17.90,71.83,30.99,90,0.00,0.00,0.00,1446722
2022/10/11 7:56:52,0.00,0.00,20.00,927.79,17.90,71.72,97.00,110,0.00,0.00,0.00,1507038
2022/10/11 7:57:52,0.00,0.00,20.00,928.13,17.90,71.67,122.74,129,0.00,0.00,0.00,1567374
2022/10/11 7:58:53,0.00,0.00,20.00,927.97,17.90,71.72,104.06,113,0.00,0.00,0.00,1627693
2022/10/11 7:59:53,0.00,0.00,20.00,928.31,17.90,71.80,96.90,118,0.00,0.00,0.00,1688026
2022/10/11 8:0:54,0.00,0.00,20.00,928.20,17.89,71.81,159.67,142,0.00,0.00,0.00,1748340
2022/10/11 8:1:54,0.00,0.00,20.00,928.38,17.89,71.76,62.63,103,0.00,0.00,0.00,1808676
2022/10/11 8:2:55,0.00,0.00,20.00,928.40,17.89,71.68,12.82,76,0.00,0.00,0.00,1868988
2022/10/11 8:3:55,0.00,0.00,20.00,928.33,17.89,71.77,53.51,94,0.00,0.00,0.00,1929325
2022/10/11 8:4:56,0.00,0.00,20.00,927.79,17.89,71.82,22.93,81,0.00,0.00,0.00,1989642
2022/10/11 8:5:56,0.00,0.00,20.00,928.11,17.89,71.79,68.56,102,0.00,0.00,0.00,2049977
2022/10/11 8:6:57,0.00,0.00,20.00,928.11,17.89,71.73,58.69,95,0.00,0.00,0.00,2110292
2022/10/11 8:7:57,0.00,0.00,20.00,928.53,17.89,71.84,-2.19,71,0.00,0.00,0.00,2170627
2022/10/11 8:8:57,0.00,0.00,20.00,928.51,17.89,71.83,4.96,73,0.00,0.00,0.00,2230940
2022/10/11 8:9:58,0.00,0.00,20.00,928.65,17.89,71.89,28.07,80,0.00,0.00,0.00,2291278
2022/10/11 8:10:58,0.00,0.00,20.00,928.85,17.89,71.88,26.08,82,0.00,0.00,0.00,2351594
2022/10/11 8:11:59,0.00,0.00,20.00,928.74,17.89,71.85,118.41,123,0.00,0.00,0.00,2411931
2022/10/11 8:12:59,0.00,0.00,20.00,928.92,17.88,71.78,89.47,114,0.00,0.00,0.00,2472247
2022/10/11 8:14:0,0.00,0.00,20.00,928.76,17.88,71.76,87.29,107,0.00,0.00,0.00,2532580
2022/10/11 8:15:0,0.00,0.00,20.00,928.71,17.88,71.87,113.67,123,0.00,0.00,0.00,2592898
2022/10/11 8:16:1,0.00,0.00,20.00,928.62,17.88,71.88,82.87,109,0.00,0.00,0.00,2653233
2022/10/11 8:17:1,0.00,0.00,20.00,928.78,17.88,71.94,62.80,99,0.00,0.00,0.00,2713544
2022/10/11 8:18:2,0.00,0.00,20.00,928.92,17.88,71.86,75.80,104,0.00,0.00,0.00,2773882
2022/10/11 8:19:2,0.00,0.00,20.00,928.89,17.87,71.86,77.76,105,0.00,0.00,0.00,2834197
2022/10/11 8:20:3,0.00,0.00,20.00,929.01,17.87,71.92,77.70,105,0.00,0.00,0.00,2894532
2022/10/11 8:21:3,0.00,0.00,20.00,929.03,17.87,72.06,78.26,106,0.00,0.00,0.00,2954850
2022/10/11 8:22:4,0.00,0.00,20.00,929.19,17.86,72.07,74.72,104,0.00,0.00,0.00,3015183
2022/10/11 8:23:4,0.00,0.00,20.00,929.37,17.86,72.02,68.89,102,0.00,0.00,0.00,3075500
2022/10/11 8:24:4,0.00,0.00,20.00,929.75,17.86,72.05,74.73,104,0.00,0.00,0.00,3135836
2022/10/11 8:25:5,0.00,0.00,20.00,929.41,17.86,72.02,69.40,102,0.00,0.00,0.00,3196148
2022/10/11 8:26:5,0.00,0.00,20.00,928.96,17.86,72.11,78.75,107,0.00,0.00,0.00,3256486
2022/10/11 8:28:6,0.00,0.00,20.00,929.12,17.86,72.13,79.97,107,0.00,0.00,0.00,3377136
2022/10/11 8:29:7,0.00,0.00,20.00,929.28,17.85,72.13,69.53,102,0.00,0.00,0.00,3437453
2022/10/11 8:30:7,0.00,0.00,20.00,929.43,17.85,72.18,76.98,106,0.00,0.00,0.00,3497786
2022/10/11 8:31:8,0.00,0.00,20.00,929.32,17.85,72.18,82.46,107,0.00,0.00,0.00,3558103
2022/10/11 8:32:50,0.00,0.00,20.00,928.96,17.85,72.17,75.23,105,0.00,0.00,0.00,60016
2022/10/11 8:33:50,0.00,0.00,20.00,929.14,17.85,72.23,73.68,105,0.00,0.00,0.00,120226
2022/10/11 8:34:51,0.00,0.00,20.00,929.19,17.85,72.18,72.65,103,0.00,0.00,0.00,180435
2022/10/11 8:35:51,0.00,0.00,20.00,929.19,17.85,72.11,70.22,103,0.00,0.00,0.00,240645
2022/10/11 8:36:51,0.00,0.00,20.00,929.16,17.84,72.19,74.96,104,0.00,0.00,0.00,300901
2022/10/11 8:37:52,0.00,0.00,20.00,929.25,17.84,72.25,81.21,107,0.00,0.00,0.00,361108
2022/10/11 8:38:52,0.00,0.00,20.00,929.05,17.84,72.27,72.89,104,0.00,0.00,0.00,421314
2022/10/11 8:39:52,0.00,0.00,20.00,929.10,17.84,72.29,69.72,103,0.00,0.00,0.00,481522
2022/10/11 8:41:53,0.00,0.00,20.00,929.10,17.84,72.18,73.04,105,0.00,0.00,0.00,602166
2022/10/11 8:43:7,0.00,0.00,20.00,928.83,17.84,72.22,65.17,107,0.00,0.00,0.00,60015
2022/10/11 8:44:8,0.00,0.00,20.00,928.96,17.84,72.17,88.59,114,0.00,0.00,0.00,120223
2022/10/11 8:45:8,0.00,0.00,20.00,928.94,17.84,72.34,79.01,108,0.00,0.00,0.00,180429
2022/10/11 8:46:8,0.00,0.00,20.00,929.07,17.85,72.28,65.48,102,0.00,0.00,0.00,240636
2022/10/11 8:47:9,0.00,0.00,20.00,928.96,17.85,72.22,71.41,105,0.00,0.00,0.00,300843
2022/10/11 8:48:9,0.00,0.00,20.00,928.98,17.85,72.15,80.19,109,0.00,0.00,0.00,361049
2022/10/11 8:49:9,0.00,0.00,20.00,928.94,17.85,72.07,93.82,116,0.02,0.00,0.00,421303
2022/10/11 8:50:10,0.00,0.00,20.00,928.92,17.85,71.93,64.66,101,0.00,0.00,0.00,481512
2022/10/11 8:51:10,0.00,0.00,20.00,928.80,17.85,71.82,68.32,103,0.00,0.00,0.00,541827
2022/10/11 8:52:11,0.00,0.00,20.00,928.87,17.85,71.74,73.18,106,0.00,0.00,0.00,602163
2022/10/11 8:53:11,0.00,0.00,20.00,929.03,17.85,71.64,63.23,101,0.00,0.00,0.00,662477
2022/10/11 8:54:12,0.00,0.00,20.00,928.71,17.86,71.57,80.25,109,0.00,0.00,0.00,722813
2022/10/11 8:55:12,0.00,0.00,20.00,928.65,17.86,71.47,75.97,105,0.00,0.00,0.00,783130
2022/10/11 8:56:13,0.00,0.00,20.00,928.83,17.87,71.51,71.43,105,0.00,0.00,0.00,843466
2022/10/11 8:57:13,0.00,0.00,20.00,928.83,17.87,71.56,61.01,100,0.00,0.00,0.00,903781
2022/10/11 8:58:13,0.00,0.00,20.00,928.98,17.87,71.52,73.37,105,0.00,0.00,0.00,964118
2022/10/11 8:59:14,0.00,0.00,20.00,928.85,17.88,71.47,79.40,108,0.00,0.00,0.00,1024432
2022/10/11 9:0:14,0.00,0.00,20.00,928.69,17.88,71.45,63.32,100,0.00,0.00,0.00,1084767
2022/10/11 9:1:15,0.00,0.00,20.00,928.94,17.89,71.41,76.56,106,0.00,0.00,0.00,1145082
2022/10/11 9:2:15,0.00,0.00,20.00,928.78,17.89,71.44,64.46,101,0.00,0.00,0.00,1205416
2022/10/11 9:3:16,0.00,0.00,20.00,928.80,17.89,71.41,70.49,103,0.00,0.00,0.00,1265733
2022/10/11 9:4:16,0.00,0.00,20.00,929.05,17.89,71.37,56.12,97,0.00,0.00,0.00,1326067
2022/10/11 9:5:17,0.00,0.00,20.00,928.80,17.90,71.36,77.22,106,0.00,0.00,0.00,1386383
2022/10/11 9:6:17,0.00,0.00,20.00,928.56,17.90,71.38,70.49,103,0.00,0.00,0.00,1446720
2022/10/11 9:7:18,0.00,0.00,20.00,928.87,17.90,71.36,76.12,106,0.00,0.00,0.00,1507034
2022/10/11 9:8:18,0.00,0.00,20.00,928.94,17.90,71.45,71.93,102,0.00,0.00,0.00,1567370
2022/10/11 9:9:19,0.00,0.00,20.00,929.03,17.90,71.63,85.71,107,0.00,0.00,0.00,1627685
2022/10/11 9:10:19,0.00,0.00,20.00,929.07,17.91,71.65,66.90,98,0.00,0.00,0.00,1688020
2022/10/11 9:11:19,0.00,0.00,20.00,929.10,17.92,71.96,214.08,171,0.00,0.00,0.00,1748338
2022/10/11 9:12:20,0.00,0.00,20.00,929.05,17.92,72.46,106.83,111,0.00,0.00,0.00,1808673
2022/10/11 9:13:20,0.00,0.00,20.00,928.87,17.93,72.25,93.20,108,0.00,0.00,0.00,1868987
2022/10/11 9:14:21,0.00,0.00,20.00,928.83,17.93,71.93,58.54,97,0.00,0.00,0.00,1929323
2022/10/11 9:15:21,0.00,0.00,20.00,928.65,17.94,71.77,90.36,114,0.00,0.00,0.00,1989640
2022/10/11 9:16:22,0.00,0.00,20.00,928.65,17.94,71.57,58.93,100,0.00,0.00,0.00,2049974
2022/10/11 9:17:22,0.00,0.00,20.00,928.94,17.95,71.62,64.53,101,0.00,0.00,0.00,2110289
2022/10/11 9:18:23,0.00,0.00,20.00,928.89,17.95,71.60,86.48,111,0.00,0.00,0.00,2170625
2022/10/11 9:20:24,0.00,0.00,20.00,929.25,17.96,71.58,77.98,107,0.00,0.00,0.00,2291277
2022/10/11 9:21:24,0.00,0.00,20.00,929.28,17.97,71.75,74.37,107,0.00,0.00,0.00,2351590
2022/10/11 9:22:25,0.00,0.00,20.00,929.37,17.97,71.72,75.55,107,0.00,0.00,0.00,2411927
2022/10/11 9:23:25,0.00,0.00,20.00,929.34,17.97,71.57,82.85,110,0.00,0.00,0.00,2472243
2022/10/11 9:24:26,0.00,0.00,20.00,929.07,17.97,71.39,61.01,100,0.00,0.00,0.00,2532577
2022/10/11 9:25:26,0.00,0.00,20.00,929.10,17.97,71.66,74.86,106,0.00,0.00,0.00,2592894
2022/10/11 9:26:26,0.00,0.00,20.00,928.87,17.97,71.66,80.97,110,0.00,0.00,0.00,2653231
2022/10/11 9:27:27,0.00,0.00,20.00,928.83,17.97,71.62,81.15,109,0.00,0.00,0.00,2713544
2022/10/11 9:28:27,0.00,0.00,20.00,928.89,17.97,71.54,64.85,101,0.00,0.00,0.00,2773882
2022/10/11 9:29:28,0.00,0.00,20.00,928.98,17.97,71.69,76.39,106,0.00,0.00,0.00,2834195
2022/10/11 9:30:28,0.00,0.00,20.00,929.19,17.97,71.60,70.68,104,0.00,0.00,0.00,2894532
2022/10/11 9:31:29,0.00,0.00,20.00,929.14,17.97,71.54,56.92,97,0.00,0.00,0.00,2954849
2022/10/11 9:32:29,0.00,0.00,20.00,929.19,17.96,71.71,75.43,106,0.00,0.00,0.00,3015182
2022/10/11 9:33:30,0.00,0.00,20.00,929.12,17.96,71.62,61.10,100,0.00,0.00,0.00,3075500
2022/10/11 9:34:30,0.00,0.00,20.00,928.94,17.95,71.60,78.07,107,0.00,0.00,0.00,3135834
2022/10/11 9:35:31,0.00,0.00,20.00,929.03,17.95,71.62,69.70,103,0.00,0.00,0.00,3196148
2022/10/11 9:36:31,0.00,0.00,20.00,928.69,17.94,71.72,71.73,105,0.00,0.00,0.00,3256485
2022/10/11 9:37:32,0.00,0.00,20.00,928.67,17.93,71.85,89.91,113,0.00,0.00,0.00,3316798
2022/10/11 9:38:32,0.00,0.00,20.00,928.80,17.93,71.82,83.27,108,0.00,0.00,0.00,3377135
2022/10/11 9:39:32,0.00,0.00,20.00,928.58,17.92,71.86,79.18,107,0.00,0.00,0.00,3437452
2022/10/11 9:40:33,0.00,0.00,20.00,928.78,17.91,71.96,72.91,104,0.00,0.00,0.00,3497786
2022/10/11 9:41:33,0.00,0.00,20.00,928.89,17.91,71.97,98.58,114,0.00,0.00,0.00,3558103
2022/10/11 9:43:16,0.00,0.00,20.00,928.85,17.89,71.83,71.13,107,0.00,0.00,0.00,60016
2022/10/11 9:44:16,0.00,0.00,20.00,928.92,17.89,71.87,50.33,93,0.00,0.00,0.00,120224
2022/10/11 9:45:16,0.00,0.00,20.00,928.89,17.89,71.87,85.76,109,0.00,0.00,0.00,180433
2022/10/11 9:46:17,0.00,0.00,20.00,929.07,17.88,71.93,72.78,104,0.00,0.00,0.00,240642
2022/10/11 9:47:17,0.00,0.00,20.00,929.01,17.88,71.90,64.66,101,0.00,0.00,0.00,300850
2022/10/11 9:48:17,0.00,0.00,20.00,929.21,17.87,71.84,67.19,101,0.00,0.00,0.00,361058
2022/10/11 9:49:18,0.00,0.00,20.00,929.07,17.88,71.73,81.58,108,0.00,0.00,0.00,421311
2022/10/11 9:50:18,0.00,0.00,20.00,929.10,17.88,71.66,61.18,98,0.00,0.00,0.00,481517
2022/10/11 9:51:18,0.00,0.00,20.00,929.19,17.88,71.56,80.82,107,0.00,0.00,0.00,541832
2022/10/11 9:52:19,0.00,0.00,20.00,929.12,17.88,71.55,66.84,101,0.00,0.00,0.00,602166
2022/10/11 9:53:19,0.00,0.00,20.00,928.92,17.88,71.62,83.97,108,0.00,0.00,0.00,662481
2022/10/11 9:54:20,0.00,0.00,20.00,928.94,17.88,71.71,57.84,98,0.00,0.00,0.00,722816
2022/10/11 9:55:20,0.00,0.00,20.00,928.76,17.87,71.63,81.19,108,0.00,0.00,0.00,783132
2022/10/11 9:56:21,0.00,0.00,20.00,928.76,17.87,71.51,80.82,108,0.00,0.00,0.00,843469
2022/10/11 9:57:21,0.00,0.00,20.00,929.10,17.87,71.48,61.93,99,0.00,0.00,0.00,903781
2022/10/11 9:58:22,0.00,0.00,20.00,928.94,17.87,71.52,87.40,111,0.00,0.00,0.00,964119
2022/10/11 9:59:22,0.00,0.00,20.00,929.10,17.87,71.56,71.84,104,0.00,0.00,0.00,1024435
2022/10/11 10:0:23,0.00,0.00,20.00,929.14,17.87,71.50,73.30,103,0.00,0.00,0.00,1084769
2022/10/11 10:1:23,0.00,0.00,20.00,928.94,17.87,71.45,84.75,109,0.00,0.00,0.00,1145086
2022/10/11 10:2:24,0.00,0.00,20.00,928.87,17.87,71.33,69.83,102,0.00,0.00,0.00,1205420
2022/10/11 10:3:24,0.00,0.00,20.00,928.87,17.88,71.21,85.51,109,0.00,0.00,0.00,1265735
2022/10/11 10:4:24,0.00,0.00,20.00,928.94,17.88,71.27,76.25,105,0.00,0.00,0.00,1326072
2022/10/11 10:5:25,0.00,0.00,20.00,928.62,17.88,71.40,92.85,112,0.00,0.00,0.00,1386385
2022/10/11 10:6:25,0.00,0.00,20.00,928.71,17.89,71.33,55.87,97,0.00,0.00,0.00,1446722
2022/10/11 10:7:26,0.00,0.00,20.00,928.78,17.89,71.47,67.71,100,0.00,0.00,0.00,1507038
2022/10/11 10:8:26,0.00,0.00,20.00,928.92,17.90,71.46,76.60,105,0.00,0.00,0.00,1567373
2022/10/11 10:9:27,0.00,0.00,20.00,928.85,17.90,71.41,83.35,109,0.00,0.00,0.00,1627689
2022/10/11 10:10:27,0.00,0.00,20.00,928.78,17.91,71.32,80.97,107,0.00,0.00,0.00,1688024
2022/10/11 10:11:28,0.00,0.00,20.00,929.10,17.91,71.32,86.63,111,0.00,0.00,0.00,1748339
2022/10/11 10:12:28,0.00,0.00,20.00,928.87,17.92,71.28,107.45,120,0.00,0.00,0.00,1808677
2022/10/11 10:13:29,0.00,0.00,20.00,928.83,17.92,71.24,98.23,112,0.00,0.00,0.00,1868990
2022/10/11 10:14:29,0.00,0.00,20.00,928.74,17.93,71.30,89.12,108,0.00,0.00,0.00,1929327
2022/10/11 10:15:30,0.00,0.00,20.00,928.24,17.93,71.27,61.88,100,0.00,0.00,0.00,1989642
2022/10/11 10:16:30,0.00,0.00,20.00,928.53,17.93,71.28,70.69,103,0.00,0.00,0.00,2049977
2022/10/11 10:17:30,0.00,0.00,20.00,928.65,17.93,71.36,46.98,89,0.00,0.00,0.00,2110292
2022/10/11 10:18:31,0.00,0.00,20.00,928.56,17.93,71.33,26.98,85,0.00,0.00,0.00,2170628
2022/10/11 10:19:31,0.00,0.00,20.00,928.58,17.93,71.33,85.84,111,0.00,0.00,0.00,2230942
2022/10/11 10:20:32,0.00,0.00,20.00,928.56,17.92,71.30,80.95,107,0.00,0.00,0.00,2291279
2022/10/11 10:21:32,0.00,0.00,20.00,928.35,17.92,71.41,68.89,101,0.00,0.00,0.00,2351593
2022/10/11 10:22:33,0.00,0.00,20.00,928.47,17.91,71.32,80.03,107,0.00,0.00,0.00,2411930
2022/10/11 10:23:33,0.00,0.00,20.00,928.51,17.91,71.42,79.01,106,0.00,0.00,0.00,2472247
2022/10/11 10:24:34,0.00,0.00,20.00,928.33,17.91,71.41,79.68,107,0.00,0.00,0.00,2532580
2022/10/11 10:25:34,0.00,0.00,20.00,928.01,17.91,71.46,78.39,106,0.00,0.00,0.00,2592897
2022/10/11 10:26:35,0.00,0.00,20.00,927.72,17.91,71.55,83.18,109,0.00,0.00,0.00,2653232
2022/10/11 10:27:35,0.00,0.00,20.00,927.92,17.91,71.52,65.83,101,0.00,0.00,0.00,2713545
2022/10/11 10:28:36,0.00,0.00,20.00,927.95,17.91,71.49,66.58,100,0.00,0.00,0.00,2773883
2022/10/11 10:29:36,0.00,0.00,20.00,928.10,17.92,71.61,67.87,102,0.00,0.00,0.00,2834196
2022/10/11 10:30:36,0.00,0.00,20.00,928.26,17.91,71.65,38.44,87,0.00,0.00,0.00,2894532
2022/10/11 10:31:37,0.00,0.00,20.00,928.13,17.91,71.56,96.18,116,0.00,0.00,0.00,2954850
2022/10/11 10:32:37,0.00,0.00,20.00,928.10,17.91,71.58,84.71,109,0.00,0.00,0.00,3015183
2022/10/11 10:33:38,0.00,0.00,20.00,928.31,17.91,71.74,79.99,108,0.00,0.00,0.00,3075501
2022/10/11 10:34:38,0.00,0.00,20.00,928.47,17.90,71.83,72.52,104,0.00,0.00,0.00,3135835
2022/10/11 10:35:39,0.00,0.00,20.00,928.44,17.90,71.82,75.08,105,0.00,0.00,0.00,3196149
2022/10/11 10:36:39,0.00,0.00,20.00,927.83,17.89,71.77,88.35,115,0.00,0.00,0.00,3256486
2022/10/11 10:37:40,0.00,0.00,20.00,928.33,17.89,71.80,71.30,103,0.00,0.00,0.00,3316799
2022/10/11 10:38:40,0.00,0.00,20.00,928.58,17.89,71.77,74.79,106,0.00,0.00,0.00,3377136
2022/10/11 10:39:41,0.00,0.00,20.00,928.58,17.90,71.71,76.71,105,0.00,0.00,0.00,3437453
2022/10/11 10:40:41,0.00,0.00,20.00,928.62,17.90,71.64,64.65,100,0.00,0.00,0.00,3497787
2022/10/11 10:41:42,0.00,0.00,20.00,928.51,17.90,71.69,91.30,114,0.00,0.00,0.00,3558104
2022/10/11 10:43:24,0.00,0.00,20.00,928.02,17.91,71.85,82.56,109,0.00,0.00,0.00,60017
2022/10/11 10:44:24,0.00,0.00,20.00,927.97,17.91,71.94,97.57,116,0.00,0.00,0.00,120228
2022/10/11 10:45:24,0.00,0.00,20.00,927.90,17.92,72.01,85.84,111,0.00,0.00,0.00,180439
2022/10/11 10:46:25,0.00,0.00,20.00,927.86,17.92,72.05,36.15,87,0.00,0.00,0.00,240648
2022/10/11 10:47:25,0.00,0.00,20.00,927.95,17.92,72.00,70.44,104,0.00,0.00,0.00,300857
2022/10/11 10:48:25,0.00,0.00,20.00,928.08,17.92,72.08,140.49,136,0.00,0.00,0.00,361067
2022/10/11 10:49:26,0.00,0.00,20.00,928.22,17.93,72.28,58.08,99,0.00,0.00,0.00,421322
2022/10/11 10:50:26,0.00,0.00,20.00,928.42,17.93,72.42,93.40,114,0.00,0.00,0.00,481531
2022/10/11 10:51:27,0.00,0.00,20.00,928.20,17.92,72.46,71.23,103,0.00,0.00,0.00,541833
2022/10/11 10:52:27,0.00,0.00,20.00,928.44,17.92,72.47,68.92,104,0.00,0.00,0.00,602167
2022/10/11 10:53:28,0.00,0.00,20.00,928.42,17.91,72.49,56.11,96,0.00,0.00,0.00,662481
2022/10/11 10:54:28,0.00,0.00,20.00,928.02,17.91,72.43,50.55,94,0.00,0.00,0.00,722817
2022/10/11 10:55:28,0.00,0.00,20.00,928.24,17.90,72.35,83.42,109,0.00,0.00,0.00,783133
2022/10/11 10:56:29,0.00,0.00,20.00,928.35,17.90,72.32,74.09,105,0.00,0.00,0.00,843470
2022/10/11 10:57:29,0.00,0.00,20.00,928.31,17.90,72.44,95.37,114,0.00,0.00,0.00,903783
2022/10/11 10:58:30,0.00,0.00,20.00,928.69,17.90,72.55,66.40,100,0.00,0.00,0.00,964122
2022/10/11 10:59:30,0.00,0.00,20.00,928.78,17.90,72.41,91.65,113,0.00,0.00,0.00,1024439
2022/10/11 11:0:31,0.00,0.00,20.00,928.94,17.90,72.26,79.36,107,0.00,0.00,0.00,1084771
2022/10/11 11:1:31,0.00,0.00,20.00,928.96,17.90,72.14,46.92,93,0.00,0.00,0.00,1145086
2022/10/11 11:2:32,0.00,0.00,20.00,928.89,17.90,72.30,87.72,109,0.00,0.00,0.00,1205423
2022/10/11 11:3:32,0.00,0.00,20.00,928.76,17.90,72.19,86.28,109,0.00,0.00,0.00,1265736
2022/10/11 11:4:33,0.00,0.00,20.00,928.98,17.90,72.08,100.17,119,0.00,0.00,0.00,1326075
2022/10/11 11:5:33,0.00,0.00,20.00,928.33,17.90,72.23,120.60,127,0.00,0.00,0.00,1386388
2022/10/11 11:6:34,0.00,0.00,20.00,928.33,17.89,72.27,103.34,120,0.00,0.00,0.00,1446725
2022/10/11 11:7:34,0.00,0.00,20.00,928.33,17.89,72.18,84.08,110,0.00,0.00,0.00,1507041
2022/10/11 11:8:34,0.00,0.00,20.00,928.35,17.89,72.22,86.50,111,0.00,0.00,0.00,1567374
2022/10/11 11:9:35,0.00,0.00,20.00,928.33,17.88,72.26,73.77,103,0.00,0.00,0.00,1627692
2022/10/11 11:10:35,0.00,0.00,20.00,928.47,17.88,72.20,90.48,110,0.00,0.00,0.00,1688030
2022/10/11 11:11:36,0.00,0.00,20.00,928.58,17.87,72.25,77.85,107,0.00,0.00,0.00,1748342
2022/10/11 11:12:36,0.00,0.00,20.00,928.56,17.87,72.28,88.81,113,0.00,0.00,0.00,1808680
2022/10/11 11:13:37,0.00,0.00,20.00,928.47,17.88,72.21,81.21,108,0.00,0.00,0.00,1868994
2022/10/11 11:14:37,0.00,0.00,20.00,928.38,17.88,72.48,88.79,112,0.00,0.00,0.00,1929330
2022/10/11 11:15:38,0.00,0.00,20.00,927.90,17.88,72.45,88.11,113,0.00,0.00,0.00,1989647
2022/10/11 11:16:38,0.00,0.00,20.00,927.97,17.89,72.48,79.49,108,0.00,0.00,0.00,2049981
2022/10/11 11:17:39,0.00,0.00,20.00,927.97,17.90,72.53,74.24,106,0.00,0.00,0.00,2110297
2022/10/11 11:18:39,0.00,0.00,20.00,927.95,17.90,72.86,79.01,107,0.00,0.00,0.00,2170633
2022/10/11 11:19:40,0.00,0.00,20.00,927.95,17.90,72.93,79.86,107,0.00,0.00,0.00,2230947
2022/10/11 11:20:40,0.00,0.00,20.00,927.99,17.90,73.21,78.50,107,0.00,0.00,0.00,2291283
2022/10/11 11:21:40,0.00,0.00,20.00,927.90,17.90,73.57,83.37,109,0.00,0.00,0.00,2351597
2022/10/11 11:22:41,0.00,0.00,20.00,927.65,17.91,73.54,83.09,109,0.00,0.00,0.00,2411933
2022/10/11 11:23:41,0.00,0.00,20.00,927.92,17.92,73.40,69.59,105,0.00,0.00,0.00,2472250
2022/10/11 11:24:42,0.00,0.00,20.00,927.90,17.93,73.25,73.72,105,0.00,0.00,0.00,2532585
2022/10/11 11:25:42,0.00,0.00,20.00,927.61,17.94,73.72,94.23,115,0.00,0.00,0.00,2592900
2022/10/11 11:26:43,0.00,0.00,20.00,927.34,17.94,73.90,76.08,107,0.00,0.00,0.00,2653236
2022/10/11 11:27:43,0.00,0.00,20.00,927.45,17.95,73.97,78.75,109,0.00,0.00,0.00,2713550
2022/10/11 11:28:44,0.00,0.00,20.00,927.38,17.96,73.43,73.74,107,0.00,0.00,0.00,2773886
2022/10/11 11:29:44,0.00,0.00,20.00,927.29,17.96,73.30,80.69,108,0.00,0.00,0.00,2834202
2022/10/11 11:30:45,0.00,0.00,20.00,927.65,17.96,73.20,86.32,111,0.00,0.00,0.00,2894540
2022/10/11 11:31:45,0.00,0.00,20.00,927.81,17.96,73.09,83.51,110,0.00,0.00,0.00,2954854
2022/10/11 11:32:46,0.00,0.00,20.00,927.59,17.96,73.08,97.46,115,0.00,0.00,0.00,3015191
2022/10/11 11:33:46,0.00,0.00,20.00,927.83,17.95,73.02,72.11,105,0.00,0.00,0.00,3075505
2022/10/11 11:34:46,0.00,0.00,20.00,927.77,17.95,72.97,76.49,106,0.00,0.00,0.00,3135841
2022/10/11 11:35:47,0.00,0.00,20.00,927.68,17.95,72.88,105.44,120,0.00,0.00,0.00,3196157
2022/10/11 11:36:47,0.00,0.00,20.00,927.52,17.95,72.87,66.21,106,0.00,0.00,0.00,3256492
2022/10/11 11:37:48,0.00,0.00,20.00,927.59,17.95,72.93,60.05,99,0.00,0.00,0.00,3316806
2022/10/11 11:38:48,0.00,0.00,20.00,927.54,17.95,72.92,65.27,102,0.00,0.00,0.00,3377142
2022/10/11 11:39:49,0.00,0.00,20.00,927.63,17.95,72.89,93.51,116,0.00,0.00,0.00,3437457
2022/10/11 11:40:49,0.00,0.00,20.00,927.70,17.95,73.02,61.33,100,0.00,0.00,0.00,3497794
2022/10/11 11:41:50,0.00,0.00,20.00,927.59,17.94,73.05,82.57,110,0.00,0.00,0.00,3558111
2022/10/11 11:43:32,0.00,0.00,20.00,927.52,17.94,73.07,71.25,105,0.00,0.00,0.00,60017
2022/10/11 11:44:32,0.00,0.00,20.00,927.72,17.94,73.24,73.83,107,0.00,0.00,0.00,120227
2022/10/11 11:45:33,0.00,0.00,20.00,927.88,17.93,73.25,90.74,113,0.00,0.00,0.00,180436
2022/10/11 11:46:33,0.00,0.00,20.00,927.72,17.93,73.16,85.52,111,0.00,0.00,0.00,240647
2022/10/11 11:48:34,0.00,0.00,20.00,928.01,17.94,73.19,79.88,108,0.00,0.00,0.00,361065
2022/10/11 11:49:34,0.00,0.00,20.00,928.24,17.94,73.25,63.30,101,0.00,0.00,0.00,421324
2022/10/11 11:50:34,0.00,0.00,20.00,928.11,17.94,73.38,75.55,107,0.00,0.00,0.00,481534
2022/10/11 11:51:35,0.00,0.00,20.00,928.04,17.94,73.38,78.11,108,0.00,0.00,0.00,541833
2022/10/11 11:52:35,0.00,0.00,20.00,928.47,17.94,73.45,71.32,105,0.00,0.00,0.00,602167
2022/10/11 11:53:36,0.00,0.00,20.00,928.51,17.94,73.38,66.43,105,0.00,0.00,0.00,662482
2022/10/11 11:54:36,0.00,0.00,20.00,927.97,17.94,73.39,70.16,106,0.00,0.00,0.00,722818
2022/10/11 11:55:37,0.00,0.00,20.00,927.95,17.94,73.36,95.74,117,0.00,0.00,0.00,783133
2022/10/11 11:56:37,0.00,0.00,20.00,928.35,17.94,73.38,-2.07,70,0.00,0.00,0.00,843469
2022/10/11 11:57:38,0.00,0.00,20.00,928.15,17.94,73.47,-10.88,65,0.00,0.00,0.00,903783
2022/10/11 11:58:38,0.00,0.00,20.00,928.11,17.95,73.76,106.01,118,0.00,0.00,0.00,964121
2022/10/11 11:59:38,0.00,0.00,20.00,927.97,17.94,73.98,87.40,111,0.00,0.00,0.00,1024436
2022/10/11 12:0:39,0.00,0.00,20.00,927.99,17.94,74.09,52.77,100,0.00,0.00,0.00,1084769
2022/10/11 12:1:39,0.00,0.00,20.00,927.77,17.94,74.27,130.78,130,0.00,0.00,0.00,1145088
2022/10/11 12:2:40,0.00,0.00,20.00,927.88,17.94,74.22,54.93,98,0.00,0.00,0.00,1205419
2022/10/11 12:3:40,0.00,0.00,20.00,927.68,17.93,74.28,66.12,104,0.00,0.00,0.00,1265735
2022/10/11 12:4:41,0.00,0.00,20.00,927.83,17.94,74.31,90.15,114,0.00,0.00,0.00,1326072
2022/10/11 12:5:41,0.00,0.00,20.00,927.68,17.94,74.51,88.35,115,0.00,0.00,0.00,1386385
2022/10/11 12:6:42,0.00,0.00,20.00,927.81,17.95,74.57,92.42,116,0.00,0.00,0.00,1446723
2022/10/11 12:7:42,0.00,0.00,20.00,927.90,17.95,74.74,65.94,104,0.00,0.00,0.00,1507038
2022/10/11 12:8:43,0.00,0.00,20.00,928.01,17.95,74.71,36.39,95,0.00,0.00,0.00,1567372
2022/10/11 12:9:43,0.00,0.00,20.00,928.26,17.96,74.87,-7.32,69,0.00,0.00,0.00,1627688
2022/10/11 12:10:44,0.00,0.00,20.00,928.17,17.96,75.11,7.60,76,0.00,0.00,0.00,1688022
2022/10/11 12:11:44,0.00,0.00,20.00,928.29,17.96,75.37,113.21,127,0.00,0.00,0.00,1748340
2022/10/11 12:12:45,0.00,0.00,20.00,928.71,17.97,75.41,43.69,94,0.00,0.00,0.00,1808675
2022/10/11 12:13:45,0.00,0.00,20.00,928.80,17.97,75.43,83.35,113,0.00,0.00,0.00,1868990
2022/10/11 12:14:45,0.00,0.00,20.00,928.65,17.97,75.48,81.00,113,0.00,0.00,0.00,1929327
2022/10/11 12:15:46,0.00,0.00,20.00,928.49,17.98,75.52,55.48,101,0.00,0.00,0.00,1989642
2022/10/11 12:16:46,0.00,0.00,20.00,928.38,17.98,75.39,69.16,107,0.00,0.00,0.00,2049977
2022/10/11 12:17:47,0.00,0.00,20.00,928.53,17.98,75.34,90.80,117,0.00,0.00,0.00,2110294
2022/10/11 12:18:47,0.00,0.00,20.00,928.22,17.99,75.21,87.13,114,0.00,0.00,0.00,2170629
2022/10/11 12:19:48,0.00,0.00,20.00,928.33,17.99,75.17,47.38,96,0.00,0.00,0.00,2230941
2022/10/11 12:20:48,0.00,0.00,20.00,928.38,17.99,75.17,74.75,109,0.00,0.00,0.00,2291279
2022/10/11 12:21:49,0.00,0.00,20.00,928.26,18.00,75.20,77.91,110,0.00,0.00,0.00,2351593
2022/10/11 12:22:49,0.00,0.00,20.00,928.15,18.00,75.25,74.73,108,0.00,0.00,0.00,2411930
2022/10/11 12:23:50,0.00,0.00,20.00,928.29,18.00,75.25,47.92,98,0.00,0.00,0.00,2472246
2022/10/11 12:24:50,0.00,0.00,20.00,928.56,18.00,75.28,58.49,102,0.00,0.00,0.00,2532580
2022/10/11 12:25:51,0.00,0.00,20.00,928.29,18.00,75.14,67.28,106,0.00,0.00,0.00,2592897
2022/10/11 12:26:51,0.00,0.00,20.00,927.65,18.00,75.14,82.78,113,0.00,0.00,0.00,2653232
2022/10/11 12:27:51,0.00,0.00,20.00,927.86,18.01,75.28,70.71,108,0.00,0.00,0.00,2713545
2022/10/11 12:28:52,0.00,0.00,20.00,927.77,18.01,75.37,69.09,107,0.00,0.00,0.00,2773883
2022/10/11 12:29:52,0.00,0.00,20.00,927.79,18.01,75.48,71.82,109,0.00,0.00,0.00,2834196
2022/10/11 12:30:53,0.00,0.00,20.00,927.79,18.01,75.37,83.22,113,0.00,0.00,0.00,2894533
2022/10/11 12:31:53,0.00,0.00,20.00,927.68,18.01,75.40,79.23,111,0.00,0.00,0.00,2954850
2022/10/11 12:32:54,0.00,0.00,20.00,927.72,18.01,75.54,71.97,108,0.00,0.00,0.00,3015185
2022/10/11 12:33:54,0.00,0.00,20.00,927.81,18.01,75.49,67.19,105,0.00,0.00,0.00,3075502
2022/10/11 12:34:55,0.00,0.00,20.00,927.68,18.01,75.51,77.68,111,0.00,0.00,0.00,3135838
2022/10/11 12:35:55,0.00,0.00,20.00,927.61,18.01,75.39,64.92,105,0.00,0.00,0.00,3196150
2022/10/11 12:36:56,0.00,0.00,20.00,927.56,18.01,75.30,77.54,111,0.00,0.00,0.00,3256488
2022/10/11 12:37:56,0.00,0.00,20.00,927.61,18.02,75.32,70.34,109,0.00,0.00,0.00,3316802
2022/10/11 12:38:57,0.00,0.00,20.00,927.50,18.02,75.32,73.37,109,0.00,0.00,0.00,3377138
2022/10/11 12:39:57,0.00,0.00,20.00,927.54,18.02,75.31,70.73,109,0.00,0.00,0.00,3437455
2022/10/11 12:40:57,0.00,0.00,20.00,927.77,18.02,75.27,72.34,109,0.00,0.00,0.00,3497788
2022/10/11 12:41:58,0.00,0.00,20.00,927.88,18.02,75.24,69.20,108,0.00,0.00,0.00,3558105
2022/10/11 12:43:40,0.00,0.00,20.00,927.72,18.02,75.10,79.46,110,0.00,0.00,0.00,60017
2022/10/11 12:44:40,0.00,0.00,20.00,927.54,18.02,75.00,85.21,113,0.00,0.00,0.00,120228
2022/10/11 12:45:41,0.00,0.00,20.00,927.74,18.02,74.90,73.06,109,0.00,0.00,0.00,180438
2022/10/11 12:46:41,0.00,0.00,20.00,927.65,18.02,74.86,71.36,108,0.00,0.00,0.00,240647
2022/10/11 12:47:41,0.00,0.00,20.00,927.56,18.02,74.85,87.59,115,0.00,0.00,0.00,300857
2022/10/11 12:48:42,0.00,0.00,20.00,927.63,18.02,74.95,77.35,110,0.00,0.00,0.00,361065
2022/10/11 12:49:42,0.00,0.00,20.00,927.52,18.02,74.89,52.20,101,0.00,0.00,0.00,421323
2022/10/11 12:50:43,0.00,0.00,20.00,927.68,18.01,74.82,107.97,124,0.00,0.00,0.00,481536
2022/10/11 12:51:43,0.00,0.00,20.00,927.61,18.01,74.91,96.65,119,0.00,0.00,0.00,541833
2022/10/11 12:52:43,0.00,0.00,20.00,927.47,18.01,74.92,95.98,118,0.00,0.00,0.00,602167
2022/10/11 12:53:44,0.00,0.00,20.00,927.50,18.01,74.85,89.36,116,0.00,0.00,0.00,662482
2022/10/11 12:54:44,0.00,0.00,20.00,927.36,18.01,74.82,67.12,106,0.00,0.00,0.00,722818
2022/10/11 12:55:45,0.00,0.00,20.00,927.36,18.01,74.84,86.74,114,0.00,0.00,0.00,783133
2022/10/11 12:56:45,0.00,0.00,20.00,927.38,18.01,74.94,76.45,110,0.00,0.00,0.00,843471
2022/10/11 12:57:46,0.00,0.00,20.00,927.32,18.01,74.95,78.85,111,0.00,0.00,0.00,903785
2022/10/11 12:58:46,0.00,0.00,20.00,927.41,18.01,74.98,93.25,116,0.00,0.00,0.00,964122
2022/10/11 12:59:47,0.00,0.00,20.00,927.41,18.02,75.06,111.84,122,0.00,0.00,0.00,1024441
2022/10/11 13:0:47,0.00,0.00,20.00,927.45,18.02,75.20,95.76,117,0.00,0.00,0.00,1084773
2022/10/11 13:1:48,0.00,0.00,20.00,927.47,18.02,75.14,86.76,113,0.00,0.00,0.00,1145090
2022/10/11 13:2:48,0.00,0.00,20.00,927.56,18.03,75.19,83.55,113,0.00,0.00,0.00,1205426
2022/10/11 13:3:49,0.00,0.00,20.00,927.32,18.03,75.25,86.13,116,0.00,0.00,0.00,1265738
2022/10/11 13:4:49,0.00,0.00,20.00,927.36,18.03,75.20,96.79,121,0.00,0.00,0.00,1326075
2022/10/11 13:5:49,0.00,0.00,20.00,926.91,18.03,75.08,64.92,109,0.00,0.00,0.00,1386390
2022/10/11 13:6:50,0.00,0.00,20.00,926.73,18.03,75.16,65.71,107,0.00,0.00,0.00,1446725
2022/10/11 13:7:50,0.00,0.00,20.00,926.98,18.03,75.34,74.46,111,0.00,0.00,0.00,1507043
2022/10/11 13:8:51,0.00,0.00,20.00,927.27,18.03,75.32,75.14,111,0.00,0.00,0.00,1567376
2022/10/11 13:9:51,0.00,0.00,20.00,927.25,18.03,75.23,66.58,107,0.00,0.00,0.00,1627693
2022/10/11 13:10:52,0.00,0.00,20.00,927.20,18.03,75.05,74.35,110,0.00,0.00,0.00,1688030
2022/10/11 13:11:52,0.00,0.00,20.00,927.34,18.03,75.00,75.79,111,0.00,0.00,0.00,1748342
2022/10/11 13:12:53,0.00,0.00,20.00,927.34,18.03,74.99,72.30,109,0.00,0.00,0.00,1808680
2022/10/11 13:13:53,0.00,0.00,20.00,927.25,18.02,74.94,75.36,109,0.00,0.00,0.00,1868994
2022/10/11 13:14:54,0.00,0.00,20.00,927.52,18.02,74.83,67.12,107,0.00,0.00,0.00,1929330
2022/10/11 13:15:54,0.00,0.00,20.00,926.98,18.02,74.80,75.88,111,0.00,0.00,0.00,1989647
2022/10/11 13:16:55,0.00,0.00,20.00,927.38,18.02,74.79,78.31,111,0.00,0.00,0.00,2049980
2022/10/11 13:17:55,0.00,0.00,20.00,927.38,18.02,74.79,69.96,108,0.00,0.00,0.00,2110297
2022/10/11 13:18:55,0.00,0.00,20.00,927.36,18.02,74.76,64.29,106,0.00,0.00,0.00,2170633
2022/10/11 13:19:56,0.00,0.00,20.00,927.45,18.02,74.76,81.10,113,0.00,0.00,0.00,2230947
2022/10/11 13:20:56,0.00,0.00,20.00,927.43,18.02,74.86,67.45,107,0.00,0.00,0.00,2291283
2022/10/11 13:21:57,0.00,0.00,20.00,927.34,18.02,74.98,81.37,113,0.00,0.00,0.00,2351597
2022/10/11 13:22:57,0.00,0.00,20.00,927.27,18.02,75.03,75.80,109,0.00,0.00,0.00,2411933
2022/10/11 13:23:58,0.00,0.00,20.00,927.45,18.02,75.07,72.48,110,0.00,0.00,0.00,2472250
2022/10/11 13:24:58,0.00,0.00,20.00,927.36,18.02,75.07,62.86,105,0.00,0.00,0.00,2532585
2022/10/11 13:25:59,0.00,0.00,20.00,927.45,18.03,75.10,66.66,106,0.00,0.00,0.00,2592900
2022/10/11 13:26:59,0.00,0.00,20.00,927.09,18.03,75.02,70.64,108,0.00,0.00,0.00,2653236
2022/10/11 13:28:0,0.00,0.00,20.00,927.14,18.03,75.04,72.89,110,0.00,0.00,0.00,2713549
2022/10/11 13:29:0,0.00,0.00,20.00,927.34,18.03,75.10,70.07,109,0.00,0.00,0.00,2773885
2022/10/11 13:30:1,0.00,0.00,20.00,927.29,18.04,75.13,78.31,112,0.00,0.00,0.00,2834201
2022/10/11 13:31:1,0.00,0.00,20.00,927.47,18.04,75.12,70.29,110,0.00,0.00,0.00,2894535
2022/10/11 13:32:1,0.00,0.00,20.00,927.43,18.04,75.07,79.81,113,0.00,0.00,0.00,2954852
2022/10/11 13:33:2,0.00,0.00,20.00,927.38,18.05,75.02,71.47,109,0.00,0.00,0.00,3015187
2022/10/11 13:34:2,0.00,0.00,20.00,927.43,18.05,74.98,75.75,111,0.00,0.00,0.00,3075502
2022/10/11 13:35:3,0.00,0.00,20.00,927.41,18.05,74.97,74.55,111,0.00,0.00,0.00,3135839
2022/10/11 13:36:3,0.00,0.00,20.00,927.47,18.05,75.00,71.19,109,0.00,0.00,0.00,3196152
2022/10/11 13:37:4,0.00,0.00,20.00,927.00,18.05,74.98,64.31,107,0.00,0.00,0.00,3256488
2022/10/11 13:38:4,0.00,0.00,20.00,927.34,18.05,75.05,74.27,111,0.00,0.00,0.00,3316804
2022/10/11 13:39:5,0.00,0.00,20.00,927.38,18.05,75.11,65.14,107,0.00,0.00,0.00,3377138
2022/10/11 13:40:5,0.00,0.00,20.00,927.36,18.06,75.07,79.75,114,0.00,0.00,0.00,3437455
2022/10/11 13:41:6,0.00,0.00,20.00,927.38,18.06,75.06,66.53,108,0.00,0.00,0.00,3497790
2022/10/11 13:42:6,0.00,0.00,20.00,927.32,18.06,75.10,85.14,116,0.00,0.00,0.00,3558106
2022/10/11 13:43:48,0.00,0.00,20.00,926.90,18.06,75.29,49.48,102,0.00,0.00,0.00,60017
2022/10/11 13:44:49,0.00,0.00,20.00,927.02,18.07,75.44,89.51,116,0.00,0.00,0.00,120290
2022/10/11 13:45:49,0.00,0.00,20.00,927.16,18.07,75.32,80.01,112,0.00,0.00,0.00,180498
2022/10/11 13:46:49,0.00,0.00,20.00,927.23,18.08,75.33,96.70,119,0.00,0.00,0.00,240706
2022/10/11 13:47:50,0.00,0.00,20.00,927.29,18.08,75.40,76.06,110,0.00,0.00,0.00,300916
2022/10/11 13:48:50,0.00,0.00,20.32,927.45,18.09,75.40,91.06,116,0.00,0.00,0.00,361126
2022/10/11 13:49:50,0.00,0.00,21.00,927.72,18.09,75.41,79.82,112,0.00,0.00,0.00,421386
2022/10/11 13:50:51,0.00,0.00,21.00,927.52,18.10,75.52,74.13,110,0.00,0.00,0.00,481597
2022/10/11 13:51:51,0.00,0.00,21.00,927.50,18.10,75.37,82.22,114,0.00,0.00,0.00,541890
2022/10/11 13:52:52,0.00,0.00,21.00,927.61,18.11,75.30,37.99,93,0.00,0.00,0.00,602225
2022/10/11 13:53:52,0.00,0.00,21.00,927.56,18.12,75.43,84.71,118,0.00,0.00,0.00,662543
2022/10/11 13:54:53,0.00,0.00,21.00,927.23,18.13,75.57,68.63,111,0.00,0.00,0.00,722876
2022/10/11 13:55:53,0.00,0.00,21.00,927.56,18.13,75.54,82.30,116,0.00,0.00,0.00,783193
2022/10/11 13:56:54,0.00,0.00,21.00,927.43,18.14,75.36,75.62,113,0.00,0.00,0.00,843530
2022/10/11 13:57:54,0.00,0.00,21.00,927.54,18.15,75.15,82.46,116,0.00,0.00,0.00,903843
2022/10/11 13:58:54,0.00,0.00,21.00,927.50,18.15,75.12,51.99,101,0.00,0.00,0.00,964180
2022/10/11 13:59:55,0.00,0.00,21.00,927.45,18.16,75.20,58.28,106,0.00,0.00,0.00,1024493
2022/10/11 14:0:55,0.00,0.00,21.00,927.68,18.17,75.10,59.39,106,0.00,0.00,0.00,1084828
2022/10/11 14:1:56,0.00,0.00,21.00,927.52,18.18,75.07,78.90,115,0.00,0.00,0.00,1145145
2022/10/11 14:2:56,0.00,0.00,21.00,927.63,18.18,75.03,53.27,104,0.00,0.00,0.00,1205481
2022/10/11 14:3:57,0.00,0.00,21.00,927.47,18.19,74.98,87.42,119,0.00,0.00,0.00,1265795
2022/10/11 14:4:57,0.00,0.00,21.00,927.77,18.20,74.97,51.81,102,0.00,0.00,0.00,1326131
2022/10/11 14:5:58,0.00,0.00,21.15,927.27,18.21,74.95,63.89,108,0.00,0.00,0.00,1386445
2022/10/11 14:6:58,0.00,0.00,21.81,927.56,18.21,74.88,77.98,114,0.00,0.00,0.00,1446782
2022/10/11 14:7:59,0.00,0.00,22.00,927.47,18.22,74.84,82.59,117,0.00,0.00,0.00,1507097
2022/10/11 14:8:59,0.00,0.00,22.00,927.61,18.23,74.79,80.21,116,0.00,0.00,0.00,1567432
2022/10/11 14:10:0,0.00,0.00,22.00,927.68,18.24,74.83,78.09,114,0.00,0.00,0.00,1627748
2022/10/11 14:11:0,0.00,0.00,22.00,927.92,18.25,74.72,77.68,115,0.00,0.00,0.00,1688084
2022/10/11 14:12:0,0.00,0.00,22.00,927.77,18.25,74.69,84.42,119,0.00,0.00,0.00,1748398
2022/10/11 14:13:1,0.00,0.00,22.00,927.65,18.26,74.33,93.05,124,0.00,0.00,0.00,1808736
2022/10/11 14:14:1,0.00,0.00,22.00,927.86,18.26,74.47,75.71,113,0.00,0.00,0.00,1869048
2022/10/11 14:15:2,0.00,0.00,22.00,927.70,18.27,74.49,64.68,110,0.00,0.00,0.00,1929385
2022/10/11 14:16:2,0.00,0.00,22.00,927.16,18.28,74.48,74.86,114,0.00,0.00,0.00,1989700
2022/10/11 14:17:3,0.00,0.00,22.00,927.50,18.28,74.40,77.63,115,0.00,0.00,0.00,2050036
2022/10/11 14:18:3,0.00,0.00,22.00,927.52,18.29,74.40,68.76,111,0.00,0.00,0.00,2110351
2022/10/11 14:19:4,0.00,0.00,22.00,927.41,18.30,74.41,79.33,115,0.00,0.00,0.00,2170687
2022/10/11 14:20:4,0.00,0.00,22.00,927.43,18.31,74.46,61.18,107,0.00,0.00,0.00,2231002
2022/10/11 14:21:5,0.00,0.00,22.00,927.43,18.32,74.43,74.88,114,0.00,0.00,0.00,2291339
2022/10/11 14:22:5,0.00,0.00,22.00,927.47,18.33,74.28,76.03,114,0.00,0.00,0.00,2351651
2022/10/11 14:23:6,0.00,0.00,22.00,927.23,18.35,74.26,78.33,114,0.00,0.00,0.00,2411988
2022/10/11 14:24:6,0.00,0.00,22.00,927.23,18.35,74.27,67.10,110,0.00,0.00,0.00,2472303
2022/10/11 14:25:7,0.00,0.00,22.00,927.11,18.36,73.97,71.12,112,0.00,0.00,0.00,2532640
2022/10/11 14:26:7,0.00,0.00,22.00,927.25,18.37,73.85,79.36,114,0.00,0.00,0.00,2592954
2022/10/11 14:27:7,0.00,0.00,22.00,926.73,18.38,73.76,67.80,111,0.00,0.00,0.00,2653290
2022/10/11 14:28:8,0.00,0.00,22.00,926.84,18.38,73.71,73.77,112,0.00,0.00,0.00,2713605
2022/10/11 14:29:8,0.00,0.00,22.00,926.91,18.39,73.86,69.15,110,0.00,0.00,0.00,2773942
2022/10/11 14:30:9,0.00,0.00,22.00,926.89,18.40,74.07,70.69,112,0.00,0.00,0.00,2834256
2022/10/11 14:31:9,0.00,0.00,22.00,926.93,18.41,73.92,68.80,110,0.00,0.00,0.00,2894592
2022/10/11 14:32:10,0.00,0.00,22.00,926.75,18.41,73.61,72.34,111,0.00,0.00,0.00,2954907
2022/10/11 14:33:10,0.00,0.00,22.00,926.82,18.42,73.73,74.64,113,0.00,0.00,0.00,3015244
2022/10/11 14:34:11,0.00,0.00,22.00,926.75,18.42,73.67,69.75,110,0.00,0.00,0.00,3075558
2022/10/11 14:35:11,0.00,0.00,22.00,926.44,18.43,73.58,71.27,111,0.00,0.00,0.00,3135896
2022/10/11 14:36:12,0.00,0.00,22.00,926.44,18.44,73.58,70.33,111,0.00,0.00,0.00,3196209
2022/10/11 14:37:12,0.00,0.00,22.00,926.30,18.44,73.39,60.81,107,0.00,0.00,0.00,3256546
2022/10/11 14:38:13,0.00,0.00,22.00,926.30,18.45,73.26,74.44,112,0.00,0.00,0.00,3316860
2022/10/11 14:39:13,0.00,0.00,22.00,926.42,18.45,73.27,71.21,111,0.00,0.00,0.00,3377196
2022/10/11 14:40:13,0.00,0.00,22.00,926.35,18.46,73.32,66.84,109,0.00,0.00,0.00,3437511
2022/10/11 14:41:14,0.00,0.00,22.00,926.37,18.46,73.30,67.39,109,0.00,0.00,0.00,3497847
2022/10/11 14:42:14,0.00,0.00,22.00,926.44,18.47,73.25,65.31,108,0.00,0.00,0.00,3558161
2022/10/11 14:43:56,0.00,0.00,22.00,925.93,18.48,73.06,72.58,111,0.00,0.00,0.00,60017
2022/10/11 14:44:57,0.00,0.00,22.00,926.21,18.48,72.90,76.89,112,0.00,0.00,0.00,120279
2022/10/11 14:45:57,0.00,0.00,22.00,926.12,18.48,72.88,67.02,107,0.00,0.00,0.00,180492
2022/10/11 14:46:58,0.00,0.00,21.34,926.01,18.48,72.90,76.69,111,0.00,0.00,0.00,240703
2022/10/11 14:47:58,0.00,0.00,21.00,926.08,18.48,72.89,66.34,107,0.00,0.00,0.00,300916
2022/10/11 14:48:58,0.00,0.00,21.00,926.06,18.48,72.88,74.53,110,0.00,0.00,0.00,361128
2022/10/11 14:49:59,0.00,0.00,21.00,926.15,18.48,72.79,61.66,105,0.00,0.00,0.00,421341
2022/10/11 14:50:59,0.00,0.00,21.00,926.39,18.48,72.76,80.97,113,0.00,0.00,0.00,481601
2022/10/11 14:51:59,0.00,0.00,21.00,926.30,18.48,72.73,65.33,106,0.00,0.00,0.00,541883
2022/10/11 14:53:0,0.00,0.00,21.00,926.39,18.48,72.71,74.57,109,0.00,0.00,0.00,602219
2022/10/11 14:54:0,0.00,0.00,21.00,926.21,18.48,72.67,75.49,111,0.00,0.00,0.00,662533
2022/10/11 14:55:1,0.00,0.00,21.00,925.65,18.48,72.60,121.30,132,0.00,0.00,0.00,722870
2022/10/11 14:56:1,0.00,0.00,21.00,925.63,18.48,72.62,71.73,109,0.00,0.00,0.00,783184
2022/10/11 14:58:2,0.00,0.00,21.00,926.10,18.48,72.62,18.63,86,0.00,0.00,0.00,903833
2022/10/11 14:59:3,0.00,0.00,21.00,926.01,18.49,72.63,95.76,118,0.00,0.00,0.00,964170
2022/10/11 15:0:3,0.00,0.00,21.00,925.81,18.49,72.63,136.45,138,0.00,0.00,0.00,1024485
2022/10/11 15:1:4,0.00,0.00,21.00,925.85,18.50,72.57,102.75,121,0.00,0.00,0.00,1084823
2022/10/11 15:2:4,0.00,0.00,21.00,926.01,18.50,72.51,91.30,117,0.00,0.00,0.00,1145135
2022/10/11 15:3:5,0.00,0.00,21.00,925.97,18.51,72.44,45.63,93,0.00,0.00,0.00,1205471
2022/10/11 15:4:5,0.00,0.00,21.00,926.08,18.51,72.41,106.29,125,0.00,0.00,0.00,1265787
2022/10/11 15:5:5,0.00,0.00,21.00,926.30,18.52,72.41,46.92,97,0.00,0.00,0.00,1326119
2022/10/11 15:6:6,0.00,0.00,21.00,925.74,18.52,72.39,-14.79,64,0.00,0.00,0.00,1386437
2022/10/11 15:7:6,0.00,0.00,21.00,925.67,18.53,72.40,137.37,134,0.00,0.00,0.00,1446774
2022/10/11 15:8:7,0.00,0.00,21.00,925.88,18.53,72.38,66.47,103,0.00,0.00,0.00,1507088
2022/10/11 15:9:7,0.00,0.00,21.00,925.97,18.53,72.35,14.35,85,0.00,0.00,0.00,1567425
2022/10/11 15:10:8,0.00,0.00,21.00,925.67,18.54,72.30,93.47,117,0.00,0.00,0.00,1627742
2022/10/11 15:11:8,0.00,0.00,21.00,925.67,18.54,72.29,54.50,99,0.00,0.00,0.00,1688076
2022/10/11 15:12:9,0.00,0.00,21.00,925.83,18.55,72.50,87.96,116,0.00,0.00,0.00,1748393
2022/10/11 15:13:9,0.00,0.00,21.00,925.81,18.55,72.48,60.85,102,0.00,0.00,0.00,1808728
2022/10/11 15:14:10,0.00,0.00,21.00,926.15,18.55,72.31,71.06,108,0.00,0.00,0.00,1869043
2022/10/11 15:15:10,0.00,0.00,21.00,926.01,18.56,72.23,63.52,104,0.00,0.00,0.00,1929381
2022/10/11 15:16:11,0.00,0.00,21.00,925.61,18.56,72.19,88.09,116,0.00,0.00,0.00,1989694
2022/10/11 15:17:11,0.00,0.00,21.00,925.88,18.56,72.46,76.23,111,0.00,0.00,0.00,2050032
2022/10/11 15:18:11,0.00,0.00,21.00,926.06,18.56,72.45,75.95,112,0.00,0.00,0.00,2110346
2022/10/11 15:19:12,0.00,0.00,21.00,926.21,18.56,72.37,56.71,104,0.00,0.00,0.00,2170682
2022/10/11 15:20:12,0.00,0.00,21.00,926.51,18.56,72.25,82.61,114,0.00,0.00,0.00,2230998
2022/10/11 15:21:13,0.00,0.00,21.00,926.48,18.56,72.31,73.85,109,0.00,0.00,0.00,2291334
2022/10/11 15:22:13,0.00,0.00,21.00,926.48,18.57,72.63,82.17,113,0.00,0.00,0.00,2351646
2022/10/11 15:23:14,0.00,0.00,21.00,926.69,18.57,72.90,81.28,113,0.00,0.00,0.00,2411984
2022/10/11 15:24:14,0.00,0.00,21.00,926.82,18.58,72.84,70.07,109,0.00,0.00,0.00,2472297
2022/10/11 15:25:15,0.00,0.00,21.00,927.00,18.58,72.90,73.17,112,0.00,0.00,0.00,2532635
2022/10/11 15:26:15,0.00,0.00,21.30,927.07,18.58,72.65,84.47,115,0.00,0.00,0.00,2592951
2022/10/11 15:27:16,0.00,0.00,22.00,926.69,18.59,72.47,73.28,110,0.00,0.00,0.00,2653285
2022/10/11 15:28:16,0.00,0.00,22.00,926.66,18.59,72.53,71.56,110,0.00,0.00,0.00,2713601
2022/10/11 15:29:17,0.00,0.00,22.00,926.82,18.59,72.71,69.18,109,0.00,0.00,0.00,2773937
2022/10/11 15:30:17,0.00,0.00,22.00,926.82,18.59,72.62,79.81,113,0.00,0.00,0.00,2834249
2022/10/11 15:31:18,0.00,0.00,22.00,926.80,18.59,72.59,72.59,110,0.00,0.00,0.00,2894588
2022/10/11 15:32:18,0.00,0.00,22.00,926.87,18.59,72.59,72.19,111,0.00,0.00,0.00,2954900
2022/10/11 15:33:18,0.00,0.00,22.00,927.07,18.59,72.62,76.30,112,0.00,0.00,0.00,3015238
2022/10/11 15:34:19,0.00,0.00,22.00,927.27,18.60,72.82,65.59,107,0.00,0.00,0.00,3075554
2022/10/11 15:35:19,0.00,0.00,22.00,927.09,18.60,72.64,76.74,112,0.00,0.00,0.00,3135888
2022/10/11 15:36:20,0.00,0.00,22.00,927.34,18.60,72.62,81.41,113,0.00,0.00,0.00,3196205
2022/10/11 15:37:20,0.00,0.00,22.00,926.73,18.60,72.48,77.68,113,0.00,0.00,0.00,3256543
2022/10/11 15:38:21,0.00,0.00,22.00,926.84,18.61,72.36,60.18,106,0.00,0.00,0.00,3316854
2022/10/11 15:39:21,0.00,0.00,22.00,926.93,18.61,72.29,75.36,111,0.00,0.00,0.00,3377193
2022/10/11 15:40:22,0.00,0.00,22.00,926.93,18.61,72.28,78.00,113,0.00,0.00,0.00,3437506
2022/10/11 15:41:22,0.00,0.00,22.00,926.91,18.61,72.24,111.73,126,0.00,0.00,0.00,3497844
2022/10/11 15:42:23,0.00,0.00,22.00,926.96,18.61,72.21,72.43,107,0.00,0.00,0.00,3558159
2022/10/11 15:44:5,0.00,0.00,21.96,926.74,18.61,72.14,76.77,112,0.00,0.00,0.00,60016
2022/10/11 15:45:5,0.00,0.00,21.64,926.89,18.61,72.12,83.53,115,0.00,0.00,0.00,120275
2022/10/11 15:46:5,0.00,0.00,21.34,927.02,18.62,72.11,76.73,112,0.00,0.00,0.00,180487
2022/10/11 15:47:6,0.00,0.00,21.08,927.23,18.62,72.09,72.91,110,0.00,0.00,0.00,240698
2022/10/11 15:48:6,0.00,0.00,21.00,927.29,18.62,72.11,73.02,110,0.00,0.00,0.00,300908
2022/10/11 15:49:6,0.00,0.00,21.00,927.32,18.62,72.18,70.58,109,0.00,0.00,0.00,361120
2022/10/11 15:50:7,0.00,0.00,21.00,927.56,18.62,72.28,74.18,110,0.00,0.00,0.00,421332
2022/10/11 15:51:7,0.00,0.00,21.00,927.47,18.62,72.20,74.84,111,0.00,0.00,0.00,481592
2022/10/11 15:52:8,0.00,0.00,21.00,927.36,18.62,72.11,59.59,104,0.00,0.00,0.00,541878
2022/10/11 15:53:8,0.00,0.00,21.00,927.38,18.63,71.99,76.80,111,0.00,0.00,0.00,602212
2022/10/11 15:54:9,0.00,0.00,21.00,927.54,18.63,71.97,63.41,105,0.00,0.00,0.00,662528
2022/10/11 15:55:9,0.00,0.00,21.00,926.69,18.62,72.01,68.06,108,0.00,0.00,0.00,722863
2022/10/11 15:56:9,0.00,0.00,21.00,926.60,18.62,71.93,83.03,114,0.00,0.00,0.00,783176
2022/10/11 15:57:10,0.00,0.00,21.00,926.53,18.62,71.93,62.97,105,0.00,0.00,0.00,843516
2022/10/11 15:58:10,0.00,0.00,21.00,926.48,18.61,71.96,87.96,116,0.00,0.00,0.00,903828
2022/10/11 15:59:11,0.00,0.00,21.00,926.24,18.61,71.89,59.89,104,0.00,0.00,0.00,964166
2022/10/11 16:0:11,0.00,0.00,21.00,926.12,18.61,71.86,61.21,103,0.00,0.00,0.00,1024481
2022/10/11 16:1:12,0.00,0.00,21.00,926.03,18.61,71.81,87.61,116,0.00,0.00,0.00,1084814
2022/10/11 16:2:12,0.00,0.00,21.00,925.81,18.61,71.85,64.41,106,0.00,0.00,0.00,1145132
2022/10/11 16:3:13,0.00,0.00,21.00,926.10,18.61,71.82,62.78,107,0.00,0.00,0.00,1205466
2022/10/11 16:4:13,0.00,0.00,21.00,925.94,18.60,71.80,55.61,102,0.00,0.00,0.00,1265780
2022/10/11 16:5:14,0.00,0.00,21.00,926.21,18.60,71.74,60.33,107,0.00,0.00,0.00,1326117
2022/10/11 16:6:14,0.00,0.00,21.00,925.38,18.60,71.71,74.55,110,0.00,0.00,0.00,1386430
2022/10/11 16:7:15,0.00,0.00,21.00,925.43,18.60,71.65,73.76,110,0.00,0.00,0.00,1446768
2022/10/11 16:8:15,0.00,0.00,21.00,925.52,18.60,71.63,73.59,109,0.00,0.00,0.00,1507084
2022/10/11 16:9:16,0.00,0.00,21.00,925.36,18.59,71.63,73.52,109,0.00,0.00,0.00,1567419
2022/10/11 16:10:16,0.00,0.00,21.00,925.61,18.59,71.62,61.27,103,0.00,0.00,0.00,1627736
2022/10/11 16:11:16,0.00,0.00,21.00,925.70,18.59,71.57,71.75,107,0.00,0.00,0.00,1688071
2022/10/11 16:12:17,0.00,0.00,21.00,926.03,18.59,71.60,101.68,120,0.00,0.00,0.00,1748385
2022/10/11 16:13:17,0.00,0.00,21.00,926.19,18.59,71.60,68.52,107,0.00,0.00,0.00,1808722
2022/10/11 16:14:18,0.00,0.00,21.00,926.01,18.58,71.62,58.37,102,0.00,0.00,0.00,1869036
2022/10/11 16:15:18,0.00,0.00,21.00,926.10,18.58,71.62,49.54,98,0.00,0.00,0.00,1929371
2022/10/11 16:16:19,0.00,0.00,21.00,925.45,18.58,71.62,85.03,113,0.00,0.00,0.00,1989688
2022/10/11 16:17:19,0.00,0.00,21.00,925.65,18.58,71.62,69.90,107,0.00,0.00,0.00,2050023
2022/10/11 16:18:20,0.00,0.00,21.00,925.61,18.57,71.66,73.85,109,0.00,0.00,0.00,2110339
2022/10/11 16:19:20,0.00,0.00,21.00,925.74,18.57,71.71,78.35,113,0.00,0.00,0.00,2170676
2022/10/11 16:20:21,0.00,0.00,21.00,925.81,18.57,71.77,67.30,106,0.00,0.00,0.00,2230987
2022/10/11 16:21:21,0.00,0.00,21.00,925.88,18.57,71.76,79.34,111,0.00,0.00,0.00,2291324
2022/10/11 16:22:22,0.00,0.00,21.00,925.85,18.57,71.75,73.02,108,0.00,0.00,0.00,2351639
2022/10/11 16:23:22,0.00,0.00,21.00,925.97,18.57,71.83,70.44,108,0.00,0.00,0.00,2411976
2022/10/11 16:24:22,0.00,0.00,21.00,926.10,18.57,71.81,78.44,111,0.00,0.00,0.00,2472292
2022/10/11 16:25:23,0.00,0.00,21.00,926.12,18.57,71.83,72.19,108,0.00,0.00,0.00,2532626
2022/10/11 16:26:23,0.00,0.00,21.00,926.03,18.57,71.82,76.06,110,0.00,0.00,0.00,2592943
2022/10/11 16:27:24,0.00,0.00,21.00,925.52,18.57,71.80,77.56,111,0.00,0.00,0.00,2653281
2022/10/11 16:28:24,0.00,0.00,21.00,925.81,18.57,71.80,74.05,110,0.00,0.00,0.00,2713593
2022/10/11 16:29:25,0.00,0.00,21.00,925.74,18.57,71.78,75.08,109,0.00,0.00,0.00,2773931
2022/10/11 16:30:25,0.00,0.00,21.00,925.74,18.56,71.72,78.16,111,0.00,0.00,0.00,2834245
2022/10/11 16:31:26,0.00,0.00,21.00,925.74,18.56,71.72,71.82,107,0.00,0.00,0.00,2894580
2022/10/11 16:32:26,0.00,0.00,21.00,925.99,18.56,71.74,79.07,111,0.00,0.00,0.00,2954896
2022/10/11 16:33:27,0.00,0.00,21.00,925.83,18.55,71.71,70.01,107,0.00,0.00,0.00,3015232
2022/10/11 16:34:27,0.00,0.00,21.00,926.01,18.55,71.76,77.80,110,0.00,0.00,0.00,3075547
2022/10/11 16:35:28,0.00,0.00,21.00,925.88,18.54,71.75,79.64,111,0.00,0.00,0.00,3135884
2022/10/11 16:36:28,0.00,0.00,21.00,926.08,18.54,71.73,74.57,109,0.00,0.00,0.00,3196196
2022/10/11 16:37:29,0.00,0.00,21.00,925.58,18.54,71.69,62.01,104,0.00,0.00,0.00,3256534
2022/10/11 16:38:29,0.00,0.00,21.00,925.85,18.54,71.66,73.72,108,0.00,0.00,0.00,3316848
2022/10/11 16:39:29,0.00,0.00,21.00,926.10,18.53,71.63,79.49,111,0.00,0.00,0.00,3377185
2022/10/11 16:40:30,0.00,0.00,21.00,926.19,18.53,71.63,72.02,108,0.00,0.00,0.00,3437499
2022/10/11 16:41:30,0.00,0.00,21.00,926.24,18.52,71.59,70.86,107,0.00,0.00,0.00,3497835
2022/10/11 16:42:31,0.00,0.00,21.00,926.46,18.52,71.54,74.37,109,0.00,0.00,0.00,3558150
2022/10/11 16:44:13,0.00,0.00,20.92,926.05,18.50,71.58,85.14,114,0.00,0.00,0.00,60017
2022/10/11 16:45:13,0.00,0.00,20.96,926.28,18.50,71.58,75.21,109,0.00,0.00,0.00,120278
2022/10/11 16:46:14,0.00,0.00,20.66,926.21,18.49,71.56,63.83,104,0.00,0.00,0.00,180490
2022/10/11 16:47:14,0.00,0.00,20.72,926.30,18.49,71.56,82.63,112,0.00,0.00,0.00,240701
2022/10/11 16:48:14,0.00,0.00,20.42,925.94,18.48,71.54,70.18,107,0.00,0.00,0.00,300913
2022/10/11 16:49:15,0.00,0.00,20.42,926.01,18.48,71.54,68.52,107,0.00,0.00,0.00,361125
2022/10/11 16:50:15,0.00,0.00,20.11,925.94,18.48,71.53,89.60,116,0.00,0.00,0.00,421338
2022/10/11 16:51:15,0.00,0.00,20.04,925.99,18.47,71.51,69.40,105,0.00,0.00,0.00,481596
2022/10/11 16:52:16,0.00,0.00,20.00,925.97,18.46,71.48,83.09,112,0.00,0.00,0.00,541880
2022/10/11 16:53:16,0.00,0.00,20.15,925.81,18.46,71.47,95.98,118,0.00,0.00,0.00,602214
2022/10/11 16:54:17,0.00,0.00,20.45,925.63,18.45,71.55,73.42,108,0.00,0.00,0.00,662531
2022/10/11 16:55:17,0.00,0.00,20.58,925.20,18.45,71.59,96.70,118,0.00,0.00,0.00,722868
2022/10/11 16:56:18,0.00,0.00,20.47,925.43,18.46,71.52,89.43,116,0.00,0.00,0.00,783179
2022/10/11 16:57:18,0.00,0.00,20.23,925.25,18.46,71.49,81.52,110,0.00,0.00,0.00,843516
2022/10/11 16:58:19,0.00,0.00,20.00,925.16,18.45,71.51,79.57,110,0.00,0.00,0.00,903831
2022/10/11 16:59:19,0.00,0.00,20.00,924.84,18.45,71.51,65.46,105,0.00,0.00,0.00,964166
2022/10/11 17:0:20,0.00,0.00,20.00,924.80,18.44,71.48,80.78,111,0.00,0.00,0.00,1024483
2022/10/11 17:1:20,0.00,0.00,20.00,924.84,18.44,71.42,95.22,119,0.00,0.00,0.00,1084816
2022/10/11 17:2:21,0.00,0.00,20.00,925.00,18.43,71.41,59.04,99,0.00,0.00,0.00,1145132
2022/10/11 17:3:21,0.00,0.00,20.00,925.45,18.42,71.46,36.72,89,0.00,0.00,0.00,1205468
2022/10/11 17:4:21,0.00,0.00,20.00,925.52,18.42,71.52,94.47,118,0.00,0.00,0.00,1265781
2022/10/11 17:5:22,0.00,0.00,20.00,925.67,18.41,71.59,46.61,99,0.00,0.00,0.00,1326119
2022/10/11 17:6:22,0.00,0.00,20.00,925.31,18.41,71.59,63.10,106,0.00,0.00,0.00,1386436
2022/10/11 17:7:23,0.00,0.00,20.00,925.34,18.41,71.59,87.04,117,0.00,0.00,0.00,1446770
2022/10/11 17:8:23,0.00,0.00,20.00,925.47,18.41,71.60,84.51,112,0.00,0.00,0.00,1507087
2022/10/11 17:9:24,0.00,0.00,20.70,925.56,18.41,71.73,91.22,114,0.00,0.00,0.00,1567422
2022/10/11 17:10:24,0.00,0.00,21.00,925.81,18.41,71.74,68.17,105,0.00,0.00,0.00,1627739
2022/10/11 17:11:25,0.00,0.00,21.00,925.94,18.41,71.79,73.96,110,0.00,0.00,0.00,1688076
2022/10/11 17:12:25,0.00,0.00,21.00,925.83,18.41,71.82,88.44,115,0.00,0.00,0.00,1748388
2022/10/11 17:13:26,0.00,0.00,21.00,925.90,18.41,71.84,81.23,111,0.00,0.00,0.00,1808726
2022/10/11 17:14:26,0.00,0.00,21.00,925.88,18.42,72.14,82.17,110,0.00,0.00,0.00,1869040
2022/10/11 17:15:27,0.00,0.00,21.00,925.74,18.42,72.10,68.87,108,0.00,0.00,0.00,1929377
2022/10/11 17:16:27,0.00,0.00,21.00,925.40,18.42,71.94,72.50,110,0.00,0.00,0.00,1989691
2022/10/11 17:17:27,0.00,0.00,21.00,925.40,18.42,71.93,84.79,114,0.00,0.00,0.00,2050027
2022/10/11 17:18:28,0.00,0.00,21.00,925.45,18.43,72.03,57.38,102,0.00,0.00,0.00,2110342
2022/10/11 17:19:28,0.00,0.00,21.00,925.61,18.43,72.09,94.43,120,0.00,0.00,0.00,2170679
2022/10/11 17:20:29,0.00,0.00,21.00,925.61,18.43,72.20,88.25,116,0.00,0.00,0.00,2230993
2022/10/11 17:21:29,0.00,0.00,21.00,925.49,18.44,72.22,44.63,95,0.00,0.00,0.00,2291328
2022/10/11 17:22:30,0.00,0.00,21.00,925.54,18.44,72.33,71.71,108,0.00,0.00,0.00,2351643
2022/10/11 17:23:30,0.00,0.00,21.00,925.76,18.45,72.25,81.48,114,0.00,0.00,0.00,2411980
2022/10/11 17:24:31,0.00,0.00,21.00,925.72,18.45,72.17,86.19,116,0.00,0.00,0.00,2472294
2022/10/11 17:25:31,0.00,0.00,21.00,925.79,18.46,72.09,77.37,112,0.00,0.00,0.00,2532632
2022/10/11 17:26:32,0.00,0.00,21.00,925.90,18.46,71.96,65.44,107,0.00,0.00,0.00,2592945
2022/10/11 17:27:32,0.00,0.00,21.00,925.34,18.46,71.99,101.99,121,0.00,0.00,0.00,2653283
2022/10/11 17:28:33,0.00,0.00,21.42,925.43,18.46,72.08,64.59,105,0.00,0.00,0.00,2713600
2022/10/11 17:29:33,0.00,0.00,21.70,925.61,18.46,72.06,81.24,112,0.00,0.00,0.00,2773934
2022/10/11 17:30:33,0.00,0.00,21.92,925.45,18.47,71.92,70.99,109,0.00,0.00,0.00,2834248
2022/10/11 17:31:34,0.00,0.00,21.62,925.72,18.47,72.04,80.56,112,0.00,0.00,0.00,2894586
2022/10/11 17:32:34,0.00,0.00,21.96,925.76,18.48,72.14,81.71,113,0.00,0.00,0.00,2954898
2022/10/11 17:33:35,0.00,0.00,22.00,925.99,18.48,72.27,164.46,152,0.00,0.00,0.00,3015238
2022/10/11 17:34:35,0.00,0.00,22.00,926.01,18.48,72.36,65.88,106,0.00,0.00,0.00,3075551
2022/10/11 17:35:36,0.00,0.00,22.00,925.92,18.49,72.25,67.71,107,0.00,0.00,0.00,3135887
2022/10/11 17:36:36,0.00,0.00,22.00,926.06,18.49,72.13,82.41,114,0.00,0.00,0.00,3196205
2022/10/11 17:37:37,0.00,0.00,22.00,925.72,18.49,72.12,50.44,100,0.00,0.00,0.00,3256540
2022/10/11 17:38:37,0.00,0.00,22.00,925.67,18.49,72.09,88.90,117,0.00,0.00,0.00,3316853
2022/10/11 17:39:38,0.00,0.00,22.00,925.94,18.49,72.06,74.72,110,0.00,0.00,0.00,3377191
2022/10/11 17:40:38,0.00,0.00,22.00,925.85,18.49,72.07,76.34,112,0.00,0.00,0.00,3437503
2022/10/11 17:41:39,0.00,0.00,22.00,925.88,18.50,72.08,94.75,119,0.00,0.00,0.00,3497841
2022/10/11 17:42:39,0.00,0.00,22.00,926.03,18.50,72.04,91.11,117,0.00,0.00,0.00,3558157
2022/10/11 17:44:21,0.00,0.00,22.00,925.61,18.50,72.10,76.55,112,0.00,0.00,0.00,60017
2022/10/11 17:45:22,0.00,0.00,22.00,925.54,18.51,72.03,70.33,109,0.00,0.00,0.00,120280
2022/10/11 17:46:22,0.00,0.00,22.00,925.67,18.51,72.06,79.44,112,0.00,0.00,0.00,180492
2022/10/11 17:47:22,0.00,0.00,22.00,925.63,18.52,72.10,79.33,112,0.00,0.00,0.00,240703
2022/10/11 17:48:23,0.00,0.00,21.66,925.56,18.52,72.04,64.79,105,0.00,0.00,0.00,300915
2022/10/11 17:49:23,0.00,0.00,21.68,925.56,18.53,72.01,76.45,111,0.00,0.00,0.00,361127
2022/10/11 17:50:23,0.00,0.00,21.19,925.56,18.53,72.14,75.88,110,0.00,0.00,0.00,421340
2022/10/11 17:51:24,0.00,0.00,21.00,925.36,18.53,72.15,88.33,116,0.00,0.00,0.00,481598
2022/10/11 17:52:24,0.00,0.00,21.00,925.56,18.54,72.10,72.24,109,0.00,0.00,0.00,541883
2022/10/11 17:53:25,0.00,0.00,21.00,925.47,18.54,72.04,72.35,108,0.00,0.00,0.00,602219
2022/10/11 17:54:25,0.00,0.00,21.00,925.27,18.54,72.10,88.82,115,0.00,0.00,0.00,662534
2022/10/11 17:55:25,0.00,0.00,21.00,925.31,18.54,72.08,73.61,109,0.00,0.00,0.00,722871
2022/10/11 17:56:26,0.00,0.00,21.08,925.11,18.54,72.11,80.71,112,0.00,0.00,0.00,783185
2022/10/11 17:57:26,0.00,0.00,21.66,925.40,18.53,72.09,73.24,110,0.00,0.00,0.00,843521
2022/10/11 17:58:27,0.00,0.00,22.00,925.36,18.54,72.13,80.43,112,0.00,0.00,0.00,903835
2022/10/11 17:59:27,0.00,0.00,21.96,925.74,18.54,72.19,74.77,110,0.00,0.00,0.00,964172
2022/10/11 18:0:28,0.00,0.00,21.70,925.70,18.54,72.12,68.94,107,0.00,0.00,0.00,1024485
2022/10/11 18:1:28,0.00,0.00,21.42,925.70,18.55,72.03,72.15,109,0.00,0.00,0.00,1084823
2022/10/11 18:2:29,0.00,0.00,21.15,925.88,18.55,72.05,75.14,109,0.00,0.00,0.00,1145136
2022/10/11 18:3:29,0.00,0.00,21.04,925.65,18.55,71.96,89.89,116,0.00,0.00,0.00,1205473
2022/10/11 18:4:30,0.00,0.00,21.00,926.06,18.55,71.92,65.49,105,0.00,0.00,0.00,1265787
2022/10/11 18:5:30,0.00,0.00,21.00,925.81,18.56,71.93,82.04,113,0.00,0.00,0.00,1326121
2022/10/11 18:6:31,0.00,0.00,21.00,925.49,18.56,71.96,73.48,111,0.00,0.00,0.00,1386438
2022/10/11 18:7:31,0.00,0.00,21.00,925.54,18.56,71.89,70.33,108,0.00,0.00,0.00,1446773
2022/10/11 18:8:32,0.00,0.00,21.00,925.61,18.56,71.83,66.77,106,0.00,0.00,0.00,1507088
2022/10/11 18:9:32,0.00,0.00,21.00,925.63,18.56,71.70,73.04,109,0.00,0.00,0.00,1567425
2022/10/11 18:10:32,0.00,0.00,21.00,925.74,18.56,71.71,72.32,109,0.00,0.00,0.00,1627740
2022/10/11 18:11:33,0.00,0.00,21.00,925.92,18.56,71.69,78.20,111,0.00,0.00,0.00,1688076
2022/10/11 18:12:33,0.00,0.00,21.00,926.01,18.56,71.67,67.01,106,0.00,0.00,0.00,1748391
2022/10/11 18:13:34,0.00,0.00,21.00,926.03,18.56,71.61,76.26,110,0.00,0.00,0.00,1808728
2022/10/11 18:14:34,0.00,0.00,21.00,926.26,18.57,71.55,66.60,106,0.00,0.00,0.00,1869042
2022/10/11 18:15:35,0.00,0.00,21.00,926.30,18.57,71.54,74.11,109,0.00,0.00,0.00,1929378
2022/10/11 18:16:35,0.00,0.00,21.00,925.70,18.57,71.53,69.11,107,0.00,0.00,0.00,1989692
2022/10/11 18:17:36,0.00,0.00,21.00,925.79,18.57,71.48,62.73,104,0.00,0.00,0.00,2050029
2022/10/11 18:18:36,0.00,0.00,21.00,925.83,18.57,71.47,70.49,108,0.00,0.00,0.00,2110345
2022/10/11 18:19:37,0.00,0.00,21.00,925.97,18.57,71.45,77.83,111,0.00,0.00,0.00,2170680
2022/10/11 18:20:37,0.00,0.00,21.00,925.94,18.57,71.42,72.69,108,0.00,0.00,0.00,2230994
2022/10/11 18:21:38,0.00,0.00,21.00,926.12,18.57,71.36,66.51,106,0.00,0.00,0.00,2291331
2022/10/11 18:22:38,0.00,0.00,21.00,926.01,18.58,71.31,75.99,110,0.00,0.00,0.00,2351645
2022/10/11 18:23:38,0.00,0.00,21.00,926.37,18.58,71.30,71.76,108,0.00,0.00,0.00,2411983
2022/10/11 18:24:39,0.00,0.00,21.00,926.10,18.58,71.26,74.88,109,0.00,0.00,0.00,2472295
2022/10/11 18:25:39,0.00,0.00,21.00,926.30,18.58,71.25,71.80,108,0.00,0.00,0.00,2532633
2022/10/11 18:26:40,0.00,0.00,21.00,926.35,18.58,71.21,71.58,108,0.00,0.00,0.00,2592948
2022/10/11 18:27:40,0.00,0.00,21.00,925.74,18.58,71.17,79.70,112,0.00,0.00,0.00,2653283
2022/10/11 18:28:41,0.00,0.00,21.00,925.85,18.58,71.12,72.26,108,0.00,0.00,0.00,2713600
2022/10/11 18:29:41,0.00,0.00,21.00,925.85,18.58,71.11,67.80,106,0.00,0.00,0.00,2773934
2022/10/11 18:30:42,0.00,0.00,21.00,925.94,18.58,71.08,78.61,110,0.00,0.00,0.00,2834248
2022/10/11 18:31:42,0.00,0.00,21.00,925.99,18.58,71.06,63.02,104,0.00,0.00,0.00,2894586
2022/10/11 18:32:43,0.00,0.00,21.00,926.21,18.59,71.06,79.44,111,0.00,0.00,0.00,2954898
2022/10/11 18:33:43,0.00,0.00,21.00,926.01,18.58,71.05,67.21,105,0.00,0.00,0.00,3015237
2022/10/11 18:34:44,0.00,0.00,21.00,925.99,18.58,71.02,76.62,109,0.00,0.00,0.00,3075551
2022/10/11 18:35:44,0.00,0.00,21.00,925.90,18.58,71.02,72.78,108,0.00,0.00,0.00,3135887
2022/10/11 18:36:44,0.00,0.00,21.00,925.90,18.58,71.01,95.76,119,0.00,0.00,0.00,3196203
2022/10/11 18:37:45,0.00,0.00,21.00,925.38,18.58,71.02,62.16,104,0.00,0.00,0.00,3256536
2022/10/11 18:38:45,0.00,0.00,21.00,925.61,18.58,71.04,77.37,111,0.00,0.00,0.00,3316851
2022/10/11 18:39:46,0.00,0.00,21.00,925.70,18.58,70.99,59.33,104,0.00,0.00,0.00,3377189
2022/10/11 18:40:46,0.00,0.00,21.00,925.94,18.58,70.98,65.25,106,0.00,0.00,0.00,3437502
2022/10/11 18:41:47,0.00,0.00,21.00,926.12,18.58,70.94,87.74,115,0.00,0.00,0.00,3497840
2022/10/11 18:42:47,0.00,0.00,21.00,925.99,18.58,70.92,74.13,109,0.00,0.00,0.00,3558154
2022/10/11 18:44:29,0.00,0.00,21.00,925.86,18.58,70.92,65.87,104,0.00,0.00,0.00,60017
2022/10/11 18:45:30,0.00,0.00,21.00,926.03,18.57,70.86,62.91,104,0.00,0.00,0.00,120280
2022/10/11 18:46:30,0.00,0.00,21.00,925.90,18.57,70.90,60.31,103,0.00,0.00,0.00,180492
2022/10/11 18:47:30,0.00,0.00,21.00,925.94,18.57,70.92,68.35,107,0.00,0.00,0.00,240704
2022/10/11 18:48:31,0.00,0.00,21.00,926.17,18.57,70.92,63.72,105,0.00,0.00,0.00,300918
2022/10/11 18:49:31,0.00,0.00,21.00,925.92,18.57,70.90,80.77,111,0.00,0.00,0.00,361133
2022/10/11 18:51:32,0.00,0.00,21.00,926.24,18.57,70.90,81.50,112,0.00,0.00,0.00,481608
2022/10/11 18:52:32,0.00,0.00,21.00,926.05,12.49,70.87,57.51,100,0.00,0.00,0.00,541821
2022/10/11 18:53:33,0.00,0.00,21.00,926.20,0.00,0.00,71.24,105,0.00,0.00,0.00,602034
2022/10/11 18:54:33,0.00,0.00,21.00,926.10,0.00,0.00,81.95,110,0.00,0.00,0.00,662244
2022/10/11 18:55:33,0.00,0.00,21.00,925.69,0.00,0.00,74.03,106,0.00,0.00,0.00,722455
2022/10/11 18:57:34,0.00,0.00,21.00,925.79,0.00,0.00,75.15,106,0.00,0.00,0.00,842926
2022/10/11 18:58:34,0.00,0.00,21.00,925.88,0.00,0.00,77.41,108,0.00,0.00,0.00,903137
2022/10/11 18:59:35,0.00,0.00,21.00,925.93,0.00,0.00,59.42,99,0.00,0.00,0.00,963345
2022/10/11 19:0:35,0.00,0.00,21.00,925.98,0.00,0.00,69.06,104,0.00,0.00,0.00,1023553
2022/10/11 19:1:36,0.00,0.00,21.00,926.02,0.00,0.00,76.45,107,0.00,0.00,0.00,1083763
2022/10/11 19:2:36,0.00,0.00,21.00,926.15,0.00,0.00,69.68,103,0.00,0.00,0.00,1143973
2022/10/11 19:3:36,0.00,0.00,21.00,926.20,0.00,0.00,62.74,100,0.00,0.00,0.00,1204231
2022/10/11 19:4:37,0.00,0.00,21.00,925.87,0.00,0.00,59.25,100,0.00,0.00,0.00,1264440
2022/10/11 19:5:37,0.00,0.00,21.00,925.69,0.00,0.00,68.11,102,0.00,0.00,0.00,1324649
2022/10/11 19:6:37,0.00,0.00,21.00,925.73,0.00,0.00,60.12,99,0.00,0.00,0.00,1384858
2022/10/11 19:7:38,0.00,0.00,21.00,926.02,0.00,0.00,78.67,106,0.00,0.00,0.00,1445068
2022/10/11 19:8:38,0.00,0.00,21.00,925.84,0.00,0.00,66.07,103,0.00,0.00,0.00,1505278
2022/10/11 19:9:38,0.00,0.00,21.00,925.89,0.00,0.00,57.98,97,0.00,0.00,0.00,1565536
2022/10/11 19:10:39,0.00,0.00,21.00,926.04,0.00,0.00,74.84,107,0.00,0.00,0.00,1625747
