2022/9/6 0:0:37,0.00,0.08,24.08,920.00,16.92,66.96,242.45,108,0.00,0.00,0.00,722112
2022/9/6 0:1:37,0.00,0.09,24.74,920.00,16.92,67.03,244.36,109,0.00,0.00,0.00,782292
2022/9/6 0:2:37,0.00,0.08,25.00,920.00,16.92,67.02,245.68,109,0.00,0.00,0.00,842473
2022/9/6 0:3:37,0.00,0.08,25.00,920.00,16.92,67.04,244.46,108,0.00,0.00,0.00,902652
2022/9/6 0:5:1,0.00,0.08,25.00,794.00,16.91,67.06,252.87,112,0.00,0.00,0.00,60013
2022/9/6 0:6:1,0.00,0.08,25.00,794.00,16.92,67.00,243.81,107,0.00,0.00,0.00,120194
2022/9/6 0:7:20,0.00,0.08,25.00,914.00,16.91,67.00,259.85,113,0.00,0.00,0.00,60014
2022/9/6 0:8:20,0.00,0.08,25.00,914.00,16.92,67.03,251.66,113,0.00,0.00,0.00,120196
2022/9/6 0:12:18,0.00,0.07,24.69,914.00,17.08,66.22,258.10,117,0.00,0.00,0.00,60015
2022/9/6 0:13:18,0.00,0.07,25.00,914.00,16.98,66.74,236.21,106,0.00,0.00,0.00,120198
2022/9/6 0:14:19,0.00,0.07,25.00,914.00,16.95,66.92,238.87,107,0.00,0.00,0.00,180378
2022/9/6 0:15:19,0.00,0.07,25.00,914.00,16.94,67.00,238.81,107,0.00,0.00,0.00,240559
2022/9/6 0:17:25,0.00,0.08,25.00,930.34,16.93,67.07,50846.15,111,0.00,0.00,0.00,60017
2022/9/6 0:18:25,0.00,0.07,25.00,930.45,16.94,67.02,49433.96,108,0.00,0.00,0.00,120202
2022/9/6 0:19:25,0.00,0.08,25.00,930.78,16.94,67.08,48539.62,105,0.00,0.00,0.00,180384
2022/9/6 0:20:25,0.00,0.08,25.00,930.83,16.94,67.02,50105.66,111,0.00,0.00,0.00,240567
2022/9/6 0:21:26,0.00,0.08,24.70,931.14,16.94,67.06,49411.32,107,0.00,0.00,0.00,300749
2022/9/6 0:22:26,0.00,0.08,24.00,931.14,16.94,67.16,49067.92,109,0.00,0.00,0.00,360932
2022/9/6 0:23:26,0.00,0.07,24.00,931.39,16.94,67.22,48928.30,109,0.00,0.00,0.00,421163
2022/9/6 0:24:27,0.00,0.05,24.00,931.52,16.94,67.16,52561.54,124,0.00,0.00,0.00,481344
2022/9/6 0:25:27,0.00,0.07,24.00,931.77,16.95,67.17,51705.66,115,0.00,0.00,0.00,541527
2022/9/6 0:27:23,0.00,0.08,24.00,930.28,16.94,67.18,258.97,116,0.00,0.00,0.00,60015
2022/9/6 0:28:24,0.00,0.08,24.00,930.56,16.95,67.08,251.30,114,0.00,0.00,0.00,120198
2022/9/6 0:29:24,0.00,0.07,24.00,930.64,16.95,67.05,248.84,113,0.00,0.00,0.00,180427
2022/9/6 0:30:24,0.00,0.07,24.00,930.81,16.95,67.03,254.39,117,0.00,0.00,0.00,240609
2022/9/6 0:31:24,0.00,0.08,24.00,931.08,16.96,67.06,249.60,113,0.00,0.00,0.00,300791
2022/9/6 0:32:25,0.00,0.08,24.00,931.14,16.96,67.09,249.14,113,0.00,0.00,0.00,360973
2022/9/6 0:33:25,0.00,0.07,24.00,931.44,16.96,67.05,246.65,111,0.00,0.00,0.00,421157
2022/9/6 0:34:25,0.00,0.07,24.00,931.63,16.96,67.05,252.29,115,0.00,0.00,0.00,481337
2022/9/6 0:35:26,0.00,0.08,24.00,931.80,16.96,67.07,248.22,111,0.00,0.00,0.00,541564
2022/9/6 0:36:26,0.00,0.09,24.00,931.86,16.96,67.12,249.93,112,0.00,0.00,0.00,601744
2022/9/6 0:37:26,0.00,0.09,24.00,931.86,16.96,67.07,243.42,109,0.00,0.00,0.00,661924
2022/9/6 0:38:26,0.00,0.09,24.00,930.64,16.96,67.06,246.85,111,0.00,0.00,0.00,722105
2022/9/6 0:39:27,0.00,0.08,24.00,930.64,16.96,67.04,247.98,111,0.00,0.00,0.00,782285
2022/9/6 0:40:27,0.00,0.08,24.00,930.70,16.96,67.09,248.75,112,0.00,0.00,0.00,842514
2022/9/6 0:41:27,0.00,0.08,24.00,930.97,16.96,67.09,255.35,116,0.00,0.00,0.00,902851
2022/9/6 0:42:27,0.00,0.08,24.00,930.96,16.96,67.07,246.47,110,0.00,0.00,0.00,963033
2022/9/6 0:43:28,0.00,0.08,24.00,931.19,16.96,67.04,248.70,112,0.00,0.00,0.00,1023212
2022/9/6 0:44:28,0.00,0.09,24.00,931.50,16.96,67.09,248.79,112,0.00,0.00,0.00,1083394
2022/9/6 0:45:28,0.00,0.08,24.00,931.66,16.96,67.06,247.48,111,0.00,0.00,0.00,1143575
2022/9/6 0:46:29,0.00,0.09,24.00,931.80,16.96,67.03,248.40,112,0.00,0.00,0.00,1203758
2022/9/6 0:47:29,0.00,0.09,24.00,931.83,16.96,67.07,247.98,111,0.00,0.00,0.00,1263987
2022/9/6 0:48:29,0.00,0.09,24.00,930.50,16.96,67.05,247.22,111,0.00,0.00,0.00,1324170
2022/9/6 0:49:29,0.00,0.09,24.00,930.58,16.96,67.06,245.02,109,0.00,0.00,0.00,1384476
2022/9/6 0:50:30,0.00,0.09,24.00,930.67,16.96,67.17,243.55,108,0.00,0.00,0.00,1444659
2022/9/6 0:51:30,0.00,0.09,24.00,931.06,16.96,67.06,244.18,108,0.00,0.00,0.00,1504841
2022/9/6 0:52:30,0.00,0.08,24.00,931.08,16.96,67.04,249.86,111,0.00,0.00,0.00,1565023
2022/9/6 0:53:31,0.00,0.09,24.00,931.22,16.96,67.02,248.86,111,0.00,0.00,0.00,1625252
2022/9/6 0:54:31,0.00,0.09,24.00,931.41,16.96,66.99,242.83,107,0.00,0.00,0.00,1685433
2022/9/6 0:55:31,0.00,0.09,24.00,931.53,16.96,67.03,246.67,110,0.00,0.00,0.00,1745614
2022/9/6 0:56:31,0.00,0.09,24.00,931.86,16.96,67.03,245.30,109,0.00,0.00,0.00,1805796
2022/9/6 0:57:32,0.00,0.09,24.00,931.86,16.96,66.97,244.00,108,0.00,0.00,0.00,1865977
2022/9/6 0:58:32,0.00,0.09,24.00,931.83,16.96,66.94,239.42,105,0.00,0.00,0.00,1926158
2022/9/6 0:59:32,0.00,0.08,24.00,930.56,16.96,66.99,250.74,112,0.00,0.00,0.00,1986387
2022/9/6 1:0:32,0.00,0.08,24.00,930.53,16.96,67.01,244.12,108,0.00,0.00,0.00,2046567
2022/9/6 1:1:33,0.00,0.11,24.00,930.67,16.97,67.16,247.37,110,0.00,0.00,0.00,2106747
2022/9/6 1:2:33,0.00,0.14,24.00,930.97,16.97,66.95,239.79,106,0.00,0.00,0.00,2166927
2022/9/6 1:3:33,0.00,0.14,24.00,930.92,16.97,66.88,241.23,107,0.00,0.00,0.00,2227111
2022/9/6 1:4:33,0.00,0.14,24.00,931.07,16.98,66.87,245.07,110,0.00,0.00,0.00,2287292
2022/9/6 1:5:34,0.00,0.14,24.00,931.44,16.98,66.87,243.73,109,0.00,0.00,0.00,2347523
2022/9/6 1:6:34,0.00,0.14,24.00,931.77,16.98,66.90,248.27,111,0.00,0.00,0.00,2407702
2022/9/6 1:7:34,0.00,0.14,24.00,931.86,16.98,66.89,245.34,109,0.00,0.00,0.00,2467884
2022/9/6 1:8:34,0.00,0.12,24.00,931.91,16.98,66.86,238.86,106,0.00,0.00,0.00,2528064
2022/9/6 1:9:35,0.00,0.00,23.92,930.45,16.98,66.83,239.22,106,0.00,0.00,0.00,2588247
2022/9/6 1:10:35,0.00,0.00,23.51,930.56,16.98,66.82,251.87,113,0.00,0.00,0.00,2648475
2022/9/6 1:11:35,0.00,0.00,23.34,930.56,16.97,66.84,250.00,112,0.00,0.00,0.00,2708812
2022/9/6 1:12:36,0.00,0.00,23.04,930.81,16.97,66.85,238.57,105,0.00,0.00,0.00,2768995
2022/9/6 1:13:36,0.00,0.00,23.00,930.72,16.97,66.82,247.53,111,0.00,0.00,0.00,2829176
2022/9/6 1:14:36,0.00,0.00,23.00,931.11,16.96,66.81,240.43,106,0.00,0.00,0.00,2889359
2022/9/6 1:16:37,0.00,0.00,23.00,931.22,16.95,66.74,245.04,108,0.00,0.00,0.00,3009723
2022/9/6 1:17:37,0.00,0.00,23.00,931.58,16.95,66.74,245.60,109,0.00,0.00,0.00,3069954
2022/9/6 1:18:37,0.00,0.00,23.00,931.83,16.94,66.70,242.68,107,0.00,0.00,0.00,3130135
2022/9/6 1:19:38,0.00,0.00,23.00,930.28,16.94,66.67,246.72,110,0.00,0.00,0.00,3190443
2022/9/6 1:20:38,0.00,0.00,23.00,930.11,16.93,66.65,246.39,110,0.00,0.00,0.00,3250624
2022/9/6 1:21:38,0.00,0.00,23.00,930.17,16.93,66.63,244.95,109,0.00,0.00,0.00,3310807
2022/9/6 1:22:38,0.00,0.00,23.00,930.39,16.92,66.60,249.69,112,0.00,0.00,0.00,3370988
2022/9/6 1:23:39,0.00,0.00,23.00,930.53,16.92,66.58,242.63,107,0.00,0.00,0.00,3431219
2022/9/6 1:24:39,0.00,0.00,23.00,930.75,16.91,66.56,242.81,107,0.00,0.00,0.00,3491400
2022/9/6 1:25:39,0.00,0.00,23.00,930.94,16.91,66.55,246.46,110,0.00,0.00,0.00,3551582
2022/9/6 1:27:28,0.00,0.00,23.00,930.03,16.90,66.54,248.95,111,0.00,0.00,0.00,60015
2022/9/6 1:28:28,0.00,0.00,23.00,929.95,16.89,66.54,244.16,108,0.00,0.00,0.00,120198
2022/9/6 1:29:28,0.00,0.00,23.00,929.95,16.89,66.54,247.04,109,0.00,0.00,0.00,180378
2022/9/6 1:30:29,0.00,0.00,23.00,930.06,16.88,66.53,241.63,106,0.00,0.00,0.00,240608
2022/9/6 1:31:29,0.00,0.00,23.00,930.39,16.88,66.52,253.20,113,0.00,0.00,0.00,300790
2022/9/6 1:33:29,0.00,0.00,23.00,930.83,16.88,66.50,242.92,107,0.00,0.00,0.00,421154
2022/9/6 1:34:30,0.00,0.00,23.00,930.87,16.87,66.48,243.59,108,0.00,0.00,0.00,481336
2022/9/6 1:35:30,0.00,0.00,23.00,931.28,16.86,66.46,241.59,106,0.00,0.00,0.00,541516
2022/9/6 1:36:30,0.00,0.00,23.00,931.44,16.86,66.46,244.51,108,0.00,0.00,0.00,601746
2022/9/6 1:37:30,0.00,0.00,23.00,931.55,16.85,66.46,247.48,110,0.00,0.00,0.00,661927
2022/9/6 1:38:31,0.00,0.00,23.00,929.95,16.85,66.46,238.37,104,0.00,0.00,0.00,722108
2022/9/6 1:39:31,0.00,0.00,23.00,929.73,16.85,66.45,240.69,106,0.00,0.00,0.00,782289
2022/9/6 1:40:31,0.00,0.00,23.00,929.81,16.84,66.45,249.12,111,0.00,0.00,0.00,842471
2022/9/6 1:41:31,0.00,0.00,23.00,929.97,16.84,66.44,245.88,109,0.00,0.00,0.00,902651
2022/9/6 1:42:32,0.00,0.00,23.00,930.34,16.83,66.45,245.63,108,0.00,0.00,0.00,962878
2022/9/6 1:43:32,0.00,0.00,23.00,930.47,16.83,66.45,249.82,111,0.00,0.00,0.00,1023058
2022/9/6 1:44:32,0.00,0.00,23.00,931.03,16.83,66.47,247.55,110,0.00,0.00,0.00,1083239
2022/9/6 1:45:32,0.00,0.00,23.00,931.11,16.82,66.47,238.24,104,0.00,0.00,0.00,1143420
2022/9/6 1:46:33,0.00,0.00,23.00,931.33,16.82,66.48,247.72,110,0.00,0.00,0.00,1203601
2022/9/6 1:47:33,0.00,0.00,23.00,931.33,16.82,66.50,241.06,106,0.00,0.00,0.00,1263831
2022/9/6 1:48:33,0.00,0.00,23.00,929.95,16.81,66.49,250.56,111,0.00,0.00,0.00,1324167
2022/9/6 1:49:34,0.00,0.00,23.00,929.71,16.81,66.49,247.01,109,0.00,0.00,0.00,1384349
2022/9/6 1:50:34,0.00,0.00,23.00,929.95,16.80,66.50,248.68,110,0.00,0.00,0.00,1444532
2022/9/6 1:51:34,0.00,0.00,23.00,929.81,16.80,66.49,244.01,108,0.00,0.00,0.00,1504714
2022/9/6 1:52:34,0.00,0.00,23.00,930.11,16.80,66.51,246.11,109,0.00,0.00,0.00,1564896
2022/9/6 1:53:35,0.00,0.00,23.00,930.36,16.79,66.53,247.57,110,0.00,0.00,0.00,1625078
2022/9/6 1:54:35,0.00,0.00,23.00,930.42,16.79,66.54,248.23,110,0.00,0.00,0.00,1685307
2022/9/6 1:55:35,0.00,0.00,23.00,930.78,16.78,66.55,245.23,108,0.00,0.00,0.00,1745489
2022/9/6 1:56:36,0.00,0.00,22.96,930.67,16.78,66.58,243.79,108,0.00,0.00,0.00,1805796
2022/9/6 1:57:36,0.00,0.00,22.88,931.04,16.78,66.60,244.51,108,0.00,0.00,0.00,1865978
2022/9/6 1:58:36,0.00,0.00,22.89,931.41,16.77,66.60,244.08,108,0.00,0.00,0.00,1926160
2022/9/6 1:59:36,0.00,0.00,23.00,929.73,16.77,66.60,246.94,109,0.00,0.00,0.00,1986342
2022/9/6 2:0:37,0.00,0.00,23.00,929.56,16.77,66.60,246.30,109,0.00,0.00,0.00,2046570
2022/9/6 2:1:37,0.00,0.00,23.00,929.51,16.76,66.63,246.24,109,0.00,0.00,0.00,2106752
2022/9/6 2:2:37,0.00,0.00,23.00,929.70,16.76,66.63,242.85,106,0.00,0.00,0.00,2166931
2022/9/6 2:3:37,0.00,0.00,23.00,929.81,16.76,66.62,246.85,109,0.00,0.00,0.00,2227113
2022/9/6 2:4:38,0.00,0.00,22.96,929.91,16.75,66.62,243.51,107,0.00,0.00,0.00,2287293
2022/9/6 2:5:38,0.00,0.00,22.96,930.14,16.75,66.63,245.73,107,0.00,0.00,0.00,2347473
2022/9/6 2:6:38,0.00,0.00,23.00,930.42,16.75,66.65,239.97,105,0.00,0.00,0.00,2407701
2022/9/6 2:7:38,0.00,0.00,22.96,930.47,16.75,66.68,238.99,104,0.00,0.00,0.00,2467881
2022/9/6 2:8:39,0.00,0.00,23.00,930.47,16.74,66.69,246.35,109,0.00,0.00,0.00,2528061
2022/9/6 2:9:39,0.00,0.00,23.00,929.42,16.74,66.70,243.84,107,0.00,0.00,0.00,2588241
2022/9/6 2:10:39,0.00,0.00,23.00,929.20,16.74,66.71,242.04,105,0.00,0.00,0.00,2648426
2022/9/6 2:11:39,0.00,0.00,23.00,929.35,16.73,66.73,247.41,110,0.00,0.00,0.00,2708608
2022/9/6 2:12:40,0.00,0.00,23.00,929.53,16.73,66.74,246.15,110,0.00,0.00,0.00,2768839
2022/9/6 2:13:40,0.00,0.00,22.96,929.76,16.72,66.74,246.21,108,0.00,0.00,0.00,2829023
2022/9/6 2:14:40,0.00,0.00,22.92,930.20,16.72,66.77,247.13,110,0.00,0.00,0.00,2889205
2022/9/6 2:15:41,0.00,0.01,22.62,930.20,16.72,66.79,254.17,112,0.00,0.00,0.00,2949387
2022/9/6 2:16:41,0.00,0.00,22.51,930.34,16.72,66.81,244.86,108,0.00,0.00,0.00,3009569
2022/9/6 2:17:41,0.00,0.00,22.51,930.45,16.71,66.82,247.22,109,0.00,0.00,0.00,3069792
2022/9/6 2:18:41,0.00,0.00,22.47,930.47,16.71,66.82,239.23,104,0.00,0.00,0.00,3130125
2022/9/6 2:19:42,0.00,0.00,22.35,929.15,16.71,66.84,246.73,109,0.00,0.00,0.00,3190306
2022/9/6 2:20:42,0.00,0.00,22.51,929.12,16.71,66.83,248.86,111,0.00,0.00,0.00,3250489
2022/9/6 2:21:42,0.00,0.00,22.45,929.26,16.70,66.84,248.34,109,0.00,0.00,0.00,3310671
2022/9/6 2:22:43,0.00,0.00,22.53,929.42,16.70,66.86,246.22,109,0.00,0.00,0.00,3370853
2022/9/6 2:23:43,0.00,0.00,22.34,929.53,16.70,66.86,246.68,109,0.00,0.00,0.00,3431036
2022/9/6 2:24:43,0.00,0.00,22.15,929.81,16.69,66.89,242.09,106,0.00,0.00,0.00,3491267
2022/9/6 2:25:43,0.00,0.00,22.00,929.87,16.69,66.91,247.66,110,0.00,0.00,0.00,3551450
2022/9/6 2:27:32,0.00,0.00,22.00,929.07,16.69,66.92,242.89,107,0.00,0.00,0.00,60015
2022/9/6 2:28:32,0.00,0.00,22.00,928.90,16.68,66.92,251.76,112,0.00,0.00,0.00,120198
2022/9/6 2:29:33,0.00,0.00,22.00,929.15,16.68,66.93,243.90,107,0.00,0.00,0.00,180378
2022/9/6 2:30:33,0.00,0.00,22.00,929.23,16.68,66.94,246.59,108,0.00,0.00,0.00,240559
2022/9/6 2:31:33,0.00,0.00,22.00,929.48,16.67,66.95,248.81,111,0.00,0.00,0.00,300787
2022/9/6 2:32:33,0.00,0.00,22.00,929.81,16.67,66.96,247.16,109,0.00,0.00,0.00,360969
2022/9/6 2:33:34,0.00,0.00,22.00,929.89,16.67,66.97,241.82,106,0.00,0.00,0.00,421154
2022/9/6 2:34:34,0.00,0.00,22.00,930.00,16.67,66.99,246.88,109,0.00,0.00,0.00,481336
2022/9/6 2:35:34,0.00,0.00,22.00,930.31,16.67,67.00,242.11,108,0.00,0.00,0.00,541517
2022/9/6 2:36:34,0.00,0.00,22.00,930.39,16.66,66.99,247.11,109,0.00,0.00,0.00,601698
2022/9/6 2:37:35,0.00,0.00,22.00,930.47,16.66,67.00,249.97,111,0.00,0.00,0.00,661927
2022/9/6 2:38:35,0.00,0.00,22.00,929.15,16.66,67.05,239.47,105,0.00,0.00,0.00,722108
2022/9/6 2:39:35,0.00,0.00,22.00,929.17,16.66,67.05,245.65,108,0.00,0.00,0.00,782289
2022/9/6 2:40:35,0.00,0.00,22.00,929.20,16.65,67.06,248.16,110,0.00,0.00,0.00,842470
2022/9/6 2:41:36,0.00,0.00,22.00,929.46,16.65,67.04,243.85,108,0.00,0.00,0.00,902650
2022/9/6 2:42:36,0.00,0.00,22.00,929.45,16.65,67.05,243.05,107,0.00,0.00,0.00,962831
2022/9/6 2:43:36,0.00,0.00,22.00,929.76,16.65,67.05,247.09,109,0.00,0.00,0.00,1023059
2022/9/6 2:44:36,0.00,0.00,22.00,929.95,16.64,67.07,241.98,107,0.00,0.00,0.00,1083241
2022/9/6 2:45:37,0.00,0.00,22.00,930.28,16.64,67.07,246.52,109,0.00,0.00,0.00,1143422
2022/9/6 2:46:37,0.00,0.00,22.00,930.28,16.64,67.07,246.48,109,0.00,0.00,0.00,1203603
2022/9/6 2:47:37,0.00,0.00,22.00,930.45,16.64,67.12,243.81,107,0.00,0.00,0.00,1263787
2022/9/6 2:48:37,0.00,0.00,22.00,929.01,16.63,67.15,243.98,107,0.00,0.00,0.00,1323967
2022/9/6 2:49:38,0.00,0.00,22.00,929.09,16.63,67.15,249.10,111,0.00,0.00,0.00,1384197
2022/9/6 2:50:38,0.00,0.00,22.00,929.23,16.63,67.10,242.98,107,0.00,0.00,0.00,1444378
2022/9/6 2:51:38,0.00,0.00,22.00,929.53,16.63,67.10,244.91,108,0.00,0.00,0.00,1504560
2022/9/6 2:52:39,0.00,0.00,22.00,929.56,16.63,67.15,249.36,110,0.00,0.00,0.00,1564741
2022/9/6 2:53:39,0.00,0.00,22.00,929.76,16.62,67.16,249.99,111,0.00,0.00,0.00,1624924
2022/9/6 2:54:39,0.00,0.00,22.00,929.81,16.62,67.17,240.95,105,0.00,0.00,0.00,1685155
2022/9/6 2:55:39,0.00,0.00,22.00,930.11,16.62,67.17,246.44,109,0.00,0.00,0.00,1745484
2022/9/6 2:56:40,0.00,0.00,22.00,930.31,16.62,67.16,241.09,105,0.00,0.00,0.00,1805666
2022/9/6 2:57:40,0.00,0.00,22.00,930.31,16.61,67.18,248.47,110,0.00,0.00,0.00,1865848
2022/9/6 2:58:40,0.00,0.00,22.00,930.47,16.61,67.18,245.21,108,0.00,0.00,0.00,1926031
2022/9/6 2:59:40,0.00,0.00,22.00,929.06,16.61,67.20,247.42,109,0.00,0.00,0.00,1986213
2022/9/6 3:0:41,0.00,0.00,22.00,929.06,16.61,67.17,238.53,104,0.00,0.00,0.00,2046442
2022/9/6 3:1:41,0.00,0.00,22.00,929.20,16.61,67.19,251.06,111,0.00,0.00,0.00,2106625
2022/9/6 3:2:41,0.00,0.00,22.00,929.51,16.60,67.21,247.57,110,0.00,0.00,0.00,2166805
2022/9/6 3:3:42,0.00,0.00,22.00,929.63,16.60,67.22,241.88,106,0.00,0.00,0.00,2226985
2022/9/6 3:5:42,0.00,0.00,22.00,929.92,16.60,67.22,246.17,108,0.00,0.00,0.00,2347350
2022/9/6 3:6:42,0.00,0.00,22.00,929.98,16.60,67.25,242.85,107,0.00,0.00,0.00,2407579
2022/9/6 3:7:43,0.00,0.00,22.00,930.45,16.59,67.24,246.61,109,0.00,0.00,0.00,2467760
2022/9/6 3:8:43,0.00,0.00,22.00,930.34,16.59,67.25,241.87,106,0.00,0.00,0.00,2527941
2022/9/6 3:9:43,0.00,0.00,22.00,929.09,16.59,67.25,244.56,108,0.00,0.00,0.00,2588124
2022/9/6 3:10:44,0.00,0.00,22.00,929.04,16.59,67.26,250.83,111,0.00,0.00,0.00,2648432
2022/9/6 3:11:44,0.00,0.00,22.00,929.18,16.58,67.28,245.34,108,0.00,0.00,0.00,2708615
2022/9/6 3:12:44,0.00,0.00,22.00,929.23,16.58,67.28,247.51,110,0.00,0.00,0.00,2768846
2022/9/6 3:13:44,0.00,0.00,22.00,929.31,16.58,67.27,248.99,110,0.00,0.00,0.00,2829028
2022/9/6 3:14:45,0.00,0.00,22.00,929.67,16.58,67.28,242.41,106,0.00,0.00,0.00,2889209
2022/9/6 3:15:45,0.00,0.00,22.00,929.81,16.58,67.28,249.43,110,0.00,0.00,0.00,2949391
2022/9/6 3:16:45,0.00,0.00,22.00,929.81,16.57,67.28,243.42,107,0.00,0.00,0.00,3009572
2022/9/6 3:17:45,0.00,0.00,22.00,930.20,16.57,67.29,245.19,108,0.00,0.00,0.00,3069797
2022/9/6 3:18:46,0.00,0.00,22.00,930.17,16.57,67.31,247.33,109,0.00,0.00,0.00,3130134
2022/9/6 3:19:46,0.00,0.00,22.00,928.81,16.57,67.31,243.08,107,0.00,0.00,0.00,3190317
2022/9/6 3:20:46,0.00,0.00,22.00,928.95,16.57,67.32,243.55,106,0.00,0.00,0.00,3250498
2022/9/6 3:21:47,0.00,0.00,22.00,928.95,16.57,67.37,247.64,109,0.00,0.00,0.00,3310680
2022/9/6 3:22:47,0.00,0.00,22.00,929.12,16.56,67.43,247.48,110,0.00,0.00,0.00,3370861
2022/9/6 3:23:47,0.00,0.00,22.00,929.23,16.56,67.45,241.50,106,0.00,0.00,0.00,3431044
2022/9/6 3:24:47,0.00,0.00,22.00,929.40,16.56,67.42,249.67,110,0.00,0.00,0.00,3491273
2022/9/6 3:25:48,0.00,0.00,22.00,929.42,16.56,67.41,241.39,106,0.00,0.00,0.00,3551456
2022/9/6 3:27:36,0.00,0.00,22.00,928.78,16.55,67.45,246.09,109,0.00,0.00,0.00,60015
2022/9/6 3:28:37,0.00,0.00,22.00,928.73,16.55,67.44,241.93,106,0.00,0.00,0.00,120198
2022/9/6 3:29:37,0.00,0.00,22.00,928.84,16.55,67.44,247.53,110,0.00,0.00,0.00,180378
2022/9/6 3:30:37,0.00,0.00,22.00,929.04,16.55,67.46,244.32,108,0.00,0.00,0.00,240559
2022/9/6 3:31:37,0.00,0.00,22.00,929.31,16.54,67.46,250.74,111,0.00,0.00,0.00,300788
2022/9/6 3:32:38,0.00,0.00,22.00,929.31,16.54,67.45,241.96,107,0.00,0.00,0.00,360970
2022/9/6 3:33:38,0.00,0.00,22.00,929.70,16.54,67.47,248.81,110,0.00,0.00,0.00,421154
2022/9/6 3:34:38,0.00,0.00,22.00,929.72,16.54,67.45,245.13,108,0.00,0.00,0.00,481336
2022/9/6 3:35:38,0.00,0.00,22.00,929.92,16.54,67.45,242.89,107,0.00,0.00,0.00,541517
2022/9/6 3:36:39,0.00,0.00,22.00,930.11,16.54,67.48,242.02,107,0.00,0.00,0.00,601699
2022/9/6 3:37:39,0.00,0.00,22.00,930.09,16.54,67.46,246.70,108,0.00,0.00,0.00,661929
2022/9/6 3:38:39,0.00,0.00,22.00,928.93,16.53,67.46,244.03,108,0.00,0.00,0.00,722110
2022/9/6 3:39:39,0.00,0.00,22.00,928.73,16.53,67.47,247.46,108,0.00,0.00,0.00,782290
2022/9/6 3:40:40,0.00,0.00,22.00,928.84,16.53,67.45,247.46,109,0.00,0.00,0.00,842472
2022/9/6 3:41:40,0.00,0.00,22.00,928.93,16.53,67.46,242.10,107,0.00,0.00,0.00,902653
2022/9/6 3:42:40,0.00,0.00,22.00,929.31,16.53,67.46,248.53,111,0.00,0.00,0.00,962833
2022/9/6 3:43:40,0.00,0.00,22.00,929.53,16.53,67.46,242.81,107,0.00,0.00,0.00,1023065
2022/9/6 3:44:41,0.00,0.00,22.00,929.53,16.53,67.48,244.80,108,0.00,0.00,0.00,1083245
2022/9/6 3:45:41,0.00,0.00,22.00,929.70,16.52,67.48,243.92,108,0.00,0.00,0.00,1143429
2022/9/6 3:46:41,0.00,0.00,22.00,929.95,16.52,67.50,246.17,108,0.00,0.00,0.00,1203610
2022/9/6 3:47:41,0.00,0.00,22.00,930.09,16.52,67.51,242.94,107,0.00,0.00,0.00,1263793
2022/9/6 3:48:42,0.00,0.00,22.00,928.81,16.52,67.48,246.22,109,0.00,0.00,0.00,1324121
2022/9/6 3:49:42,0.00,0.00,22.00,928.62,16.52,67.48,240.32,105,0.00,0.00,0.00,1384435
2022/9/6 3:50:43,0.00,0.00,22.00,928.73,16.51,67.49,249.19,110,0.00,0.00,0.00,1444619
2022/9/6 3:51:43,0.00,0.00,22.00,928.70,16.51,67.47,251.63,111,0.00,0.00,0.00,1504801
2022/9/6 3:52:43,0.00,0.00,22.00,928.92,16.51,67.47,242.46,107,0.00,0.00,0.00,1564983
2022/9/6 3:53:43,0.00,0.00,22.00,929.06,16.51,67.48,255.06,114,0.00,0.00,0.00,1625165
2022/9/6 3:54:44,0.00,0.00,22.00,929.12,16.51,67.50,244.19,108,0.00,0.00,0.00,1685348
2022/9/6 3:55:44,0.00,0.00,22.00,929.42,16.50,67.50,246.87,109,0.00,0.00,0.00,1745576
2022/9/6 3:56:44,0.00,0.00,22.00,929.59,16.50,67.50,240.19,105,0.00,0.00,0.00,1805757
2022/9/6 3:57:44,0.00,0.00,22.00,929.77,16.50,67.50,239.27,105,0.00,0.00,0.00,1865938
2022/9/6 3:58:45,0.00,0.00,22.00,929.81,16.50,67.51,243.44,106,0.00,0.00,0.00,1926119
2022/9/6 3:59:45,0.00,0.00,22.00,928.70,16.50,67.51,243.99,107,0.00,0.00,0.00,1986301
2022/9/6 4:0:45,0.00,0.00,22.00,928.32,16.49,67.50,248.86,110,0.00,0.00,0.00,2046482
2022/9/6 4:1:45,0.00,0.00,22.00,928.79,16.49,67.51,234.18,102,0.00,0.00,0.00,2106711
2022/9/6 4:2:46,0.00,0.00,22.00,928.73,16.49,67.52,249.01,112,0.00,0.00,0.00,2166891
2022/9/6 4:3:46,0.00,0.00,22.00,929.09,16.49,67.54,251.44,111,0.00,0.00,0.00,2227073
2022/9/6 4:4:46,0.00,0.00,22.00,929.21,16.49,67.55,241.77,106,0.00,0.00,0.00,2287253
2022/9/6 4:5:46,0.00,0.00,22.00,929.23,16.49,67.58,242.63,107,0.00,0.00,0.00,2347435
2022/9/6 4:6:47,0.00,0.00,22.00,929.75,16.49,67.58,240.73,103,0.00,0.00,0.00,2407615
2022/9/6 4:7:47,0.00,0.00,22.00,930.11,16.49,67.57,244.60,106,0.00,0.00,0.00,2467845
2022/9/6 4:8:47,0.00,0.00,22.00,930.42,16.48,67.56,243.18,105,0.00,0.00,0.00,2528026
2022/9/6 4:9:47,0.00,0.00,22.00,929.06,16.48,67.57,246.33,109,0.00,0.00,0.00,2588208
2022/9/6 4:10:48,0.00,0.00,22.00,929.09,16.48,67.58,246.72,109,0.00,0.00,0.00,2648390
2022/9/6 4:11:48,0.00,0.00,22.00,929.07,16.48,67.58,246.71,109,0.00,0.00,0.00,2708572
2022/9/6 4:12:48,0.00,0.00,22.00,929.01,16.48,67.59,243.68,107,0.00,0.00,0.00,2768754
2022/9/6 4:13:49,0.00,0.00,22.00,929.20,16.48,67.59,245.91,108,0.00,0.00,0.00,2828985
2022/9/6 4:14:49,0.00,0.00,22.00,929.28,16.47,67.58,247.13,109,0.00,0.00,0.00,2889167
2022/9/6 4:15:49,0.00,0.00,22.00,929.53,16.47,67.59,238.37,104,0.00,0.00,0.00,2949348
2022/9/6 4:16:49,0.00,0.00,22.00,929.51,16.47,67.61,238.70,105,0.00,0.00,0.00,3009529
2022/9/6 4:17:50,0.00,0.00,22.00,929.70,16.47,67.63,245.32,109,0.00,0.00,0.00,3069711
2022/9/6 4:18:50,0.00,0.00,22.00,930.11,16.47,67.63,241.63,107,0.00,0.00,0.00,3130041
2022/9/6 4:19:50,0.00,0.00,22.00,928.98,16.47,67.64,246.70,109,0.00,0.00,0.00,3190358
2022/9/6 4:20:51,0.00,0.00,22.00,928.84,16.47,67.65,243.82,107,0.00,0.00,0.00,3250538
2022/9/6 4:21:51,0.00,0.00,22.00,928.95,16.47,67.67,248.86,111,0.00,0.00,0.00,3310721
2022/9/6 4:22:51,0.00,0.00,22.00,929.20,16.46,67.69,247.61,110,0.00,0.00,0.00,3370902
2022/9/6 4:23:51,0.00,0.00,22.00,929.42,16.46,67.69,248.42,110,0.00,0.00,0.00,3431085
2022/9/6 4:24:52,0.00,0.00,22.00,929.28,16.46,67.68,250.37,111,0.00,0.00,0.00,3491267
2022/9/6 4:25:52,0.00,0.00,22.00,929.28,16.46,67.68,247.79,109,0.00,0.00,0.00,3551499
2022/9/6 4:27:41,0.00,0.00,22.00,928.76,16.46,67.71,241.58,106,0.00,0.00,0.00,60015
2022/9/6 4:28:41,0.00,0.00,22.00,928.92,16.46,67.75,247.98,110,0.00,0.00,0.00,120199
2022/9/6 4:30:41,0.00,0.00,22.00,928.68,16.46,67.70,241.15,106,0.00,0.00,0.00,240562
2022/9/6 4:31:42,0.00,0.00,22.00,928.87,16.45,67.75,241.41,103,0.00,0.00,0.00,300743
2022/9/6 4:32:42,0.00,0.00,22.00,929.12,16.45,67.78,244.60,108,0.00,0.00,0.00,360974
2022/9/6 4:33:42,0.00,0.00,22.00,929.37,16.45,67.78,248.68,110,0.00,0.00,0.00,421155
2022/9/6 4:34:42,0.00,0.00,22.00,929.49,16.45,67.76,247.07,110,0.00,0.00,0.00,481337
2022/9/6 4:35:43,0.00,0.00,22.00,929.84,16.45,67.77,244.51,109,0.00,0.00,0.00,541518
2022/9/6 4:36:43,0.00,0.00,22.00,929.89,16.45,67.78,242.89,107,0.00,0.00,0.00,601700
2022/9/6 4:37:43,0.00,0.00,22.00,929.73,16.44,67.77,241.56,106,0.00,0.00,0.00,661881
2022/9/6 4:38:43,0.00,0.00,22.00,928.15,16.44,67.79,248.86,111,0.00,0.00,0.00,722111
2022/9/6 4:39:44,0.00,0.00,22.00,927.85,16.44,67.79,247.46,109,0.00,0.00,0.00,782292
2022/9/6 4:40:44,0.00,0.00,22.00,927.93,16.44,67.78,240.47,106,0.00,0.00,0.00,842473
2022/9/6 4:41:44,0.00,0.00,22.00,928.33,16.44,67.79,244.62,109,0.00,0.00,0.00,902654
2022/9/6 4:42:44,0.00,0.00,22.00,928.84,16.44,67.80,248.68,110,0.00,0.00,0.00,962836
2022/9/6 4:43:45,0.00,0.00,22.00,929.31,16.44,67.85,243.27,107,0.00,0.00,0.00,1023019
2022/9/6 4:44:45,0.00,0.00,22.00,929.42,16.44,67.86,252.83,114,0.00,0.00,0.00,1083285
2022/9/6 4:45:45,0.00,0.00,22.00,929.64,16.43,67.85,239.45,105,0.00,0.00,0.00,1143468
2022/9/6 4:46:46,0.00,0.00,22.00,929.59,16.43,67.88,247.37,110,0.00,0.00,0.00,1203648
2022/9/6 4:47:46,0.00,0.00,22.00,930.03,16.43,67.86,248.12,110,0.00,0.00,0.00,1263831
2022/9/6 4:48:46,0.00,0.00,22.00,928.65,16.43,67.85,237.44,103,0.00,0.00,0.00,1324126
2022/9/6 4:49:46,0.00,0.00,22.00,928.19,16.43,67.83,243.19,108,0.00,0.00,0.00,1384308
2022/9/6 4:50:47,0.00,0.00,22.00,928.48,16.43,67.85,253.47,112,0.00,0.00,0.00,1444537
2022/9/6 4:51:47,0.00,0.00,22.00,928.62,16.43,67.84,242.79,110,0.00,0.00,0.00,1504721
2022/9/6 4:52:47,0.00,0.00,22.00,928.92,16.42,67.85,240.91,105,0.00,0.00,0.00,1564905
2022/9/6 4:53:47,0.00,0.00,22.00,929.15,16.42,67.90,244.31,108,0.00,0.00,0.00,1625090
2022/9/6 4:54:48,0.00,0.00,22.00,929.48,16.42,67.95,245.08,108,0.00,0.00,0.00,1685274
2022/9/6 4:55:48,0.00,0.00,22.00,929.70,16.42,67.95,244.99,108,0.00,0.00,0.00,1745487
2022/9/6 4:56:48,0.00,0.00,22.00,929.98,16.42,67.92,239.22,105,0.00,0.00,0.00,1805802
2022/9/6 4:57:49,0.00,0.00,22.00,930.28,16.42,68.00,249.79,110,0.00,0.00,0.00,1865987
2022/9/6 4:58:49,0.00,0.00,22.00,930.23,16.42,68.04,238.83,105,0.00,0.00,0.00,1926171
2022/9/6 4:59:49,0.00,0.00,22.00,929.06,16.42,68.03,247.74,110,0.00,0.00,0.00,1986356
2022/9/6 5:0:49,0.00,0.00,22.00,928.95,16.42,68.04,244.86,108,0.00,0.00,0.00,2046539
2022/9/6 5:1:50,0.00,0.00,22.00,928.79,16.42,68.05,252.07,111,0.00,0.00,0.00,2106723
2022/9/6 5:2:50,0.00,0.00,22.00,928.95,16.41,68.04,245.45,108,0.00,0.00,0.00,2166956
2022/9/6 5:3:50,0.00,0.00,22.00,929.17,16.41,68.03,248.55,110,0.00,0.00,0.00,2227140
2022/9/6 5:4:51,0.00,0.00,22.00,929.40,16.41,68.03,237.08,102,0.00,0.00,0.00,2287455
2022/9/6 5:5:51,0.00,0.00,22.00,929.60,16.41,68.01,240.83,106,0.00,0.00,0.00,2347639
2022/9/6 5:6:51,0.00,0.00,22.00,929.56,16.41,68.01,239.22,104,0.00,0.00,0.00,2407822
2022/9/6 5:7:52,0.00,0.00,22.00,929.70,16.41,68.04,236.58,103,0.00,0.00,0.00,2468109
2022/9/6 5:8:52,0.00,0.00,22.00,929.92,16.41,68.06,250.32,112,0.00,0.00,0.00,2528425
2022/9/6 5:9:52,0.00,0.00,22.00,928.81,16.41,68.04,247.91,110,0.00,0.00,0.00,2588608
2022/9/6 5:10:52,0.00,0.00,22.00,928.51,16.41,68.05,236.63,103,0.00,0.00,0.00,2648793
2022/9/6 5:11:53,0.00,0.00,22.00,928.65,16.40,68.03,241.96,106,0.00,0.00,0.00,2708977
2022/9/6 5:12:53,0.00,0.00,22.00,928.84,16.40,68.05,245.95,108,0.00,0.00,0.00,2769162
2022/9/6 5:13:53,0.00,0.00,22.00,929.15,16.40,68.07,244.56,107,0.00,0.00,0.00,2829346
2022/9/6 5:14:53,0.00,0.00,22.00,929.04,16.40,68.07,239.22,105,0.00,0.00,0.00,2889577
2022/9/6 5:15:54,0.00,0.00,22.00,929.37,16.40,68.09,253.91,114,0.00,0.00,0.00,2949762
2022/9/6 5:16:54,0.00,0.00,22.00,929.62,16.40,68.09,245.67,108,0.00,0.00,0.00,3010082
2022/9/6 5:17:54,0.00,0.00,22.00,929.88,16.40,68.10,244.00,107,0.00,0.00,0.00,3070267
2022/9/6 5:18:55,0.00,0.00,22.00,929.78,16.39,68.12,245.08,108,0.00,0.00,0.00,3130454
2022/9/6 5:19:55,0.00,0.00,22.00,928.70,16.39,68.12,252.42,110,0.00,0.00,0.00,3190639
2022/9/6 5:20:55,0.00,0.00,22.00,928.43,16.39,68.12,243.22,107,0.00,0.00,0.00,3250872
2022/9/6 5:21:55,0.00,0.00,22.00,928.37,16.39,68.11,247.64,109,0.00,0.00,0.00,3311058
2022/9/6 5:22:56,0.00,0.00,22.00,928.34,16.39,68.14,247.16,109,0.00,0.00,0.00,3371243
2022/9/6 5:23:56,0.00,0.00,22.00,928.65,16.39,68.15,242.61,107,0.00,0.00,0.00,3431429
2022/9/6 5:24:56,0.00,0.00,22.00,928.92,16.39,68.17,243.29,107,0.00,0.00,0.00,3491720
2022/9/6 5:25:57,0.00,0.00,22.00,928.87,16.39,68.19,242.70,107,0.00,0.00,0.00,3552055
2022/9/6 5:27:45,0.00,0.00,22.00,927.97,16.39,68.21,245.86,109,0.00,0.00,0.00,60015
2022/9/6 5:28:45,0.00,0.00,22.00,927.96,16.39,68.24,245.17,108,0.00,0.00,0.00,120201
2022/9/6 5:29:45,0.00,0.00,22.00,928.26,16.39,68.24,242.79,107,0.00,0.00,0.00,180384
2022/9/6 5:30:46,0.00,0.00,22.00,928.43,16.38,68.21,244.34,108,0.00,0.00,0.00,240568
2022/9/6 5:31:46,0.00,0.00,22.00,928.59,16.38,68.21,244.64,108,0.00,0.00,0.00,300751
2022/9/6 5:32:46,0.00,0.00,22.00,929.01,16.38,68.23,249.49,111,0.00,0.00,0.00,360934
2022/9/6 5:33:46,0.00,0.00,22.00,929.31,16.38,68.25,240.43,106,0.00,0.00,0.00,421165
2022/9/6 5:34:47,0.00,0.00,22.00,929.37,16.38,68.25,246.46,109,0.00,0.00,0.00,481490
2022/9/6 5:35:47,0.00,0.00,22.00,929.55,16.38,68.22,244.47,106,0.00,0.00,0.00,541674
2022/9/6 5:36:47,0.00,0.00,22.00,929.73,16.38,68.24,243.16,108,0.00,0.00,0.00,601858
2022/9/6 5:37:48,0.00,0.00,22.00,929.84,16.38,68.23,240.19,105,0.00,0.00,0.00,662040
2022/9/6 5:38:48,0.00,0.00,22.00,928.57,16.38,68.22,247.70,109,0.00,0.00,0.00,722224
2022/9/6 5:39:48,0.00,0.00,22.00,928.12,16.37,68.23,246.09,109,0.00,0.00,0.00,782455
2022/9/6 5:40:48,0.00,0.00,22.00,928.09,16.37,68.23,238.90,104,0.00,0.00,0.00,842638
2022/9/6 5:41:49,0.00,0.00,22.00,928.23,16.37,68.25,242.39,106,0.00,0.00,0.00,902821
2022/9/6 5:42:49,0.00,0.00,22.00,928.37,16.37,68.26,246.44,108,0.00,0.00,0.00,963125
2022/9/6 5:43:49,0.00,0.00,22.00,928.73,16.37,68.27,246.28,111,0.00,0.00,0.00,1023308
2022/9/6 5:44:50,0.00,0.00,22.00,929.06,16.37,68.28,248.66,111,0.00,0.00,0.00,1083493
2022/9/6 5:45:50,0.00,0.00,22.00,929.09,16.37,68.27,243.25,107,0.00,0.00,0.00,1143727
2022/9/6 5:46:50,0.00,0.00,22.00,929.40,16.37,68.29,244.67,109,0.00,0.00,0.00,1203912
2022/9/6 5:47:50,0.00,0.00,22.00,929.67,16.36,68.31,241.11,106,0.00,0.00,0.00,1264097
2022/9/6 5:48:51,0.00,0.00,22.00,928.34,16.36,68.31,252.62,112,0.00,0.00,0.00,1324282
2022/9/6 5:49:51,0.00,0.00,22.00,928.40,16.36,68.31,250.69,112,0.00,0.00,0.00,1384466
2022/9/6 5:50:51,0.00,0.00,22.00,928.57,16.36,68.30,244.82,108,0.00,0.00,0.00,1444782
2022/9/6 5:51:51,0.00,0.00,22.00,928.84,16.36,68.28,247.73,110,0.00,0.00,0.00,1504966
2022/9/6 5:52:52,0.00,0.00,22.00,928.92,16.36,68.31,246.22,108,0.00,0.00,0.00,1565151
2022/9/6 5:53:52,0.00,0.00,22.00,929.28,16.36,68.30,245.67,108,0.00,0.00,0.00,1625335
2022/9/6 5:54:52,0.00,0.00,22.00,929.34,16.36,68.28,239.81,104,0.00,0.00,0.00,1685519
2022/9/6 5:55:53,0.00,0.00,22.00,929.34,16.36,68.27,245.23,108,0.00,0.00,0.00,1745703
2022/9/6 5:56:53,0.00,0.00,22.00,929.56,16.35,68.27,250.21,111,0.00,0.00,0.00,1805936
2022/9/6 5:57:53,0.00,0.00,22.00,929.67,16.35,68.26,238.29,104,0.00,0.00,0.00,1866121
2022/9/6 5:58:53,0.00,0.00,22.00,929.87,16.35,68.26,248.73,110,0.00,0.00,0.00,1926415
2022/9/6 5:59:54,0.00,0.00,22.00,928.47,16.35,68.27,243.03,107,0.00,0.00,0.00,1986600
2022/9/6 6:0:54,0.00,0.00,22.00,928.73,16.35,68.26,243.20,106,0.00,0.00,0.00,2046784
2022/9/6 6:1:54,0.00,0.00,22.00,928.51,16.35,68.24,242.65,107,0.00,0.00,0.00,2106970
2022/9/6 6:2:55,0.00,0.00,22.00,928.68,16.35,68.24,241.74,106,0.00,0.00,0.00,2167202
2022/9/6 6:3:55,0.00,0.00,22.00,929.04,16.35,68.26,248.46,110,0.00,0.00,0.00,2227385
2022/9/6 6:4:55,0.00,0.00,22.00,929.20,16.35,68.29,245.30,108,0.00,0.00,0.00,2287569
2022/9/6 6:5:55,0.00,0.00,22.00,929.40,16.35,68.29,242.74,107,0.00,0.00,0.00,2347753
2022/9/6 6:6:56,0.00,0.00,22.00,929.67,16.35,68.28,240.64,105,0.00,0.00,0.00,2408072
2022/9/6 6:7:56,0.00,0.00,22.00,929.83,16.34,68.25,243.72,107,0.00,0.00,0.00,2468255
2022/9/6 6:8:56,0.00,0.00,22.00,929.81,16.34,68.28,241.00,105,0.00,0.00,0.00,2528487
2022/9/6 6:9:56,0.00,0.00,22.00,928.54,16.34,68.34,243.51,106,0.00,0.00,0.00,2588672
2022/9/6 6:10:57,0.00,0.00,22.00,928.23,16.34,68.33,239.49,105,0.00,0.00,0.00,2648856
2022/9/6 6:11:57,0.00,0.00,22.00,928.54,16.34,68.34,242.50,107,0.00,0.00,0.00,2709043
2022/9/6 6:12:57,0.00,0.00,22.00,928.45,16.34,68.32,242.13,106,0.00,0.00,0.00,2769227
2022/9/6 6:14:58,0.00,0.00,22.00,929.04,16.34,68.34,244.73,108,0.00,0.00,0.00,2889755
2022/9/6 6:15:58,0.00,0.00,22.00,929.26,16.33,68.35,242.93,107,0.00,0.00,0.00,2949941
2022/9/6 6:16:58,0.00,0.01,22.00,929.40,16.33,68.33,245.02,108,0.00,0.00,0.00,3010125
2022/9/6 6:17:59,0.00,0.00,22.00,929.59,16.33,68.34,240.08,105,0.00,0.00,0.00,3070309
2022/9/6 6:18:59,0.00,0.00,22.00,929.31,16.33,68.32,239.29,104,0.00,0.00,0.00,3130496
2022/9/6 6:19:59,0.00,0.00,22.00,928.34,16.33,68.33,238.16,104,0.00,0.00,0.00,3190680
2022/9/6 6:21:0,0.00,0.00,22.00,928.01,16.33,68.40,245.34,109,0.00,0.00,0.00,3250911
2022/9/6 6:22:0,0.00,0.00,22.00,928.21,16.33,68.43,244.51,108,0.00,0.00,0.00,3311094
2022/9/6 6:23:0,0.00,0.00,22.00,928.26,16.33,68.46,245.87,110,0.00,0.00,0.00,3371412
2022/9/6 6:24:0,0.00,0.00,22.00,928.53,16.33,68.47,250.92,112,0.00,0.00,0.00,3431596
2022/9/6 6:25:1,0.00,0.00,22.00,928.90,16.33,68.49,245.23,109,0.00,0.00,0.00,3491778
2022/9/6 6:26:1,0.00,0.00,22.00,929.06,16.33,68.51,238.53,104,0.00,0.00,0.00,3551962
2022/9/6 6:27:49,0.00,0.00,22.00,928.02,16.32,68.56,243.95,107,0.00,0.00,0.00,60015
2022/9/6 6:28:49,0.00,0.00,22.00,927.96,16.33,68.60,244.80,109,0.00,0.00,0.00,120202
2022/9/6 6:29:50,0.00,0.00,22.00,928.18,16.32,68.61,244.82,108,0.00,0.00,0.00,180387
2022/9/6 6:30:50,0.00,0.00,22.00,928.48,16.32,68.60,246.28,109,0.00,0.00,0.00,240570
2022/9/6 6:31:50,0.00,0.00,22.00,928.70,16.32,68.58,243.16,107,0.00,0.00,0.00,300754
2022/9/6 6:32:50,0.00,0.00,22.00,928.95,16.32,68.60,244.45,108,0.00,0.00,0.00,360937
2022/9/6 6:33:51,0.00,0.00,22.00,929.15,16.32,68.63,245.63,108,0.00,0.00,0.00,421171
2022/9/6 6:34:51,0.00,0.01,22.00,929.45,16.32,68.67,243.05,107,0.00,0.00,0.00,481490
2022/9/6 6:35:51,0.00,0.00,22.00,929.74,16.32,68.74,239.68,105,0.00,0.00,0.00,541674
2022/9/6 6:36:52,0.00,0.00,22.00,929.89,16.32,68.75,241.30,105,0.00,0.00,0.00,601860
2022/9/6 6:37:52,0.00,0.00,22.00,929.95,16.32,68.75,247.85,110,0.00,0.00,0.00,662043
2022/9/6 6:38:52,0.00,0.00,22.00,928.76,16.32,68.75,243.53,107,0.00,0.00,0.00,722227
2022/9/6 6:39:52,0.00,0.00,22.00,928.37,16.32,68.74,248.75,110,0.00,0.00,0.00,782458
2022/9/6 6:40:53,0.00,0.01,22.00,928.73,16.32,68.77,242.35,106,0.00,0.00,0.00,842641
2022/9/6 6:41:53,0.00,0.01,22.00,928.87,16.32,68.76,244.10,108,0.00,0.00,0.00,902824
2022/9/6 6:43:54,0.00,0.01,22.00,929.18,16.32,68.69,247.74,109,0.00,0.00,0.00,1023311
2022/9/6 6:44:54,0.00,0.01,22.00,929.34,16.32,68.74,245.01,107,0.00,0.00,0.00,1083495
2022/9/6 6:45:54,0.00,0.02,22.00,929.62,16.31,68.89,241.11,106,0.00,0.00,0.00,1143728
2022/9/6 6:46:54,0.00,0.02,22.00,929.73,16.32,69.02,247.27,109,0.00,0.00,0.00,1203912
2022/9/6 6:47:55,0.00,0.03,22.00,929.89,16.31,69.12,239.16,106,0.00,0.00,0.00,1264098
2022/9/6 6:48:55,0.00,0.03,22.00,928.70,16.31,69.21,245.87,108,0.00,0.00,0.00,1324282
2022/9/6 6:49:55,0.00,0.03,22.00,928.65,16.31,69.24,247.74,109,0.00,0.00,0.00,1384466
2022/9/6 6:50:55,0.00,0.04,22.00,928.62,16.31,69.25,240.52,106,0.00,0.00,0.00,1444785
2022/9/6 6:51:56,0.00,0.04,22.00,928.81,16.31,69.20,246.21,107,0.00,0.00,0.00,1505097
2022/9/6 6:52:56,0.00,0.04,22.00,929.09,16.31,69.17,241.15,106,0.00,0.00,0.00,1565282
2022/9/6 6:53:56,0.00,0.05,22.00,929.17,16.31,69.18,242.04,106,0.00,0.00,0.00,1625467
2022/9/6 6:55:57,0.00,0.07,22.00,929.56,16.31,69.20,241.11,105,0.00,0.00,0.00,1745838
2022/9/6 6:56:57,0.00,0.07,22.00,929.73,16.31,69.19,245.47,108,0.00,0.00,0.00,1806022
2022/9/6 6:57:57,0.00,0.08,22.00,930.03,16.31,69.20,246.39,108,0.00,0.00,0.00,1866255
2022/9/6 6:58:58,0.00,0.09,22.00,930.25,16.30,69.17,242.92,107,0.00,0.00,0.00,1926439
2022/9/6 6:59:58,0.00,0.09,22.00,929.04,16.30,69.15,246.06,109,0.00,0.00,0.00,1986754
2022/9/6 7:0:58,0.00,0.09,22.00,928.95,16.30,69.16,240.69,105,0.00,0.00,0.00,2046939
2022/9/6 7:1:59,0.00,0.10,22.00,929.23,16.30,69.16,250.54,111,0.00,0.00,0.00,2107122
2022/9/6 7:2:59,0.00,0.11,22.00,929.26,16.30,69.14,241.21,106,0.00,0.00,0.00,2167307
2022/9/6 7:3:59,0.00,0.11,22.00,929.31,16.30,69.12,251.26,112,0.00,0.00,0.00,2227538
2022/9/6 7:4:59,0.00,0.12,22.00,929.53,16.30,69.08,250.50,111,0.00,0.00,0.00,2287721
2022/9/6 7:6:0,0.00,0.13,22.00,929.78,16.30,69.09,246.96,110,0.00,0.00,0.00,2347904
2022/9/6 7:7:0,0.00,0.13,22.00,930.23,16.30,69.05,236.67,102,0.00,0.00,0.00,2408085
2022/9/6 7:8:0,0.00,0.13,22.00,930.14,16.30,69.03,247.07,110,0.00,0.00,0.00,2468390
2022/9/6 7:9:1,0.00,0.14,22.00,930.31,16.30,69.02,237.88,103,0.00,0.00,0.00,2528573
2022/9/6 7:10:1,0.00,0.14,22.00,928.93,16.30,69.00,238.55,103,0.00,0.00,0.00,2588807
2022/9/6 7:11:1,0.00,0.14,22.00,929.04,16.29,68.95,251.06,111,0.00,0.00,0.00,2648991
2022/9/6 7:12:1,0.00,0.14,22.00,929.31,16.29,68.90,240.08,105,0.00,0.00,0.00,2709176
2022/9/6 7:13:2,0.00,0.14,22.00,929.40,16.29,68.97,238.46,104,0.00,0.00,0.00,2769360
2022/9/6 7:14:2,0.00,0.16,22.00,929.48,16.29,69.01,243.62,106,0.00,0.00,0.00,2829544
2022/9/6 7:15:2,0.00,0.16,22.00,929.62,16.29,69.01,242.53,108,0.00,0.00,0.00,2889757
2022/9/6 7:16:3,0.00,0.17,22.00,929.98,16.29,69.00,241.70,105,0.00,0.00,0.00,2950094
2022/9/6 7:17:3,0.00,0.17,22.00,930.00,16.29,68.97,244.62,107,0.00,0.00,0.00,3010279
2022/9/6 7:18:3,0.00,0.18,22.00,930.11,16.29,68.91,249.91,111,0.00,0.00,0.00,3070464
2022/9/6 7:19:3,0.00,0.18,22.00,930.34,16.29,68.91,244.71,108,0.00,0.00,0.00,3130646
2022/9/6 7:20:4,0.00,0.18,22.00,929.01,16.29,68.97,246.54,109,0.00,0.00,0.00,3190831
2022/9/6 7:21:4,0.00,0.18,22.00,929.01,16.29,69.00,249.32,110,0.00,0.00,0.00,3251016
2022/9/6 7:23:4,0.00,0.21,22.00,929.31,16.29,69.03,242.66,107,0.00,0.00,0.00,3371431
2022/9/6 7:24:5,0.00,0.20,22.00,929.42,16.29,69.03,247.81,109,0.00,0.00,0.00,3431732
2022/9/6 7:25:5,0.00,0.21,22.00,929.70,16.28,69.09,246.63,108,0.00,0.00,0.00,3492065
2022/9/6 7:26:5,0.00,0.21,22.00,929.91,16.29,69.28,245.13,108,0.00,0.00,0.00,3552249
2022/9/6 7:27:53,0.00,0.18,22.00,928.93,16.29,69.38,245.60,108,0.00,0.00,0.00,60015
2022/9/6 7:28:54,0.00,0.18,22.00,928.98,16.30,69.43,244.07,108,0.00,0.00,0.00,120250
2022/9/6 7:29:54,0.00,0.19,22.00,929.15,16.30,69.32,243.73,107,0.00,0.00,0.00,180433
2022/9/6 7:30:54,0.00,0.19,22.00,929.40,16.30,69.00,250.58,111,0.00,0.00,0.00,240617
2022/9/6 7:31:54,0.00,0.20,22.00,929.51,16.31,68.78,244.36,107,0.00,0.00,0.00,300801
2022/9/6 7:32:55,0.00,0.22,22.38,929.89,16.31,68.73,242.90,107,0.00,0.00,0.00,360986
2022/9/6 7:33:55,0.00,0.24,22.79,930.14,16.32,69.21,245.38,108,0.00,0.00,0.00,421203
2022/9/6 7:34:55,0.00,0.25,23.00,930.03,16.32,69.30,250.47,111,0.00,0.00,0.00,481539
2022/9/6 7:35:56,0.00,0.26,23.00,930.34,16.33,69.25,238.70,104,0.00,0.00,0.00,541724
2022/9/6 7:36:56,0.00,0.28,23.00,930.31,16.33,69.24,240.89,105,0.00,0.00,0.00,601909
2022/9/6 7:37:56,0.00,0.29,23.00,930.50,16.33,69.28,241.50,106,0.00,0.00,0.00,662092
2022/9/6 7:38:56,0.00,0.30,23.00,929.20,16.34,69.49,251.02,112,0.00,0.00,0.00,722276
2022/9/6 7:39:57,0.00,0.28,23.00,929.15,16.34,69.37,257.20,116,0.00,0.00,0.00,782459
2022/9/6 7:40:57,0.00,0.30,23.00,929.48,16.34,69.40,239.05,105,0.00,0.00,0.00,842689
2022/9/6 7:41:57,0.00,0.33,23.00,929.37,16.34,69.37,251.30,114,0.00,0.00,0.00,902873
2022/9/6 7:44:56,0.00,0.48,23.00,928.42,16.35,69.38,243.78,114,0.00,0.00,0.00,60015
2022/9/6 7:45:57,0.00,0.52,23.00,929.01,16.38,69.20,239.75,109,0.00,0.00,0.00,120201
2022/9/6 7:46:57,0.00,0.54,23.00,929.20,16.39,69.18,241.67,108,0.00,0.00,0.00,180385
2022/9/6 7:47:57,0.00,0.54,23.00,929.37,16.40,69.22,237.74,106,0.00,0.00,0.00,240570
2022/9/6 7:48:57,0.00,0.56,23.00,929.56,16.40,69.36,237.61,106,0.00,0.00,0.00,300801
2022/9/6 7:49:58,0.00,0.58,23.00,929.67,16.41,69.18,242.79,108,0.00,0.00,0.00,360984
2022/9/6 7:50:58,0.00,0.64,23.00,929.87,16.42,69.07,237.39,106,0.00,0.00,0.00,421168
2022/9/6 7:51:58,0.00,0.66,23.00,929.98,16.43,69.04,242.50,109,0.00,0.00,0.00,481492
2022/9/6 7:52:59,0.00,0.68,23.00,930.28,16.43,69.08,239.77,106,0.00,0.00,0.00,541675
2022/9/6 7:53:59,0.00,0.70,23.00,930.34,16.43,69.12,240.23,107,0.00,0.00,0.00,601859
2022/9/6 7:54:59,0.00,0.70,23.00,930.47,16.44,69.06,244.25,108,0.00,0.00,0.00,662090
2022/9/6 7:55:59,0.00,0.73,23.00,929.15,16.45,69.02,236.32,105,0.00,0.00,0.00,722274
2022/9/6 7:57:0,0.00,0.76,23.00,929.15,16.45,68.95,239.18,106,0.00,0.00,0.00,782456
2022/9/6 7:58:0,0.00,0.78,23.00,929.37,16.46,68.92,241.30,107,0.00,0.00,0.00,842638
2022/9/6 7:59:0,0.00,0.80,23.00,929.56,16.46,69.02,239.14,106,0.00,0.00,0.00,902821
2022/9/6 8:0:1,0.00,0.84,23.00,929.59,16.46,68.97,236.73,104,0.00,0.00,0.00,963124
2022/9/6 8:1:1,0.00,0.85,23.00,930.03,16.47,68.92,244.10,108,0.00,0.00,0.00,1023458
2022/9/6 8:2:1,0.00,0.85,23.00,930.05,16.47,68.88,240.00,107,0.00,0.00,0.00,1083641
2022/9/6 8:3:2,0.00,0.81,23.00,930.34,16.47,68.84,236.73,106,0.00,0.00,0.00,1143824
2022/9/6 8:4:2,0.00,0.78,23.47,930.45,16.47,68.76,237.15,105,0.00,0.00,0.00,1204007
2022/9/6 8:5:2,0.00,0.76,24.00,930.39,16.47,68.73,236.10,103,0.00,0.00,0.00,1264190
2022/9/6 8:6:2,0.00,0.75,24.00,929.17,16.47,68.77,243.05,108,0.00,0.00,0.00,1324374
2022/9/6 8:8:3,0.00,0.88,23.26,929.34,16.48,68.82,233.96,102,0.00,0.00,0.00,1444788
2022/9/6 8:9:3,0.00,0.90,23.00,929.42,16.47,68.76,239.93,105,0.00,0.00,0.00,1505091
2022/9/6 8:10:3,0.00,0.94,23.00,929.60,16.47,68.64,237.05,104,0.00,0.00,0.00,1565275
2022/9/6 8:11:4,0.00,0.98,23.00,929.84,16.47,68.58,233.41,102,0.00,0.00,0.00,1625459
2022/9/6 8:12:4,0.00,1.00,23.00,930.00,16.47,68.59,242.31,108,0.00,0.00,0.00,1685643
2022/9/6 8:13:4,0.00,0.98,23.00,930.20,16.47,68.57,243.14,107,0.00,0.00,0.00,1745874
2022/9/6 8:14:5,0.00,0.92,23.00,930.28,16.47,68.53,235.99,102,0.00,0.00,0.00,1806058
2022/9/6 8:15:5,0.00,0.88,23.00,930.47,16.47,68.51,242.48,106,0.00,0.00,0.00,1866242
2022/9/6 8:16:5,0.00,0.91,23.00,930.34,16.47,68.49,240.17,106,0.00,0.00,0.00,1926426
2022/9/6 8:17:5,0.00,0.94,23.00,929.17,16.46,68.47,239.71,107,0.00,0.00,0.00,1986748
2022/9/6 8:18:6,0.00,0.96,23.00,929.26,16.46,68.44,244.17,108,0.00,0.00,0.00,2046931
2022/9/6 8:19:6,0.00,0.96,23.00,929.42,16.46,68.68,234.64,103,0.00,0.00,0.00,2107163
2022/9/6 8:20:6,0.00,0.98,23.00,929.53,16.45,68.86,235.32,103,0.00,0.00,0.00,2167348
2022/9/6 8:21:7,0.00,0.94,23.00,929.70,16.45,68.94,234.25,102,0.00,0.00,0.00,2227533
2022/9/6 8:22:7,0.00,0.90,22.83,929.92,16.44,69.13,235.64,104,0.00,0.00,0.00,2287717
2022/9/6 8:23:7,0.00,0.91,22.00,930.03,16.43,69.21,242.30,110,0.00,0.00,0.00,2347901
2022/9/6 8:24:7,0.00,0.92,22.00,930.25,16.43,69.22,238.33,107,0.00,0.00,0.00,2408115
2022/9/6 8:25:8,0.00,1.03,22.00,930.42,16.43,69.55,228.78,98,0.00,0.00,0.00,2468429
2022/9/6 8:26:8,0.00,1.08,22.00,930.36,16.43,69.59,240.32,106,0.00,0.00,0.00,2528613
2022/9/6 8:27:8,0.00,1.10,22.00,929.12,16.44,69.59,239.90,107,0.00,0.00,0.00,2588796
2022/9/6 8:28:8,0.00,1.15,22.00,929.17,16.44,69.36,242.02,108,0.00,0.00,0.00,2648981
2022/9/6 8:29:9,0.00,1.10,22.00,929.34,16.44,69.30,233.09,101,0.00,0.00,0.00,2709166
2022/9/6 8:30:9,0.00,1.09,22.00,929.48,16.44,69.31,246.72,111,0.00,0.00,0.00,2769349
2022/9/6 8:31:9,0.00,1.07,22.00,929.67,16.45,69.42,238.09,105,0.00,0.00,0.00,2829583
2022/9/6 8:32:10,0.00,1.18,22.00,929.92,16.45,69.49,241.80,107,0.00,0.00,0.00,2889767
2022/9/6 8:33:10,0.00,1.19,22.00,930.00,16.45,69.49,240.45,106,0.00,0.00,0.00,2950083
2022/9/6 8:34:10,0.00,1.19,22.00,930.05,16.45,69.45,235.13,104,0.00,0.00,0.00,3010269
2022/9/6 8:35:10,0.00,1.27,22.00,930.47,16.45,69.44,241.70,106,0.00,0.00,0.00,3070455
2022/9/6 8:36:11,0.00,1.35,22.00,930.53,16.45,69.44,242.63,107,0.00,0.00,0.00,3130641
2022/9/6 8:37:11,0.00,1.34,22.00,929.06,16.46,69.45,238.59,104,0.00,0.00,0.00,3190875
2022/9/6 8:38:11,0.00,1.37,22.28,929.17,16.46,69.39,243.36,108,0.00,0.00,0.00,3251061
2022/9/6 8:39:12,0.00,1.39,22.96,929.26,16.46,69.38,243.75,108,0.00,0.00,0.00,3311246
2022/9/6 8:40:12,0.00,1.39,23.00,929.45,16.46,69.53,248.99,111,0.00,0.00,0.00,3371430
2022/9/6 8:41:12,0.00,1.41,23.00,929.56,16.47,69.53,246.61,111,0.00,0.00,0.00,3431723
2022/9/6 8:42:12,0.00,1.43,23.00,929.74,16.47,69.40,242.88,108,0.00,0.00,0.00,3491906
2022/9/6 8:43:13,0.00,1.42,23.00,929.98,16.48,69.40,244.07,109,0.00,0.00,0.00,3552139
2022/9/6 8:45:1,0.00,1.38,23.00,928.98,16.48,69.51,251.64,114,0.00,0.00,0.00,60014
2022/9/6 8:46:1,0.00,1.39,23.00,929.15,16.49,69.45,243.55,108,0.00,0.00,0.00,120199
2022/9/6 8:47:1,0.00,1.40,23.00,929.31,16.49,69.53,251.83,114,0.00,0.00,0.00,180381
2022/9/6 8:48:1,0.00,1.38,23.00,929.45,16.50,69.62,246.78,111,0.00,0.00,0.00,240564
2022/9/6 8:50:2,0.00,1.36,23.00,929.84,16.51,69.62,251.57,114,0.00,0.00,0.00,360975
2022/9/6 8:51:2,0.00,1.39,23.00,930.28,16.51,69.63,238.85,106,0.00,0.00,0.00,421157
2022/9/6 8:52:3,0.00,1.39,23.31,930.34,16.51,69.65,245.94,109,0.00,0.00,0.00,481340
2022/9/6 8:53:3,0.00,1.30,23.89,930.34,16.52,69.67,235.21,103,0.00,0.00,0.00,541522
2022/9/6 8:54:3,0.00,1.29,24.00,930.45,16.52,69.63,235.12,103,0.00,0.00,0.00,601704
2022/9/6 8:55:3,0.00,1.28,24.00,930.72,16.53,69.59,235.14,103,0.00,0.00,0.00,661886
2022/9/6 8:56:4,0.00,1.24,23.58,929.67,16.53,69.56,238.85,105,0.00,0.00,0.00,722117
2022/9/6 8:57:4,0.00,1.26,23.51,929.26,16.53,69.58,239.07,105,0.00,0.00,0.00,782301
2022/9/6 8:58:4,0.00,1.23,23.09,929.64,16.53,69.57,238.26,104,0.00,0.00,0.00,842484
2022/9/6 8:59:4,0.00,1.26,23.00,929.87,16.54,69.59,240.97,106,0.00,0.00,0.00,902808
2022/9/6 9:0:5,0.00,1.30,23.00,930.03,16.54,69.73,241.54,106,0.00,0.00,0.00,962991
2022/9/6 9:1:5,0.00,1.33,23.00,930.14,16.54,69.66,239.09,106,0.00,0.00,0.00,1023173
2022/9/6 9:2:5,0.00,1.48,23.00,930.34,16.54,69.65,238.83,105,0.00,0.00,0.00,1083404
2022/9/6 9:3:6,0.00,1.28,23.00,930.36,16.54,69.69,237.28,104,0.00,0.00,0.00,1143587
2022/9/6 9:4:6,0.00,1.41,23.00,930.70,16.54,69.65,237.92,104,0.00,0.00,0.00,1203769
2022/9/6 9:5:6,0.00,1.50,23.00,931.11,16.54,69.66,234.51,102,0.00,0.00,0.00,1263952
2022/9/6 9:6:6,0.00,1.46,23.00,929.73,16.55,69.65,238.00,104,0.00,0.00,0.00,1324135
2022/9/6 9:7:7,0.00,1.40,23.00,929.48,16.55,69.65,239.22,105,0.00,0.00,0.00,1384440
2022/9/6 9:8:7,0.00,1.36,23.00,929.62,16.55,69.64,238.92,105,0.00,0.00,0.00,1444774
2022/9/6 9:9:7,0.00,1.48,23.00,929.83,16.55,69.63,236.78,103,0.00,0.00,0.00,1504956
2022/9/6 9:10:8,0.00,1.39,23.00,929.84,16.55,69.68,236.96,103,0.00,0.00,0.00,1565139
2022/9/6 9:11:8,0.00,1.18,23.00,930.17,16.55,69.61,238.15,105,0.00,0.00,0.00,1625323
2022/9/6 9:12:8,0.00,1.32,23.00,930.45,16.55,69.64,240.36,105,0.00,0.00,0.00,1685507
2022/9/6 9:13:8,0.00,1.40,23.00,930.78,16.55,69.69,234.94,102,0.00,0.00,0.00,1745691
2022/9/6 9:14:9,0.00,1.40,23.00,931.03,16.55,69.71,242.66,108,0.00,0.00,0.00,1805923
2022/9/6 9:15:9,0.00,1.41,23.00,930.97,16.55,69.76,248.03,109,0.00,0.00,0.00,1866107
2022/9/6 9:16:9,0.00,1.45,23.00,931.50,16.55,69.70,231.41,101,0.00,0.00,0.00,1926407
2022/9/6 9:17:10,0.00,1.62,23.00,929.91,16.55,69.68,243.91,108,0.00,0.00,0.00,1986593
2022/9/6 9:18:10,0.00,1.59,23.00,929.59,16.56,69.72,241.83,106,0.00,0.00,0.00,2046779
2022/9/6 9:19:10,0.00,1.66,23.00,929.81,16.56,69.69,239.09,105,0.00,0.00,0.00,2106964
2022/9/6 9:20:10,0.00,1.64,23.00,929.95,16.57,69.63,239.44,105,0.00,0.00,0.00,2167197
2022/9/6 9:21:11,0.00,1.72,23.00,930.14,16.57,69.56,239.29,105,0.00,0.00,0.00,2227384
2022/9/6 9:22:11,0.00,1.69,23.00,930.47,16.58,69.49,242.76,108,0.00,0.00,0.00,2287569
2022/9/6 9:23:11,0.00,1.65,23.00,930.58,16.58,69.52,235.86,104,0.00,0.00,0.00,2347754
2022/9/6 9:24:12,0.00,1.70,23.04,930.89,16.59,69.45,240.47,106,0.00,0.00,0.00,2408068
2022/9/6 9:25:12,0.00,1.72,23.71,931.10,16.59,69.36,237.74,104,0.00,0.00,0.00,2468254
2022/9/6 9:26:12,0.00,1.67,24.00,931.25,16.60,69.34,240.56,107,0.00,0.00,0.00,2528487
2022/9/6 9:27:12,0.00,1.68,24.00,929.81,16.60,69.30,240.52,107,0.00,0.00,0.00,2588674
2022/9/6 9:28:13,0.00,1.68,24.00,929.45,16.61,69.32,242.89,108,0.00,0.00,0.00,2648860
