2022/10/14 0:0:48,0.00,0.00,22.00,930.92,18.98,77.14,154.82,158,0.00,0.00,0.00,602182
2022/10/14 0:1:48,0.00,0.00,22.00,930.90,18.99,77.03,39.65,112,0.00,0.00,0.00,662498
2022/10/14 0:2:49,0.00,0.00,22.00,930.49,18.99,76.95,62.91,121,0.00,0.00,0.00,722832
2022/10/14 0:3:49,0.00,0.00,22.00,930.47,19.00,76.95,78.50,127,0.00,0.00,0.00,783148
2022/10/14 0:4:50,0.00,0.00,22.00,930.74,19.01,76.94,71.03,124,0.00,0.00,0.00,843484
2022/10/14 0:5:50,0.00,0.00,22.00,930.74,19.01,77.02,65.71,122,0.00,0.00,0.00,903796
2022/10/14 0:6:51,0.00,0.00,22.00,930.61,19.02,76.98,77.37,127,0.00,0.00,0.00,964135
2022/10/14 0:7:51,0.00,0.00,22.00,930.81,19.02,76.88,100.52,135,0.00,0.00,0.00,1024449
2022/10/14 0:8:52,0.00,0.00,22.00,930.92,19.03,76.85,73.39,125,0.00,0.00,0.00,1084785
2022/10/14 0:9:52,0.00,0.00,22.00,930.79,19.04,76.88,69.77,123,0.00,0.00,0.00,1145101
2022/10/14 0:10:52,0.00,0.00,22.00,930.79,19.04,76.92,70.49,123,0.00,0.00,0.00,1205436
2022/10/14 0:11:53,0.00,0.00,22.00,930.81,19.05,76.76,87.94,130,0.00,0.00,0.00,1265752
2022/10/14 0:12:53,0.00,0.00,22.00,930.63,19.06,76.79,81.72,128,0.00,0.00,0.00,1326089
2022/10/14 0:13:54,0.00,0.00,22.04,930.11,19.06,76.81,91.22,132,0.00,0.00,0.00,1386402
2022/10/14 0:14:54,0.00,0.00,22.26,930.25,19.07,77.02,74.11,125,0.00,0.00,0.00,1446739
2022/10/14 0:15:55,0.00,0.00,22.19,930.22,19.08,76.85,68.04,122,0.00,0.00,0.00,1507052
2022/10/14 0:16:55,0.00,0.00,22.00,930.52,19.09,76.75,66.62,122,0.00,0.00,0.00,1567389
2022/10/14 0:17:56,0.00,0.00,22.11,930.49,19.10,76.62,81.30,128,0.00,0.00,0.00,1627705
2022/10/14 0:18:56,0.00,0.00,22.00,930.45,19.10,76.76,54.85,118,0.00,0.00,0.00,1688041
2022/10/14 0:19:57,0.00,0.00,22.00,930.67,19.11,76.78,79.36,127,0.00,0.00,0.00,1748355
2022/10/14 0:20:57,0.00,0.00,22.11,930.47,19.12,76.62,62.58,121,0.00,0.00,0.00,1808692
2022/10/14 0:21:58,0.00,0.00,22.15,930.49,19.12,76.54,74.20,125,0.00,0.00,0.00,1869005
2022/10/14 0:22:58,0.00,0.00,22.58,930.52,19.13,76.53,75.60,126,0.00,0.00,0.00,1929342
2022/10/14 0:23:59,0.00,0.00,22.40,930.11,19.14,76.57,65.25,123,0.00,0.00,0.00,1989657
2022/10/14 0:24:59,0.00,0.00,22.70,930.20,19.14,76.56,56.46,119,0.00,0.00,0.00,2049992
2022/10/14 0:25:59,0.00,0.00,22.74,930.16,19.15,76.47,69.99,124,0.00,0.00,0.00,2110308
2022/10/14 0:27:0,0.00,0.00,22.38,930.34,19.15,76.37,79.92,128,0.00,0.00,0.00,2170642
2022/10/14 0:28:0,0.00,0.00,22.04,930.38,19.16,76.27,51.53,117,0.00,0.00,0.00,2230957
2022/10/14 0:29:1,0.00,0.00,22.11,930.45,19.16,76.15,40.30,111,0.00,0.00,0.00,2291295
2022/10/14 0:30:1,0.00,0.00,22.00,930.54,19.17,76.15,100.19,134,0.00,0.00,0.00,2351608
2022/10/14 0:31:2,0.00,0.00,22.13,930.58,19.18,76.27,54.30,117,0.00,0.00,0.00,2411944
2022/10/14 0:32:2,0.00,0.00,22.81,930.27,19.18,76.32,72.54,125,0.00,0.00,0.00,2472259
2022/10/14 0:33:3,0.00,0.00,22.96,930.22,19.19,76.31,63.59,122,0.00,0.00,0.00,2532594
2022/10/14 0:34:3,0.00,0.00,23.00,930.49,19.20,76.33,92.11,133,0.00,0.00,0.00,2592910
2022/10/14 0:35:4,0.00,0.00,23.00,930.16,19.21,76.29,57.45,120,0.00,0.00,0.00,2653245
2022/10/14 0:36:4,0.00,0.00,23.00,930.11,19.21,76.06,80.32,128,0.00,0.00,0.00,2713561
2022/10/14 0:37:5,0.00,0.00,22.96,930.20,19.22,75.87,50.44,116,0.00,0.00,0.00,2773898
2022/10/14 0:38:5,0.00,0.00,22.77,930.20,19.22,75.86,78.26,127,0.00,0.00,0.00,2834210
2022/10/14 0:39:5,0.00,0.00,22.57,930.36,19.23,75.92,23.59,106,0.00,0.00,0.00,2894547
2022/10/14 0:40:6,0.00,0.00,22.04,930.16,19.23,76.00,55.64,117,0.00,0.00,0.00,2954862
2022/10/14 0:41:6,0.00,0.00,22.00,930.29,19.24,76.03,-5.33,94,0.00,0.00,0.00,3015197
2022/10/14 0:42:7,0.00,0.00,22.00,930.18,19.25,76.02,-6.25,91,0.00,0.00,0.00,3075512
2022/10/14 0:43:7,0.00,0.00,22.00,930.43,19.26,75.99,72.41,126,0.00,0.00,0.00,3135848
2022/10/14 0:44:8,0.00,0.00,22.00,930.29,19.26,75.99,64.96,122,0.00,0.00,0.00,3196164
2022/10/14 0:45:8,0.00,0.00,22.00,930.04,19.27,75.96,84.10,130,0.00,0.00,0.00,3256501
2022/10/14 0:47:9,0.00,0.00,22.00,930.18,19.28,75.71,33.72,110,0.00,0.00,0.00,3377150
2022/10/14 0:48:10,0.00,0.00,22.00,930.25,19.28,75.61,48.65,115,0.00,0.00,0.00,3437466
2022/10/14 0:49:10,0.00,0.00,22.00,930.18,19.28,75.49,76.89,128,0.00,0.00,0.00,3497803
2022/10/14 0:50:11,0.00,0.00,22.00,930.47,19.28,75.53,42.75,115,0.00,0.00,0.00,3558117
2022/10/14 0:51:53,0.00,0.00,22.00,930.02,19.28,75.55,58.69,118,0.00,0.00,0.00,60016
2022/10/14 0:52:53,0.00,0.00,22.00,930.16,19.28,75.52,67.02,121,0.00,0.00,0.00,120240
2022/10/14 0:53:53,0.00,0.00,22.00,930.22,19.28,75.50,54.67,118,0.00,0.00,0.00,180462
2022/10/14 0:55:54,0.00,0.00,22.00,930.45,19.28,75.42,133.05,146,0.00,0.00,0.00,300907
2022/10/14 0:56:55,0.00,0.00,22.00,930.36,19.28,75.44,47.86,115,0.00,0.00,0.00,361131
2022/10/14 0:57:55,0.00,0.00,22.00,930.54,19.28,75.39,46.40,115,0.00,0.00,0.00,421401
2022/10/14 0:58:55,0.00,0.00,22.00,930.22,19.28,75.35,30.73,107,0.00,0.00,0.00,481624
2022/10/14 0:59:56,0.00,0.00,22.00,930.25,19.28,75.39,70.97,120,0.00,0.00,0.00,541845
2022/10/14 1:0:56,0.00,0.00,22.00,930.31,19.27,75.46,-0.41,93,0.00,0.00,0.00,602177
2022/10/14 1:1:57,0.00,0.00,22.00,930.29,19.27,75.46,43.36,113,0.00,0.00,0.00,662493
2022/10/14 1:2:57,0.00,0.00,22.00,929.91,19.27,75.48,77.09,127,0.00,0.00,0.00,722829
2022/10/14 1:3:57,0.00,0.00,22.00,930.11,19.27,75.42,46.50,114,0.00,0.00,0.00,783144
2022/10/14 1:4:58,0.00,0.00,22.00,930.36,19.27,75.40,59.15,119,0.00,0.00,0.00,843479
2022/10/14 1:5:58,0.00,0.00,22.00,930.07,19.26,75.40,61.75,120,0.00,0.00,0.00,903793
2022/10/14 1:6:59,0.00,0.00,22.00,930.04,19.26,75.38,64.50,121,0.00,0.00,0.00,964131
2022/10/14 1:7:59,0.00,0.00,22.00,930.13,19.26,75.28,52.80,116,0.00,0.00,0.00,1024444
2022/10/14 1:9:0,0.00,0.00,22.00,930.09,19.26,75.30,63.80,120,0.00,0.00,0.00,1084781
2022/10/14 1:10:0,0.00,0.00,22.00,930.16,19.26,75.27,59.98,119,0.00,0.00,0.00,1145096
2022/10/14 1:11:1,0.00,0.00,22.00,930.09,19.25,75.27,63.46,120,0.00,0.00,0.00,1205432
2022/10/14 1:12:1,0.00,0.00,22.00,930.22,19.25,75.29,65.77,121,0.00,0.00,0.00,1265747
2022/10/14 1:13:2,0.00,0.00,22.00,930.49,19.25,75.28,54.37,116,0.00,0.00,0.00,1326083
2022/10/14 1:14:2,0.00,0.00,22.00,930.04,19.25,75.28,61.16,120,0.02,0.00,0.00,1386396
2022/10/14 1:15:3,0.00,0.00,22.00,930.20,19.24,75.27,72.15,123,0.00,0.00,0.00,1446734
2022/10/14 1:16:3,0.00,0.00,22.00,930.27,19.24,75.25,46.24,113,0.00,0.00,0.00,1507047
2022/10/14 1:17:4,0.00,0.00,22.00,930.36,19.24,75.29,54.11,116,0.00,0.00,0.00,1567385
2022/10/14 1:19:4,0.00,0.00,22.00,930.49,19.24,75.15,63.19,120,0.00,0.00,0.00,1688035
2022/10/14 1:20:5,0.00,0.00,22.00,930.56,19.23,75.11,112.16,137,0.00,0.00,0.00,1748352
2022/10/14 1:21:5,0.00,0.00,22.00,930.27,19.23,75.07,73.02,121,0.00,0.00,0.00,1808687
2022/10/14 1:22:6,0.00,0.00,22.00,930.40,19.23,75.08,84.64,128,0.00,0.00,0.00,1868999
2022/10/14 1:23:6,0.00,0.00,22.00,930.49,19.23,75.10,55.77,116,0.00,0.00,0.00,1929338
2022/10/14 1:24:7,0.00,0.00,22.00,929.95,19.22,75.11,54.96,116,0.00,0.00,0.00,1989650
2022/10/14 1:25:7,0.00,0.00,22.00,930.07,19.22,75.09,92.85,132,0.00,0.00,0.00,2049988
2022/10/14 1:26:8,0.00,0.00,22.00,930.27,19.22,75.04,37.79,111,0.00,0.00,0.00,2110304
2022/10/14 1:27:8,0.00,0.00,22.00,930.38,19.22,75.03,78.57,126,0.00,0.00,0.00,2170638
2022/10/14 1:28:9,0.00,0.00,22.00,930.38,19.21,75.01,49.45,113,0.00,0.00,0.00,2230955
2022/10/14 1:30:10,0.00,0.00,22.00,930.72,19.21,74.98,76.50,126,0.00,0.00,0.00,2351604
2022/10/14 1:31:10,0.00,0.00,22.00,930.72,19.21,74.95,101.15,135,0.00,0.00,0.00,2411943
2022/10/14 1:32:10,0.00,0.00,22.00,930.56,19.20,74.95,64.09,121,0.00,0.00,0.00,2472254
2022/10/14 1:33:11,0.00,0.00,22.00,930.65,19.20,74.92,113.76,140,0.00,0.00,0.00,2532593
2022/10/14 1:34:11,0.00,0.00,22.00,930.70,19.19,74.90,52.18,114,0.00,0.00,0.00,2592908
2022/10/14 1:35:12,0.00,0.00,22.00,930.11,19.19,74.89,85.95,129,0.00,0.00,0.00,2653243
2022/10/14 1:36:12,0.00,0.00,22.00,930.29,19.19,74.89,57.10,117,0.00,0.00,0.00,2713559
2022/10/14 1:37:13,0.00,0.00,22.00,930.34,19.18,74.93,63.02,120,0.00,0.00,0.00,2773894
2022/10/14 1:38:13,0.00,0.00,22.00,930.38,19.18,74.92,63.21,119,0.00,0.00,0.00,2834207
2022/10/14 1:39:14,0.00,0.00,22.00,930.58,19.17,74.92,101.50,134,0.00,0.00,0.00,2894546
2022/10/14 1:40:14,0.00,0.00,22.00,930.61,19.17,74.89,63.15,120,0.00,0.00,0.00,2954859
2022/10/14 1:41:15,0.00,0.00,22.00,930.49,19.17,74.89,69.96,121,0.00,0.00,0.00,3015195
2022/10/14 1:42:15,0.00,0.00,22.00,930.65,19.17,74.88,68.63,122,0.00,0.00,0.00,3075511
2022/10/14 1:43:16,0.00,0.00,22.00,930.79,19.16,74.90,57.64,117,0.00,0.00,0.00,3135846
2022/10/14 1:44:16,0.00,0.00,22.00,930.81,19.16,74.91,67.34,120,0.00,0.00,0.00,3196162
2022/10/14 1:45:17,0.00,0.00,22.00,930.07,19.16,74.92,72.45,123,0.00,0.00,0.00,3256499
2022/10/14 1:46:17,0.00,0.00,22.00,930.27,19.15,74.88,60.97,119,0.00,0.00,0.00,3316810
2022/10/14 1:47:17,0.00,0.00,22.00,930.31,19.15,74.88,61.92,119,0.00,0.00,0.00,3377148
2022/10/14 1:48:18,0.00,0.00,22.00,930.34,19.15,74.87,64.39,120,0.00,0.00,0.00,3437462
2022/10/14 1:49:18,0.00,0.00,22.00,930.38,19.15,74.88,54.26,115,0.00,0.00,0.00,3497798
2022/10/14 1:50:19,0.00,0.00,22.00,930.43,19.14,74.87,68.50,121,0.00,0.00,0.00,3558115
2022/10/14 1:52:1,0.00,0.00,22.00,930.07,19.14,74.87,58.63,118,0.00,0.00,0.00,60015
2022/10/14 1:53:1,0.00,0.00,22.00,930.25,19.14,74.88,69.51,122,0.00,0.00,0.00,120287
2022/10/14 1:54:2,0.00,0.00,21.74,930.13,19.13,74.88,25.88,104,0.00,0.00,0.00,180508
2022/10/14 1:55:2,0.00,0.00,21.66,930.18,19.13,74.89,64.88,120,0.00,0.00,0.00,240730
2022/10/14 1:56:2,0.00,0.00,21.36,930.16,19.13,74.90,50.72,114,0.00,0.00,0.00,300951
2022/10/14 1:57:3,0.00,0.00,21.00,930.18,19.12,74.94,68.76,122,0.00,0.00,0.00,361172
2022/10/14 1:58:3,0.00,0.00,21.00,930.13,19.12,74.96,73.79,123,0.00,0.00,0.00,421393
2022/10/14 1:59:4,0.00,0.00,21.00,930.20,19.11,74.98,33.22,106,0.00,0.00,0.00,481662
2022/10/14 2:0:4,0.00,0.00,21.00,929.91,19.11,75.01,65.86,119,0.00,0.00,0.00,541890
2022/10/14 2:1:4,0.00,0.00,21.00,930.25,19.10,75.02,48.21,112,0.00,0.00,0.00,602224
2022/10/14 2:2:5,0.00,0.00,21.00,930.25,19.10,75.06,89.93,130,0.00,0.00,0.00,662541
2022/10/14 2:3:5,0.00,0.00,21.00,929.91,19.10,75.06,61.80,119,0.00,0.00,0.00,722876
2022/10/14 2:4:6,0.00,0.00,21.00,930.09,19.09,75.05,81.26,126,0.00,0.00,0.00,783192
2022/10/14 2:5:6,0.00,0.00,21.00,930.18,19.09,75.04,69.53,123,0.00,0.00,0.00,843528
2022/10/14 2:6:7,0.00,0.00,21.00,930.38,19.09,75.03,47.33,111,0.00,0.00,0.00,903841
2022/10/14 2:7:7,0.00,0.00,21.00,930.54,19.08,75.05,9.09,95,0.00,0.00,0.00,964175
2022/10/14 2:8:8,0.00,0.00,21.00,930.43,19.07,75.09,43.10,110,0.00,0.00,0.00,1024493
2022/10/14 2:9:8,0.00,0.00,21.00,930.58,19.07,75.13,13.57,103,0.00,0.00,0.00,1084830
2022/10/14 2:10:9,0.00,0.00,21.00,930.65,19.06,75.12,78.42,124,0.00,0.00,0.00,1145145
2022/10/14 2:11:9,0.00,0.00,21.00,930.88,19.06,75.09,58.10,115,0.00,0.00,0.00,1205480
2022/10/14 2:12:10,0.00,0.00,21.00,930.81,19.05,75.08,109.96,137,0.00,0.00,0.00,1265801
2022/10/14 2:13:10,0.00,0.00,21.00,930.79,19.05,75.10,73.17,123,0.00,0.00,0.00,1326135
2022/10/14 2:14:10,0.00,0.00,21.19,930.22,19.05,75.19,77.61,125,0.00,0.00,0.00,1386449
2022/10/14 2:15:11,0.00,0.00,21.40,930.43,19.04,75.16,56.20,116,0.00,0.00,0.00,1446786
2022/10/14 2:16:11,0.00,0.00,21.40,930.54,19.04,75.13,56.77,116,0.00,0.00,0.00,1507100
2022/10/14 2:17:12,0.00,0.00,21.11,930.58,19.04,75.13,117.89,139,0.00,0.00,0.00,1567439
2022/10/14 2:18:12,0.00,0.00,21.04,930.65,19.03,75.13,74.09,122,0.00,0.00,0.00,1627750
2022/10/14 2:19:13,0.00,0.00,21.00,930.63,19.03,75.16,30.34,105,0.00,0.00,0.00,1688088
2022/10/14 2:20:13,0.00,0.00,21.00,930.49,19.02,75.22,128.41,144,0.00,0.00,0.00,1748404
2022/10/14 2:21:14,0.00,0.00,21.00,930.52,19.02,75.31,150.50,154,0.00,0.00,0.00,1808739
2022/10/14 2:22:14,0.00,0.00,21.00,930.43,19.01,75.31,74.72,124,0.00,0.00,0.00,1869054
2022/10/14 2:23:15,0.00,0.00,21.00,930.27,19.01,75.31,69.63,119,0.00,0.00,0.00,1929389
2022/10/14 2:24:15,0.00,0.00,21.00,929.95,19.00,75.35,91.55,130,0.00,0.00,0.00,1989703
2022/10/14 2:25:16,0.00,0.00,21.02,930.22,19.00,75.35,60.35,118,0.00,0.00,0.00,2050041
2022/10/14 2:26:16,0.00,0.00,21.09,929.97,18.99,75.37,52.80,115,0.00,0.00,0.00,2110353
2022/10/14 2:27:16,0.00,0.00,21.00,930.25,18.99,75.40,78.57,126,0.00,0.00,0.00,2170691
2022/10/14 2:28:17,0.00,0.00,21.00,930.20,18.99,75.40,48.62,113,0.00,0.00,0.00,2231006
2022/10/14 2:29:17,0.00,0.00,21.00,930.11,18.99,75.41,66.78,119,0.00,0.00,0.00,2291341
2022/10/14 2:30:18,0.00,0.00,21.00,930.04,18.98,75.41,39.05,112,0.00,0.00,0.00,2351657
2022/10/14 2:31:18,0.00,0.00,21.00,930.04,18.98,75.47,68.13,124,0.00,0.00,0.00,2411991
2022/10/14 2:32:19,0.00,0.00,21.00,930.06,18.98,75.53,11.64,101,0.00,0.00,0.00,2472306
2022/10/14 2:33:19,0.00,0.00,21.00,929.91,18.98,75.50,85.01,129,0.00,0.00,0.00,2532643
2022/10/14 2:34:20,0.00,0.00,21.00,929.97,18.97,75.55,-2.82,94,0.00,0.00,0.00,2592956
2022/10/14 2:35:20,0.00,0.00,21.00,928.98,18.97,75.57,108.25,136,0.00,0.00,0.00,2653296
2022/10/14 2:36:21,0.00,0.00,21.00,929.25,18.97,75.56,21.39,101,0.00,0.00,0.00,2713609
2022/10/14 2:37:21,0.00,0.00,21.00,929.46,18.97,75.57,-29.92,81,0.00,0.00,0.00,2773944
2022/10/14 2:39:22,0.00,0.00,21.00,929.52,18.96,75.70,96.05,132,0.00,0.00,0.00,2894596
2022/10/14 2:40:22,0.00,0.00,21.00,929.32,18.96,75.76,88.11,128,0.00,0.00,0.00,2954909
2022/10/14 2:41:23,0.00,0.00,21.00,929.23,18.95,75.81,69.18,121,0.00,0.00,0.00,3015247
2022/10/14 2:42:23,0.00,0.00,21.00,929.32,18.95,75.80,-16.73,87,0.00,0.00,0.00,3075560
2022/10/14 2:43:24,0.00,0.00,21.00,929.25,18.95,75.86,70.05,122,0.00,0.00,0.00,3135898
2022/10/14 2:44:24,0.00,0.00,21.00,929.03,18.95,75.89,39.40,109,0.00,0.00,0.00,3196214
2022/10/14 2:45:25,0.00,0.00,21.00,928.67,18.94,75.90,99.37,135,0.00,0.00,0.00,3256547
2022/10/14 2:46:25,0.00,0.00,21.00,928.74,18.94,75.98,17.95,101,0.00,0.00,0.00,3316864
2022/10/14 2:48:26,0.00,0.00,21.00,928.89,18.94,76.01,12.43,100,0.00,0.00,0.00,3437512
2022/10/14 2:49:27,0.00,0.00,21.00,928.92,18.94,76.01,61.53,121,0.00,0.00,0.00,3497851
2022/10/14 2:50:27,0.00,0.00,21.00,928.69,18.94,76.11,26.91,103,0.00,0.00,0.00,3558163
2022/10/14 2:52:9,0.00,0.00,21.00,928.78,18.93,76.16,123.37,145,0.00,0.00,0.00,60016
2022/10/14 2:53:10,0.00,0.00,21.00,928.85,18.93,76.16,80.93,127,0.00,0.00,0.00,120240
2022/10/14 2:54:10,0.00,0.00,21.00,928.85,18.93,76.29,53.47,116,0.00,0.00,0.00,180510
2022/10/14 2:55:10,0.00,0.00,21.00,928.92,18.93,76.28,37.94,112,0.00,0.00,0.00,240734
2022/10/14 2:56:11,0.00,0.00,21.00,928.85,18.93,76.25,43.71,110,0.00,0.00,0.00,300956
2022/10/14 2:57:11,0.00,0.00,21.00,928.78,18.93,76.20,4.68,94,0.00,0.00,0.00,361177
2022/10/14 2:58:11,0.00,0.00,21.00,928.89,18.93,76.22,70.36,121,0.00,0.00,0.00,421398
2022/10/14 2:59:12,0.00,0.00,21.00,929.12,18.93,76.25,89.80,130,0.00,0.00,0.00,481620
2022/10/14 3:1:13,0.00,0.00,21.00,929.01,18.92,76.33,53.17,116,0.00,0.00,0.00,602178
2022/10/14 3:2:13,0.00,0.00,21.00,928.96,18.92,76.28,78.79,125,0.00,0.00,0.00,662493
2022/10/14 3:3:14,0.00,0.00,21.00,928.78,18.92,76.29,39.41,110,0.00,0.00,0.00,722829
2022/10/14 3:4:14,0.00,0.00,21.00,928.94,18.92,76.31,41.78,114,0.00,0.00,0.00,783144
2022/10/14 3:5:14,0.00,0.00,21.00,928.94,18.91,76.33,118.28,141,0.00,0.00,0.00,843479
2022/10/14 3:6:15,0.00,0.00,21.00,929.10,18.91,76.33,13.04,101,0.00,0.00,0.00,903793
2022/10/14 3:7:15,0.00,0.00,21.00,929.14,18.91,76.29,-8.89,91,0.00,0.00,0.00,964129
2022/10/14 3:8:16,0.00,0.00,21.00,929.05,18.91,76.30,49.37,114,0.00,0.00,0.00,1024444
2022/10/14 3:9:16,0.00,0.00,21.00,929.25,18.91,76.24,42.01,112,0.00,0.00,0.00,1084781
2022/10/14 3:10:17,0.00,0.00,21.00,929.25,18.91,76.17,52.27,116,0.00,0.00,0.00,1145097
2022/10/14 3:11:17,0.00,0.00,21.00,929.25,18.91,76.29,84.12,130,0.00,0.00,0.00,1205432
2022/10/14 3:12:18,0.00,0.00,21.00,929.01,18.91,76.25,27.24,108,0.00,0.00,0.00,1265748
2022/10/14 3:13:18,0.00,0.00,21.00,929.05,18.91,76.28,83.25,128,0.00,0.00,0.00,1326085
2022/10/14 3:14:19,0.00,0.00,21.00,928.60,18.91,76.17,89.18,130,0.00,0.00,0.00,1386397
2022/10/14 3:15:19,0.00,0.00,21.00,928.74,18.91,76.34,136.69,147,0.00,0.00,0.00,1446736
2022/10/14 3:16:20,0.00,0.00,21.00,928.87,18.90,76.35,70.99,123,0.00,0.00,0.00,1507048
2022/10/14 3:17:20,0.00,0.00,21.00,929.03,18.90,76.38,79.57,126,0.00,0.00,0.00,1567386
2022/10/14 3:18:20,0.00,0.00,21.04,929.10,18.90,76.36,123.87,140,0.00,0.00,0.00,1627703
2022/10/14 3:19:21,0.00,0.00,21.00,929.21,18.90,76.30,107.84,133,0.00,0.00,0.00,1688037
2022/10/14 3:20:21,0.00,0.00,21.00,929.39,18.89,76.26,121.75,141,0.00,0.00,0.00,1748353
2022/10/14 3:21:22,0.00,0.00,21.00,929.75,18.89,76.24,-20.64,86,0.00,0.00,0.00,1808688
2022/10/14 3:22:22,0.00,0.00,21.00,929.91,18.89,76.24,47.46,111,0.00,0.00,0.00,1869000
2022/10/14 3:23:23,0.00,0.00,21.00,929.77,18.89,76.24,119.72,140,0.00,0.00,0.00,1929340
2022/10/14 3:24:23,0.00,0.00,21.00,929.52,18.88,76.21,57.82,119,0.00,0.00,0.00,1989651
2022/10/14 3:25:24,0.00,0.00,21.00,929.73,18.88,76.17,141.37,152,0.00,0.00,0.00,2049990
2022/10/14 3:26:24,0.00,0.00,21.00,930.00,18.88,76.17,-24.44,86,0.00,0.00,0.00,2110305
2022/10/14 3:27:25,0.00,0.00,21.00,930.15,18.88,76.22,51.68,115,0.00,0.00,0.00,2170639
2022/10/14 3:28:25,0.00,0.00,21.00,930.00,18.88,76.17,22.39,104,0.00,0.00,0.00,2230956
2022/10/14 3:29:26,0.00,0.00,21.00,929.97,18.88,76.18,85.43,129,0.00,0.00,0.00,2291291
2022/10/14 3:30:26,0.00,0.00,21.00,930.04,18.87,76.23,45.06,113,0.00,0.00,0.00,2351604
2022/10/14 3:31:27,0.00,0.00,21.00,930.02,18.87,76.21,28.40,108,0.00,0.00,0.00,2411941
2022/10/14 3:32:27,0.00,0.00,21.00,930.13,18.87,76.20,71.51,123,0.00,0.00,0.00,2472254
2022/10/14 3:33:27,0.00,0.00,21.00,930.22,18.87,76.19,8.72,98,0.00,0.00,0.00,2532589
2022/10/14 3:34:28,0.00,0.00,21.00,930.11,18.87,76.17,77.06,125,0.00,0.00,0.00,2592908
2022/10/14 3:35:28,0.00,0.00,21.00,929.79,18.87,76.16,54.10,116,0.00,0.00,0.00,2653243
2022/10/14 3:36:29,0.00,0.00,21.00,930.02,18.87,76.16,49.21,114,0.00,0.00,0.00,2713559
2022/10/14 3:37:29,0.00,0.00,21.00,929.97,18.86,76.17,71.38,123,0.00,0.00,0.00,2773893
2022/10/14 3:38:30,0.00,0.00,21.00,929.98,18.86,76.11,-17.89,86,0.00,0.00,0.00,2834207
2022/10/14 3:39:30,0.00,0.00,21.00,930.00,18.86,76.12,33.46,107,0.00,0.00,0.00,2894545
2022/10/14 3:40:31,0.00,0.00,21.00,929.91,18.86,76.11,61.38,121,0.00,0.00,0.00,2954859
2022/10/14 3:41:31,0.00,0.00,21.00,929.91,18.85,76.13,107.32,136,0.00,0.00,0.00,3015196
2022/10/14 3:42:32,0.00,0.00,21.00,930.00,18.85,76.15,110.35,139,0.00,0.00,0.00,3075512
2022/10/14 3:43:32,0.00,0.00,21.00,930.13,18.85,76.10,3.69,97,0.00,0.00,0.00,3135843
2022/10/14 3:44:33,0.00,0.00,21.00,930.00,18.85,76.09,-12.17,89,0.00,0.00,0.00,3196162
2022/10/14 3:45:33,0.00,0.00,21.00,930.00,18.85,76.10,29.92,110,0.00,0.00,0.00,3256499
2022/10/14 3:46:33,0.00,0.00,21.00,930.04,18.85,76.09,32.61,110,0.00,0.00,0.00,3316810
2022/10/14 3:47:34,0.00,0.00,21.00,930.29,18.85,76.08,6.60,97,0.00,0.00,0.00,3377145
2022/10/14 3:48:34,0.00,0.00,21.00,930.09,18.85,76.08,24.79,102,0.00,0.00,0.00,3437462
2022/10/14 3:49:35,0.00,0.00,21.00,930.25,18.84,76.06,9.07,99,0.00,0.00,0.00,3497795
2022/10/14 3:50:35,0.00,0.00,21.00,930.13,18.84,76.08,127.32,145,0.00,0.00,0.00,3558116
2022/10/14 3:52:17,0.00,0.00,21.00,930.07,18.84,76.08,95.20,132,0.00,0.00,0.00,60016
2022/10/14 3:53:18,0.00,0.00,21.00,930.04,18.84,76.06,27.67,106,0.00,0.00,0.00,120240
2022/10/14 3:54:18,0.00,0.00,21.00,930.25,18.84,76.06,68.44,122,0.00,0.00,0.00,180510
2022/10/14 3:55:19,0.00,0.00,21.00,930.29,18.84,76.07,70.95,123,0.00,0.00,0.00,240734
2022/10/14 3:56:19,0.00,0.00,21.00,930.47,18.83,76.08,51.94,115,0.00,0.00,0.00,300956
2022/10/14 3:57:19,0.00,0.00,21.00,930.58,18.83,76.07,59.85,118,0.00,0.00,0.00,361179
2022/10/14 3:58:20,0.00,0.00,21.00,930.49,18.83,76.06,57.06,117,0.00,0.00,0.00,421400
2022/10/14 3:59:20,0.00,0.00,21.00,930.58,18.83,76.04,52.92,116,0.00,0.00,0.00,481623
2022/10/14 4:0:20,0.00,0.00,21.00,930.36,18.83,76.02,52.29,116,0.00,0.00,0.00,541890
2022/10/14 4:1:21,0.00,0.00,21.00,930.81,18.83,76.06,61.47,120,0.00,0.00,0.00,602179
2022/10/14 4:2:21,0.00,0.00,21.00,930.61,18.83,76.05,65.05,120,0.00,0.00,0.00,662493
2022/10/14 4:3:22,0.00,0.00,21.00,930.18,18.83,76.06,50.39,115,0.00,0.00,0.00,722828
2022/10/14 4:4:22,0.00,0.00,21.00,930.36,18.82,76.09,98.07,135,0.00,0.00,0.00,783144
2022/10/14 4:5:23,0.00,0.00,21.00,930.49,18.82,76.10,64.31,120,0.00,0.00,0.00,843479
2022/10/14 4:6:23,0.00,0.00,21.00,930.54,18.82,76.06,77.65,126,0.00,0.00,0.00,903793
2022/10/14 4:7:24,0.00,0.00,21.00,930.67,18.82,76.06,55.26,117,0.00,0.00,0.00,964131
2022/10/14 4:8:24,0.00,0.00,21.00,930.58,18.82,76.06,86.72,130,0.00,0.00,0.00,1024444
2022/10/14 4:9:25,0.00,0.00,21.00,930.92,18.82,76.11,42.29,112,0.00,0.00,0.00,1084781
2022/10/14 4:10:25,0.00,0.00,21.00,930.90,18.81,76.13,53.19,116,0.00,0.00,0.00,1145097
2022/10/14 4:11:25,0.00,0.00,21.00,931.06,18.81,76.09,63.34,121,0.00,0.00,0.00,1205432
2022/10/14 4:12:26,0.00,0.00,21.00,931.19,18.81,76.12,74.94,124,0.00,0.00,0.00,1265748
2022/10/14 4:13:26,0.00,0.00,21.00,931.03,18.81,76.11,51.92,116,0.00,0.00,0.00,1326085
2022/10/14 4:14:27,0.00,0.00,21.00,930.38,18.81,76.09,33.83,108,0.00,0.00,0.00,1386397
2022/10/14 4:15:27,0.00,0.00,21.00,930.58,18.80,76.10,80.80,128,0.00,0.00,0.00,1446735
2022/10/14 4:16:28,0.00,0.00,21.00,930.63,18.80,76.13,90.48,132,0.00,0.00,0.00,1507048
2022/10/14 4:17:28,0.00,0.00,21.00,930.83,18.80,76.14,52.66,116,0.00,0.00,0.00,1567386
2022/10/14 4:18:29,0.00,0.00,21.00,930.83,18.80,76.12,76.06,125,0.00,0.00,0.00,1627702
2022/10/14 4:19:29,0.00,0.00,21.00,930.85,18.80,76.12,50.68,115,0.00,0.00,0.00,1688035
2022/10/14 4:21:30,0.00,0.00,21.00,930.49,18.79,76.13,68.56,122,0.00,0.00,0.00,1808688
2022/10/14 4:22:31,0.00,0.00,21.00,930.63,18.79,76.12,66.07,122,0.00,0.00,0.00,1869000
2022/10/14 4:23:31,0.00,0.00,21.00,930.45,18.79,76.14,62.95,120,0.00,0.00,0.00,1929339
2022/10/14 4:24:32,0.00,0.00,21.00,930.27,18.79,76.12,53.03,117,0.00,0.00,0.00,1989652
2022/10/14 4:25:32,0.00,0.00,21.00,930.22,18.79,76.08,60.33,119,0.00,0.00,0.00,2049988
2022/10/14 4:26:32,0.00,0.00,21.00,930.29,18.79,76.12,66.43,121,0.00,0.00,0.00,2110305
2022/10/14 4:27:33,0.00,0.00,21.00,930.38,18.79,76.11,38.29,110,0.00,0.00,0.00,2170639
2022/10/14 4:28:33,0.00,0.00,21.00,930.36,18.79,76.08,55.15,118,0.00,0.00,0.00,2230956
2022/10/14 4:29:34,0.00,0.00,21.00,930.04,18.79,76.09,71.38,123,0.00,0.00,0.00,2291291
2022/10/14 4:30:34,0.00,0.00,21.00,930.09,18.78,76.10,67.56,122,0.00,0.00,0.00,2351604
2022/10/14 4:31:35,0.00,0.00,21.00,929.68,18.78,76.11,49.08,114,0.00,0.00,0.00,2411942
2022/10/14 4:32:35,0.00,0.00,21.00,929.55,18.78,76.10,40.47,110,0.00,0.00,0.00,2472254
2022/10/14 4:33:36,0.00,0.00,21.00,929.10,18.78,76.10,76.14,125,0.00,0.00,0.00,2532592
2022/10/14 4:34:36,0.00,0.00,21.00,928.96,18.77,76.13,67.26,120,0.00,0.00,0.00,2592908
2022/10/14 4:35:37,0.00,0.00,21.00,928.94,18.77,76.11,58.43,118,0.00,0.00,0.00,2653242
2022/10/14 4:36:37,0.00,0.00,21.00,929.05,18.77,76.11,63.85,120,0.00,0.00,0.00,2713559
2022/10/14 4:37:38,0.00,0.00,21.00,929.05,18.76,76.13,59.92,119,0.00,0.00,0.00,2773894
2022/10/14 4:38:38,0.00,0.00,21.00,929.05,18.76,76.14,73.74,124,0.00,0.00,0.00,2834207
2022/10/14 4:39:38,0.00,0.00,21.00,929.28,18.76,76.14,57.27,118,0.00,0.00,0.00,2894545
2022/10/14 4:40:39,0.00,0.00,21.00,929.50,18.76,76.14,70.86,123,0.00,0.00,0.00,2954859
2022/10/14 4:41:39,0.00,0.00,21.00,929.59,18.76,76.15,62.60,118,0.00,0.00,0.00,3015194
2022/10/14 4:42:40,0.00,0.00,21.00,929.84,18.76,76.16,68.04,122,0.00,0.00,0.00,3075511
2022/10/14 4:43:40,0.00,0.00,21.00,929.98,18.76,76.17,68.48,122,0.00,0.00,0.00,3135846
2022/10/14 4:44:41,0.00,0.00,21.00,929.93,18.76,76.16,68.41,122,0.00,0.00,0.00,3196162
2022/10/14 4:45:41,0.00,0.00,21.00,929.05,18.76,76.16,55.20,118,0.00,0.00,0.00,3256498
2022/10/14 4:46:42,0.00,0.00,21.00,929.19,18.76,76.17,57.93,118,0.00,0.00,0.00,3316810
2022/10/14 4:47:42,0.00,0.00,21.00,929.10,18.76,76.18,58.13,118,0.00,0.00,0.00,3377147
2022/10/14 4:48:43,0.00,0.00,21.00,929.25,18.76,76.16,71.30,123,0.00,0.00,0.00,3437462
2022/10/14 4:49:43,0.00,0.00,21.00,929.32,18.76,76.19,64.04,120,0.00,0.00,0.00,3497798
2022/10/14 4:50:44,0.00,0.00,21.00,929.43,18.75,76.19,61.99,119,0.00,0.00,0.00,3558115
2022/10/14 4:52:26,0.00,0.00,21.00,929.19,18.75,76.19,56.08,118,0.00,0.00,0.00,60016
2022/10/14 4:53:26,0.00,0.00,21.00,929.41,18.75,76.19,69.79,124,0.00,0.00,0.00,120241
2022/10/14 4:54:26,0.00,0.00,21.00,929.48,18.75,76.19,81.60,128,0.00,0.00,0.00,180462
2022/10/14 4:55:27,0.00,0.00,21.00,929.43,18.75,76.22,60.81,120,0.00,0.00,0.00,240733
2022/10/14 4:56:27,0.00,0.00,21.00,929.70,18.75,76.19,87.55,131,0.00,0.00,0.00,300955
2022/10/14 4:57:28,0.00,0.00,21.00,929.39,18.74,76.18,13.65,100,0.00,0.00,0.00,361178
2022/10/14 4:58:28,0.00,0.00,21.00,929.70,18.74,76.18,108.58,140,0.00,0.00,0.00,421400
2022/10/14 4:59:28,0.00,0.00,21.00,929.57,18.74,76.18,146.54,155,0.00,0.00,0.00,481624
2022/10/14 5:0:29,0.00,0.00,21.00,929.37,18.74,76.19,30.17,106,0.00,0.00,0.00,541844
2022/10/14 5:1:29,0.00,0.00,21.00,929.28,18.74,76.21,134.90,152,0.00,0.00,0.00,602181
2022/10/14 5:2:30,0.00,0.00,21.00,929.52,18.74,76.19,19.86,103,0.00,0.00,0.00,662496
2022/10/14 5:3:30,0.00,0.00,21.00,928.98,18.74,76.19,68.68,123,0.00,0.00,0.00,722829
2022/10/14 5:4:30,0.00,0.00,21.00,929.03,18.74,76.20,53.84,117,0.00,0.00,0.00,783147
2022/10/14 5:5:31,0.00,0.00,21.00,929.28,18.73,76.21,70.81,123,0.00,0.00,0.00,843481
2022/10/14 5:6:31,0.00,0.00,21.00,929.21,18.73,76.22,53.17,116,0.00,0.00,0.00,903795
2022/10/14 5:7:32,0.00,0.00,21.00,929.21,18.73,76.22,49.71,115,0.00,0.00,0.00,964132
2022/10/14 5:8:32,0.00,0.00,21.00,929.25,18.73,76.22,71.58,123,0.00,0.00,0.00,1024445
2022/10/14 5:9:33,0.00,0.00,21.00,929.03,18.73,76.23,54.28,116,0.00,0.00,0.00,1084783
2022/10/14 5:10:33,0.00,0.00,21.00,929.10,18.73,76.24,57.03,117,0.00,0.00,0.00,1145100
2022/10/14 5:11:34,0.00,0.00,21.00,929.03,18.72,76.24,57.47,118,0.00,0.00,0.00,1205435
2022/10/14 5:12:34,0.00,0.00,21.00,929.10,18.72,76.28,64.65,121,0.00,0.00,0.00,1265751
2022/10/14 5:13:35,0.00,0.00,21.00,928.89,18.72,76.28,67.01,122,0.00,0.00,0.00,1326085
2022/10/14 5:14:35,0.00,0.00,21.00,928.65,18.71,76.28,46.16,114,0.00,0.00,0.00,1386399
2022/10/14 5:15:36,0.00,0.00,21.00,928.76,18.71,76.27,22.30,104,0.00,0.00,0.00,1446737
2022/10/14 5:16:36,0.00,0.00,21.00,928.80,18.71,76.28,59.11,119,0.00,0.00,0.00,1507051
2022/10/14 5:17:37,0.00,0.00,21.00,928.83,18.71,76.29,56.71,118,0.00,0.00,0.00,1567386
2022/10/14 5:18:37,0.00,0.00,21.00,928.80,18.71,76.30,45.21,112,0.00,0.00,0.00,1627703
2022/10/14 5:19:37,0.00,0.00,21.00,928.65,18.71,76.29,21.76,104,0.00,0.00,0.00,1688038
2022/10/14 5:20:38,0.00,0.00,21.00,928.94,18.71,76.31,65.88,120,0.00,0.00,0.00,1748354
2022/10/14 5:21:38,0.00,0.00,21.00,928.89,18.71,76.29,74.66,124,0.00,0.00,0.00,1808691
2022/10/14 5:23:39,0.00,0.00,21.00,928.89,18.71,76.27,40.58,110,0.00,0.00,0.00,1929340
2022/10/14 5:24:40,0.00,0.00,21.00,928.85,18.71,76.26,12.60,101,0.00,0.00,0.00,1989654
2022/10/14 5:25:40,0.00,0.00,21.00,928.83,18.71,76.28,74.68,125,0.00,0.00,0.00,2049990
2022/10/14 5:26:41,0.00,0.00,21.00,928.74,18.71,76.26,-0.42,94,0.00,0.00,0.00,2110306
2022/10/14 5:27:41,0.00,0.00,21.00,928.94,18.71,76.27,63.37,122,0.00,0.00,0.00,2170640
2022/10/14 5:28:42,0.00,0.00,21.00,929.12,18.70,76.29,35.39,107,0.00,0.00,0.00,2230957
2022/10/14 5:29:42,0.00,0.00,21.00,928.98,18.70,76.30,89.32,130,0.00,0.00,0.00,2291294
2022/10/14 5:30:43,0.00,0.00,21.00,928.83,18.70,76.31,26.43,102,0.00,0.00,0.00,2351605
2022/10/14 5:31:43,0.00,0.00,21.00,928.94,18.70,76.30,-17.50,88,0.00,0.00,0.00,2411943
2022/10/14 5:32:43,0.00,0.00,21.00,928.87,18.70,76.32,144.47,153,0.00,0.00,0.00,2472258
2022/10/14 5:33:44,0.00,0.00,21.00,929.01,18.70,76.33,105.72,135,0.00,0.00,0.00,2532595
2022/10/14 5:34:44,0.00,0.00,21.00,929.01,18.70,76.30,-10.51,93,0.00,0.00,0.00,2592910
2022/10/14 5:35:45,0.00,0.00,21.00,928.60,18.69,76.31,39.05,110,0.00,0.00,0.00,2653243
2022/10/14 5:36:45,0.00,0.00,21.00,928.85,18.70,76.32,136.02,148,0.00,0.00,0.00,2713561
2022/10/14 5:37:46,0.00,0.00,21.00,929.16,18.70,76.32,14.94,106,0.00,0.00,0.00,2773897
2022/10/14 5:38:46,0.00,0.00,21.00,929.12,18.70,76.33,33.51,111,0.00,0.00,0.00,2834210
2022/10/14 5:39:47,0.00,0.00,21.00,929.23,18.70,76.32,33.07,111,0.00,0.00,0.00,2894546
2022/10/14 5:40:47,0.00,0.00,21.00,929.41,18.70,76.32,80.45,127,0.00,0.00,0.00,2954860
2022/10/14 5:41:48,0.00,0.00,21.00,929.25,18.69,76.32,42.55,112,0.00,0.00,0.00,3015197
2022/10/14 5:42:48,0.00,0.00,21.00,929.39,18.70,76.34,58.93,115,0.00,0.00,0.00,3075513
2022/10/14 5:43:49,0.00,0.00,21.00,929.37,18.70,76.33,53.28,112,0.00,0.00,0.00,3135849
2022/10/14 5:44:49,0.00,0.00,21.00,929.25,18.70,76.35,96.00,130,0.00,0.00,0.00,3196163
2022/10/14 5:45:49,0.00,0.00,21.00,928.94,18.70,76.37,66.47,119,0.00,0.00,0.00,3256499
2022/10/14 5:46:50,0.00,0.00,21.00,929.39,18.70,76.38,32.63,107,0.00,0.00,0.00,3316813
2022/10/14 5:47:50,0.00,0.00,21.00,929.52,18.69,76.40,115.38,143,0.00,0.00,0.00,3377152
2022/10/14 5:48:51,0.00,0.00,21.00,929.70,18.69,76.42,3.98,100,0.00,0.00,0.00,3437464
2022/10/14 5:49:51,0.00,0.00,21.00,929.64,18.69,76.42,39.75,114,0.00,0.00,0.00,3497800
2022/10/14 5:50:52,0.00,0.00,21.00,929.82,18.69,76.38,-18.37,87,0.00,0.00,0.00,3558116
2022/10/14 5:52:34,0.00,0.00,21.00,929.49,18.69,76.41,61.38,121,0.00,0.00,0.00,60016
2022/10/14 5:53:34,0.00,0.00,21.00,929.57,18.69,76.40,88.82,130,0.00,0.00,0.00,120242
2022/10/14 5:54:35,0.00,0.00,21.00,929.73,18.69,76.41,29.93,107,0.00,0.00,0.00,180465
2022/10/14 5:55:35,0.00,0.00,21.00,929.79,18.69,76.43,63.58,120,0.00,0.00,0.00,240689
2022/10/14 5:56:35,0.00,0.00,21.00,929.91,18.69,76.44,105.57,137,0.00,0.00,0.00,300961
2022/10/14 5:57:36,0.00,0.00,21.00,930.04,18.69,76.43,55.40,118,0.00,0.00,0.00,361185
2022/10/14 5:58:36,0.00,0.00,21.00,930.25,18.69,76.43,20.80,102,0.00,0.00,0.00,421409
2022/10/14 5:59:36,0.00,0.00,21.00,929.97,18.69,76.45,96.61,135,0.00,0.00,0.00,481632
2022/10/14 6:0:37,0.00,0.00,21.00,930.16,18.68,76.45,134.27,148,0.00,0.00,0.00,541855
2022/10/14 6:1:37,0.00,0.00,21.00,930.36,18.68,76.44,76.82,126,0.00,0.00,0.00,602180
2022/10/14 6:2:38,0.00,0.00,21.00,930.27,18.68,76.45,89.43,130,0.00,0.00,0.00,662496
2022/10/14 6:3:38,0.00,0.00,21.00,930.00,18.68,76.46,70.93,125,0.00,0.00,0.00,722829
2022/10/14 6:4:39,0.00,0.00,21.00,930.18,18.68,76.45,107.12,136,0.00,0.00,0.00,783148
2022/10/14 6:5:39,0.00,0.00,21.00,930.45,18.68,76.44,17.84,102,0.00,0.00,0.00,843481
2022/10/14 6:6:40,0.00,0.00,21.00,930.47,18.68,76.45,45.21,113,0.00,0.00,0.00,903795
2022/10/14 6:7:40,0.00,0.00,21.00,930.36,18.68,76.46,44.63,114,0.00,0.00,0.00,964132
2022/10/14 6:8:41,0.00,0.00,21.00,930.45,18.68,76.46,65.03,121,0.00,0.00,0.00,1024445
2022/10/14 6:9:41,0.00,0.00,21.00,930.54,18.68,76.45,91.54,132,0.00,0.00,0.00,1084782
2022/10/14 6:10:41,0.00,0.00,21.00,930.54,18.67,76.44,56.33,118,0.00,0.00,0.00,1145100
2022/10/14 6:11:42,0.00,0.00,21.00,930.56,18.67,76.45,81.17,128,0.00,0.00,0.00,1205434
2022/10/14 6:12:42,0.00,0.00,21.00,930.49,18.67,76.45,58.76,119,0.00,0.00,0.00,1265751
2022/10/14 6:13:43,0.00,0.00,21.00,930.74,18.67,76.43,60.64,120,0.00,0.00,0.00,1326086
2022/10/14 6:14:43,0.00,0.00,21.00,930.27,18.67,76.45,79.31,128,0.00,0.00,0.00,1386399
2022/10/14 6:15:44,0.00,0.00,21.00,930.29,18.67,76.46,58.67,119,0.00,0.00,0.00,1446737
2022/10/14 6:16:44,0.00,0.00,21.00,930.43,18.67,76.46,62.41,121,0.00,0.00,0.00,1507051
2022/10/14 6:17:45,0.00,0.00,21.00,930.34,18.67,76.48,54.50,117,0.00,0.00,0.00,1567387
2022/10/14 6:18:45,0.00,0.00,21.00,930.45,18.67,76.47,48.38,116,0.00,0.00,0.00,1627703
2022/10/14 6:19:46,0.00,0.00,21.00,930.65,18.67,76.46,59.19,119,0.00,0.00,0.00,1688038
2022/10/14 6:20:46,0.00,0.00,21.00,930.63,18.66,76.46,48.93,114,0.00,0.00,0.00,1748354
2022/10/14 6:21:47,0.00,0.00,21.00,930.63,18.66,76.46,79.18,127,0.00,0.00,0.00,1808691
2022/10/14 6:22:47,0.00,0.00,21.00,930.45,18.66,76.48,77.33,126,0.00,0.00,0.00,1869002
2022/10/14 6:23:48,0.00,0.00,21.00,930.88,18.66,76.48,59.76,119,0.00,0.00,0.00,1929340
2022/10/14 6:24:48,0.00,0.00,21.00,930.18,18.66,76.47,29.88,107,0.00,0.00,0.00,1989654
2022/10/14 6:25:48,0.00,0.00,21.00,930.36,18.66,76.48,50.41,116,0.00,0.00,0.00,2049989
2022/10/14 6:26:49,0.00,0.00,21.00,930.34,18.66,76.46,70.51,124,0.00,0.00,0.00,2110307
2022/10/14 6:27:49,0.00,0.00,21.00,930.58,18.67,76.43,42.01,115,0.00,0.00,0.00,2170641
2022/10/14 6:28:50,0.00,0.00,21.00,930.76,18.67,76.46,64.98,123,0.00,0.00,0.00,2230957
2022/10/14 6:29:50,0.00,0.00,21.00,930.67,18.67,76.46,110.75,137,0.00,0.00,0.00,2291295
2022/10/14 6:30:51,0.00,0.00,21.00,930.97,18.67,76.43,80.36,128,0.00,0.00,0.00,2351605
2022/10/14 6:31:51,0.00,0.00,21.00,930.97,18.67,76.43,102.40,136,0.00,0.00,0.00,2411945
2022/10/14 6:32:52,0.00,0.00,21.00,931.10,18.67,76.44,-6.97,92,0.00,0.00,0.00,2472256
2022/10/14 6:33:52,0.00,0.00,21.00,930.88,18.67,76.46,59.59,117,0.00,0.00,0.00,2532593
2022/10/14 6:34:53,0.00,0.00,21.00,931.17,18.66,76.45,51.35,116,0.00,0.00,0.00,2592910
2022/10/14 6:35:53,0.00,0.00,21.00,930.76,18.66,76.43,27.57,108,0.00,0.00,0.00,2653243
2022/10/14 6:36:54,0.00,0.00,21.00,930.83,18.66,76.41,59.43,119,0.00,0.00,0.00,2713560
2022/10/14 6:37:54,0.00,0.00,21.00,931.08,18.67,76.43,57.86,120,0.00,0.00,0.00,2773897
2022/10/14 6:38:54,0.00,0.00,21.00,931.19,18.66,76.42,69.77,125,0.00,0.00,0.00,2834210
2022/10/14 6:39:55,0.00,0.00,21.00,931.15,18.66,76.41,50.96,115,0.00,0.00,0.00,2894547
2022/10/14 6:40:55,0.00,0.00,21.00,930.94,18.66,76.41,59.98,119,0.00,0.00,0.00,2954860
2022/10/14 6:41:56,0.00,0.00,21.00,931.08,18.66,76.40,38.49,111,0.00,0.00,0.00,3015197
2022/10/14 6:42:56,0.00,0.00,21.00,931.01,18.66,76.42,70.14,122,0.00,0.00,0.00,3075513
2022/10/14 6:43:57,0.00,0.00,21.00,931.17,18.66,76.41,58.61,120,0.00,0.00,0.00,3135849
2022/10/14 6:44:57,0.00,0.00,21.00,930.94,18.66,76.43,42.13,112,0.00,0.00,0.00,3196163
2022/10/14 6:45:58,0.00,0.00,21.00,930.94,18.66,76.45,69.24,123,0.00,0.00,0.00,3256500
2022/10/14 6:46:58,0.00,0.00,21.00,931.17,18.66,76.44,72.96,124,0.00,0.00,0.00,3316813
2022/10/14 6:47:59,0.00,0.00,21.00,931.19,18.66,76.44,-10.38,92,0.00,0.00,0.00,3377150
2022/10/14 6:48:59,0.00,0.00,21.00,931.37,18.66,76.43,73.59,124,0.00,0.00,0.00,3437465
2022/10/14 6:50:0,0.00,0.00,21.00,931.24,18.66,76.44,83.03,129,0.00,0.00,0.00,3497798
2022/10/14 6:51:0,0.00,0.00,21.00,931.39,18.66,76.45,74.64,125,0.00,0.00,0.00,3558115
2022/10/14 6:52:42,0.00,0.00,21.00,931.28,18.65,76.44,-5.40,97,0.00,0.00,0.00,60015
2022/10/14 6:53:43,0.00,0.00,21.00,931.24,18.65,76.45,16.53,101,0.00,0.00,0.00,120240
2022/10/14 6:55:43,0.00,0.00,21.00,931.35,18.65,76.47,129.66,147,0.00,0.00,0.00,240687
2022/10/14 6:56:44,0.00,0.00,21.00,931.53,18.65,76.47,68.09,125,0.00,0.00,0.00,300957
2022/10/14 6:57:44,0.00,0.00,21.00,931.48,18.65,76.46,86.30,129,0.00,0.00,0.00,361180
2022/10/14 6:58:44,0.00,0.00,21.00,931.71,18.65,76.47,58.06,119,0.00,0.00,0.00,421401
2022/10/14 6:59:45,0.00,0.00,21.00,931.60,18.65,76.48,50.89,117,0.00,0.00,0.00,481624
2022/10/14 7:0:45,0.00,0.00,21.00,931.46,18.65,76.48,44.67,114,0.00,0.00,0.00,541844
2022/10/14 7:1:46,0.00,0.00,21.00,931.78,18.65,76.47,70.10,123,0.00,0.00,0.00,602178
2022/10/14 7:2:46,0.00,0.00,21.00,931.69,18.65,76.48,81.02,129,0.00,0.00,0.00,662493
2022/10/14 7:3:46,0.00,0.00,21.00,931.26,18.65,76.49,11.69,101,0.00,0.00,0.00,722828
2022/10/14 7:4:47,0.00,0.00,21.00,931.46,18.65,76.48,16.64,104,0.00,0.00,0.00,783144
2022/10/14 7:5:47,0.00,0.00,21.00,931.35,18.65,76.48,67.15,123,0.00,0.00,0.00,843478
2022/10/14 7:6:48,0.00,0.00,21.00,931.60,18.65,76.48,52.34,118,0.00,0.00,0.00,903793
2022/10/14 7:7:48,0.00,0.00,21.00,931.82,18.65,76.48,28.18,108,0.00,0.00,0.00,964130
2022/10/14 7:8:49,0.00,0.00,21.00,931.69,18.65,76.49,59.67,120,0.00,0.00,0.00,1024444
2022/10/14 7:9:49,0.00,0.00,21.00,931.82,18.64,76.49,65.95,122,0.00,0.00,0.00,1084782
2022/10/14 7:10:50,0.00,0.00,21.00,931.98,18.64,76.51,54.74,118,0.00,0.00,0.00,1145097
2022/10/14 7:11:50,0.00,0.00,21.00,931.89,18.64,76.50,59.17,120,0.00,0.00,0.00,1205435
2022/10/14 7:12:51,0.00,0.00,21.00,931.69,18.64,76.50,61.84,121,0.00,0.00,0.00,1265751
2022/10/14 7:13:51,0.00,0.00,21.00,931.80,18.64,76.51,63.32,122,0.00,0.00,0.00,1326086
2022/10/14 7:14:52,0.00,0.00,21.00,931.37,18.64,76.53,55.35,119,0.00,0.00,0.00,1386399
2022/10/14 7:15:52,0.00,0.00,21.00,931.71,18.64,76.52,78.66,127,0.00,0.00,0.00,1446736
2022/10/14 7:16:52,0.00,0.00,21.00,931.69,18.64,76.53,58.96,120,0.00,0.00,0.00,1507051
2022/10/14 7:17:53,0.00,0.00,21.00,931.78,18.64,76.53,52.86,117,0.00,0.00,0.00,1567387
2022/10/14 7:18:53,0.00,0.00,21.00,931.96,18.64,76.52,52.88,119,0.00,0.00,0.00,1627703
2022/10/14 7:19:54,0.00,0.00,21.00,932.05,18.64,76.51,73.50,126,0.00,0.00,0.00,1688038
2022/10/14 7:20:54,0.00,0.00,21.00,932.02,18.64,76.53,40.47,114,0.00,0.00,0.00,1748354
2022/10/14 7:21:55,0.00,0.00,21.00,932.23,18.64,76.55,19.13,103,0.00,0.00,0.00,1808690
2022/10/14 7:22:55,0.00,0.00,21.00,932.11,18.64,76.56,93.29,134,0.00,0.00,0.00,1869005
2022/10/14 7:23:56,0.00,0.00,21.00,932.29,18.64,76.57,-41.04,78,0.00,0.00,0.00,1929342
2022/10/14 7:24:56,0.00,0.00,21.00,931.91,18.64,76.58,73.26,128,0.00,0.00,0.00,1989657
2022/10/14 7:25:57,0.00,0.00,21.00,931.91,18.64,76.57,46.39,116,0.00,0.00,0.00,2049991
2022/10/14 7:26:57,0.00,0.00,21.00,931.89,18.64,76.57,57.84,120,0.00,0.00,0.00,2110308
2022/10/14 7:27:58,0.00,0.00,21.00,932.07,18.64,76.57,55.96,117,0.00,0.00,0.00,2170643
2022/10/14 7:28:58,0.00,0.00,21.00,932.09,18.64,76.57,53.75,118,0.00,0.00,0.00,2230958
2022/10/14 7:29:59,0.00,0.00,21.00,932.05,18.64,76.60,36.15,110,0.00,0.00,0.00,2291296
2022/10/14 7:30:59,0.00,0.00,21.00,931.98,18.63,76.59,87.94,132,0.00,0.00,0.00,2351608
2022/10/14 7:31:59,0.00,0.00,21.00,932.07,18.63,76.59,55.94,119,0.00,0.00,0.00,2411944
2022/10/14 7:33:0,0.00,0.00,21.00,932.07,18.63,76.59,66.36,123,0.00,0.00,0.00,2472259
2022/10/14 7:34:0,0.00,0.00,21.00,932.29,18.63,76.59,54.43,117,0.00,0.00,0.00,2532593
2022/10/14 7:35:1,0.00,0.00,21.00,932.09,18.63,76.61,53.47,117,0.00,0.00,0.00,2592911
2022/10/14 7:36:1,0.00,0.00,21.00,931.48,18.63,76.63,113.56,141,0.00,0.00,0.00,2653250
2022/10/14 7:37:2,0.00,0.00,21.00,931.75,18.63,76.61,136.00,152,0.00,0.00,0.00,2713563
2022/10/14 7:38:2,0.00,0.00,21.00,932.18,18.63,76.62,88.73,134,0.00,0.00,0.00,2773898
2022/10/14 7:39:3,0.00,0.00,21.00,931.98,18.63,76.62,108.91,142,0.00,0.00,0.00,2834214
2022/10/14 7:40:3,0.00,0.00,21.00,932.09,18.63,76.62,40.58,113,0.00,0.00,0.00,2894548
2022/10/14 7:41:4,0.00,0.00,21.00,932.18,18.63,76.62,31.89,109,0.00,0.00,0.00,2954864
2022/10/14 7:42:4,0.00,0.00,21.00,932.07,18.62,76.62,72.30,126,0.00,0.00,0.00,3015199
2022/10/14 7:43:5,0.00,0.00,21.00,932.20,18.62,76.63,52.12,117,0.00,0.00,0.00,3075514
2022/10/14 7:44:5,0.00,0.00,21.00,932.20,18.62,76.63,53.01,118,0.00,0.00,0.00,3135852
2022/10/14 7:45:5,0.00,0.00,21.00,932.29,18.62,76.67,46.59,116,0.00,0.00,0.00,3196167
2022/10/14 7:46:6,0.00,0.00,21.00,931.87,18.62,76.68,32.81,110,0.00,0.00,0.00,3256501
2022/10/14 7:47:6,0.00,0.00,21.00,931.89,18.62,76.69,80.71,129,0.00,0.00,0.00,3316816
2022/10/14 7:48:7,0.00,0.00,21.00,932.16,18.62,76.69,64.76,123,0.00,0.00,0.00,3377153
2022/10/14 7:49:7,0.00,0.00,21.00,932.11,18.62,76.69,90.78,134,0.00,0.00,0.00,3437467
2022/10/14 7:50:8,0.00,0.00,21.00,932.29,18.62,76.69,57.84,120,0.00,0.00,0.00,3497804
2022/10/14 7:51:8,0.00,0.00,21.00,932.02,18.62,76.70,52.66,117,0.00,0.00,0.00,3558117
2022/10/14 7:52:50,0.00,0.00,21.00,931.85,18.61,76.69,49.31,117,0.00,0.00,0.00,60016
2022/10/14 7:53:51,0.00,0.00,21.00,932.16,18.62,76.67,49.21,117,0.00,0.00,0.00,120242
2022/10/14 7:54:51,0.00,0.00,21.00,932.29,18.62,76.69,59.13,121,0.00,0.00,0.00,180466
2022/10/14 7:55:51,0.00,0.00,21.00,932.23,18.62,76.68,57.10,120,0.00,0.00,0.00,240690
2022/10/14 7:56:52,0.00,0.00,21.00,932.34,18.62,76.67,39.78,113,0.00,0.00,0.00,300913
2022/10/14 7:57:52,0.00,0.00,21.00,932.34,18.62,76.68,55.70,119,0.00,0.00,0.00,361186
2022/10/14 7:58:53,0.00,0.00,21.00,932.54,18.62,76.68,64.81,122,0.00,0.00,0.00,421410
2022/10/14 7:59:53,0.00,0.00,21.00,932.45,18.62,76.68,51.88,117,0.00,0.00,0.00,481634
2022/10/14 8:0:53,0.00,0.00,21.00,932.52,18.62,76.68,64.17,123,0.00,0.00,0.00,541857
2022/10/14 8:1:54,0.00,0.00,21.00,932.38,18.61,76.74,80.93,129,0.00,0.00,0.00,602179
2022/10/14 8:2:54,0.00,0.00,21.00,932.54,18.61,76.72,48.80,116,0.00,0.00,0.00,662496
2022/10/14 8:3:55,0.00,0.00,21.00,932.23,18.61,76.72,55.96,120,0.00,0.00,0.00,722830
2022/10/14 8:4:55,0.00,0.00,21.00,932.43,18.61,76.69,61.88,122,0.00,0.00,0.00,783147
2022/10/14 8:5:56,0.00,0.00,21.00,932.63,18.61,76.69,48.53,117,0.00,0.00,0.00,843481
2022/10/14 8:6:56,0.00,0.00,21.00,932.59,18.61,76.68,72.63,126,0.00,0.00,0.00,903795
2022/10/14 8:7:57,0.00,0.00,21.00,932.63,18.61,76.67,51.48,118,0.00,0.00,0.00,964132
2022/10/14 8:8:57,0.00,0.00,21.00,932.77,18.61,76.66,49.65,116,0.00,0.00,0.00,1024445
2022/10/14 8:9:57,0.00,0.00,21.00,932.79,18.61,76.69,57.42,120,0.00,0.00,0.00,1084782
2022/10/14 8:10:58,0.00,0.00,21.00,932.88,18.61,76.69,67.82,124,0.00,0.00,0.00,1145100
2022/10/14 8:11:58,0.00,0.00,21.00,932.95,18.61,76.66,44.58,115,0.00,0.00,0.00,1205435
2022/10/14 8:12:59,0.00,0.00,21.00,932.90,18.61,76.67,34.21,112,0.00,0.00,0.00,1265751
2022/10/14 8:13:59,0.00,0.00,21.00,932.68,18.61,76.67,70.99,126,0.00,0.00,0.00,1326086
2022/10/14 8:15:0,0.00,0.00,21.00,932.47,18.61,76.69,43.42,115,0.00,0.00,0.00,1386398
2022/10/14 8:16:0,0.00,0.00,21.00,932.50,18.61,76.70,64.88,124,0.00,0.00,0.00,1446735
2022/10/14 8:17:1,0.00,0.00,21.00,932.81,18.61,76.69,57.49,120,0.00,0.00,0.00,1507050
2022/10/14 8:18:1,0.00,0.00,21.00,932.63,18.61,76.69,56.62,120,0.00,0.00,0.00,1567385
2022/10/14 8:19:2,0.00,0.00,21.00,932.63,18.61,76.68,58.47,121,0.00,0.00,0.00,1627702
2022/10/14 8:20:2,0.00,0.00,21.00,932.63,18.61,76.68,51.75,118,0.00,0.00,0.00,1688036
2022/10/14 8:21:3,0.00,0.00,21.00,932.81,18.61,76.68,58.39,121,0.00,0.00,0.00,1748353
2022/10/14 8:22:3,0.00,0.00,21.00,932.72,18.60,76.68,64.06,123,0.00,0.00,0.00,1808689
2022/10/14 8:23:3,0.00,0.00,21.00,932.88,18.60,76.67,53.86,119,0.00,0.00,0.00,1869001
2022/10/14 8:24:4,0.00,0.00,21.00,932.90,18.60,76.67,59.70,121,0.00,0.00,0.00,1929338
2022/10/14 8:25:4,0.00,0.00,21.00,932.52,18.60,76.66,56.64,121,0.00,0.00,0.00,1989653
2022/10/14 8:26:5,0.00,0.00,21.00,932.72,18.60,76.65,53.98,119,0.00,0.00,0.00,2049989
2022/10/14 8:27:5,0.00,0.00,21.00,932.81,18.60,76.64,61.34,122,0.00,0.00,0.00,2110306
2022/10/14 8:28:6,0.00,0.00,21.00,932.72,18.60,76.64,58.26,121,0.00,0.00,0.00,2170639
2022/10/14 8:29:6,0.00,0.00,21.00,932.74,18.60,76.64,58.13,120,0.00,0.00,0.00,2230956
2022/10/14 8:30:7,0.00,0.00,21.00,932.56,18.60,76.63,58.69,121,0.00,0.00,0.00,2291293
2022/10/14 8:31:7,0.00,0.00,21.00,932.77,18.60,76.63,57.75,120,0.00,0.00,0.00,2351604
2022/10/14 8:32:8,0.00,0.00,21.00,932.83,18.60,76.64,54.02,118,0.00,0.00,0.00,2411942
2022/10/14 8:33:8,0.00,0.00,21.00,932.83,18.60,76.64,54.21,119,0.00,0.00,0.00,2472256
2022/10/14 8:34:9,0.00,0.00,21.00,932.88,18.60,76.64,54.72,119,0.00,0.00,0.00,2532592
2022/10/14 8:35:9,0.00,0.00,21.00,932.81,18.60,76.63,57.56,120,0.00,0.00,0.00,2592909
2022/10/14 8:36:10,0.00,0.00,21.00,932.38,18.60,76.65,63.76,123,0.00,0.00,0.00,2653244
2022/10/14 8:37:10,0.00,0.00,21.00,932.61,18.60,76.65,-2.19,96,0.00,0.00,0.00,2713559
2022/10/14 8:38:10,0.00,0.00,21.00,932.81,18.60,76.66,44.52,117,0.00,0.00,0.00,2773897
2022/10/14 8:39:11,0.00,0.00,21.00,932.79,18.60,76.68,43.71,114,0.00,0.00,0.00,2834210
2022/10/14 8:40:11,0.00,0.00,21.00,933.04,18.59,76.67,53.30,119,0.00,0.00,0.00,2894547
2022/10/14 8:41:12,0.00,0.00,21.00,933.06,18.60,76.70,61.97,122,0.00,0.00,0.00,2954860
2022/10/14 8:42:12,0.00,0.00,21.00,933.22,18.60,76.71,22.70,105,0.00,0.00,0.00,3015197
2022/10/14 8:44:13,0.00,0.00,21.00,933.33,18.59,76.73,62.76,122,0.00,0.00,0.00,3135849
2022/10/14 8:45:14,0.00,0.00,21.00,933.19,18.59,76.74,55.28,119,0.00,0.00,0.00,3196163
2022/10/14 8:46:14,0.00,0.00,21.00,932.70,18.59,76.74,32.31,109,0.00,0.00,0.00,3256500
2022/10/14 8:47:15,0.00,0.00,21.00,932.92,18.59,76.74,50.78,118,0.00,0.00,0.00,3316813
2022/10/14 8:48:15,0.00,0.00,21.00,933.04,18.59,76.76,47.47,116,0.00,0.00,0.00,3377149
2022/10/14 8:49:16,0.00,0.00,21.00,933.06,18.59,76.77,46.20,116,0.00,0.00,0.00,3437465
2022/10/14 8:50:16,0.00,0.00,21.00,933.22,18.59,76.77,61.57,122,0.00,0.00,0.00,3497800
2022/10/14 8:51:16,0.00,0.00,21.00,933.40,18.59,76.77,62.56,122,0.00,0.00,0.00,3558116
2022/10/14 8:53:59,0.00,0.00,21.00,933.17,18.60,76.75,32.29,110,0.00,0.00,0.00,120242
2022/10/14 8:54:59,0.00,0.00,21.00,933.10,18.60,76.76,60.94,122,0.00,0.00,0.00,180466
2022/10/14 8:56:0,0.00,0.00,21.00,933.10,18.60,76.75,77.70,129,0.00,0.00,0.00,240689
2022/10/14 8:57:0,0.00,0.00,21.00,933.35,18.59,76.73,56.83,120,0.00,0.00,0.00,300911
2022/10/14 8:58:0,0.00,0.00,21.00,933.40,18.59,76.74,56.88,120,0.00,0.00,0.00,361134
2022/10/14 8:59:1,0.00,0.00,21.00,933.26,18.60,76.75,48.06,117,0.00,0.00,0.00,421406
2022/10/14 9:0:1,0.00,0.00,21.00,933.49,18.60,76.74,48.69,117,0.00,0.00,0.00,481628
2022/10/14 9:1:2,0.00,0.00,21.00,933.49,18.60,76.75,58.01,122,0.00,0.00,0.00,541850
2022/10/14 9:2:2,0.00,0.00,21.00,933.53,18.60,76.79,50.31,117,0.00,0.00,0.00,602179
2022/10/14 9:3:2,0.00,0.00,21.00,933.51,18.60,76.75,58.26,121,0.00,0.00,0.00,662497
2022/10/14 9:4:3,0.00,0.00,21.00,932.95,18.60,76.74,56.42,121,0.00,0.00,0.00,722830
2022/10/14 9:5:3,0.00,0.00,21.00,933.17,18.60,76.76,54.83,120,0.00,0.00,0.00,783148
2022/10/14 9:6:4,0.00,0.00,21.00,933.40,18.60,76.75,57.32,120,0.00,0.00,0.00,843485
2022/10/14 9:7:4,0.00,0.00,21.00,933.49,18.60,76.76,48.16,117,0.00,0.00,0.00,903798
2022/10/14 9:8:5,0.00,0.00,21.00,933.51,18.60,76.79,65.88,123,0.00,0.00,0.00,964134
2022/10/14 9:9:5,0.00,0.00,21.00,933.53,18.60,76.81,47.58,117,0.00,0.00,0.00,1024450
2022/10/14 9:10:6,0.00,0.00,21.00,933.67,18.60,76.82,61.88,123,0.00,0.00,0.00,1084786
2022/10/14 9:11:6,0.00,0.00,21.00,933.51,18.59,76.83,54.06,119,0.00,0.00,0.00,1145102
2022/10/14 9:13:7,0.00,0.00,21.00,933.85,18.59,76.82,70.05,125,0.00,0.00,0.00,1265753
2022/10/14 9:14:8,0.00,0.00,21.00,933.78,18.60,76.74,41.44,114,0.00,0.00,0.00,1326089
2022/10/14 9:15:8,0.00,0.00,21.00,933.53,18.60,76.85,63.04,123,0.00,0.00,0.00,1386402
2022/10/14 9:16:8,0.00,0.00,21.00,933.46,18.61,76.90,64.17,124,0.00,0.00,0.00,1446738
2022/10/14 9:17:9,0.00,0.00,21.00,933.42,18.61,76.83,50.22,118,0.00,0.00,0.00,1507054
2022/10/14 9:18:9,0.00,0.00,21.00,933.42,18.62,76.74,66.71,124,0.00,0.00,0.00,1567390
2022/10/14 9:19:10,0.00,0.00,21.00,933.49,18.62,76.76,51.68,119,0.00,0.00,0.00,1627706
2022/10/14 9:20:10,0.00,0.00,21.00,933.40,18.62,76.83,64.94,124,0.00,0.00,0.00,1688041
2022/10/14 9:21:11,0.00,0.00,21.00,933.94,18.62,76.77,53.86,119,0.00,0.00,0.00,1748357
2022/10/14 9:22:11,0.00,0.00,21.00,933.55,18.63,76.81,56.68,120,0.00,0.00,0.00,1808693
2022/10/14 9:23:12,0.00,0.00,21.00,933.44,18.63,76.80,60.74,122,0.00,0.00,0.00,1869008
2022/10/14 9:24:12,0.00,0.00,21.00,933.60,18.64,76.73,57.54,121,0.00,0.00,0.00,1929344
2022/10/14 9:25:13,0.00,0.00,21.00,933.46,18.64,76.69,60.37,122,0.00,0.00,0.00,1989658
2022/10/14 9:26:13,0.00,0.00,21.00,933.71,18.64,76.64,65.95,124,0.00,0.00,0.00,2049994
2022/10/14 9:28:14,0.00,0.00,21.00,933.83,18.65,76.65,63.61,124,0.00,0.00,0.00,2170646
2022/10/14 9:29:14,0.00,0.00,21.00,933.78,18.66,76.67,56.66,121,0.00,0.00,0.00,2230960
2022/10/14 9:30:15,0.00,0.00,21.00,934.01,18.66,76.63,64.22,124,0.00,0.00,0.00,2291297
2022/10/14 9:31:15,0.00,0.00,21.00,933.85,18.66,76.65,54.22,120,0.00,0.00,0.00,2351611
2022/10/14 9:32:16,0.00,0.00,21.00,933.85,18.66,76.65,65.53,124,0.00,0.00,0.00,2411945
2022/10/14 9:33:16,0.00,0.00,21.00,933.89,18.66,76.64,54.10,119,0.00,0.00,0.00,2472262
2022/10/14 9:34:17,0.00,0.00,21.00,934.01,18.66,76.51,69.81,126,0.00,0.00,0.00,2532597
2022/10/14 9:35:17,0.00,0.00,21.00,933.64,18.66,76.51,46.07,116,0.00,0.00,0.00,2592912
2022/10/14 9:36:18,0.00,0.00,21.00,933.49,18.66,76.45,54.02,120,0.00,0.00,0.00,2653249
2022/10/14 9:37:18,0.00,0.00,21.00,933.51,18.66,76.39,59.67,122,0.00,0.00,0.00,2713563
2022/10/14 9:38:19,0.00,0.00,21.00,933.87,18.66,76.38,51.02,118,0.00,0.00,0.00,2773900
2022/10/14 9:39:19,0.00,0.00,21.00,933.67,18.66,76.18,63.89,123,0.00,0.00,0.00,2834214
2022/10/14 9:40:20,0.00,0.00,21.00,933.71,18.66,76.22,73.04,127,0.00,0.00,0.00,2894551
2022/10/14 9:41:20,0.00,0.00,21.00,933.78,18.66,76.31,53.10,118,0.00,0.00,0.00,2954866
2022/10/14 9:42:21,0.00,0.00,21.00,933.80,18.66,76.31,70.97,125,0.00,0.00,0.00,3015203
2022/10/14 9:43:21,0.00,0.00,21.00,933.89,18.66,76.25,55.17,119,0.00,0.00,0.00,3075517
2022/10/14 9:44:21,0.00,0.00,21.00,933.98,18.66,76.19,51.97,118,0.00,0.00,0.00,3135855
2022/10/14 9:45:22,0.00,0.00,21.00,934.01,18.66,76.15,62.84,122,0.00,0.00,0.00,3196169
2022/10/14 9:46:22,0.00,0.00,21.00,933.64,18.66,76.14,54.45,119,0.00,0.00,0.00,3256504
2022/10/14 9:47:23,0.00,0.00,21.00,933.67,18.66,76.12,59.52,121,0.00,0.00,0.00,3316820
2022/10/14 9:48:23,0.00,0.00,21.00,933.62,18.66,76.10,60.86,122,0.00,0.00,0.00,3377156
2022/10/14 9:49:24,0.00,0.00,21.00,933.83,18.66,76.05,60.85,121,0.00,0.00,0.00,3437469
2022/10/14 9:50:24,0.00,0.00,21.00,933.94,18.66,75.95,53.97,119,0.00,0.00,0.00,3497806
2022/10/14 9:51:25,0.00,0.00,21.00,933.76,18.66,75.91,57.30,119,0.00,0.00,0.00,3558120
2022/10/14 9:53:7,0.00,0.00,21.00,933.60,18.66,75.98,55.74,121,0.00,0.00,0.00,60015
2022/10/14 9:54:7,0.00,0.00,21.00,933.76,18.66,75.97,60.57,122,0.00,0.00,0.00,120288
2022/10/14 9:55:8,0.00,0.00,21.00,933.62,18.66,75.96,61.79,122,0.00,0.00,0.00,180510
2022/10/14 9:56:8,0.00,0.00,21.00,933.87,18.66,75.95,56.14,119,0.00,0.00,0.00,240733
2022/10/14 9:57:8,0.00,0.00,21.00,934.12,18.66,75.89,66.91,124,0.00,0.00,0.00,300955
2022/10/14 9:58:9,0.00,0.00,21.00,933.83,18.66,75.85,64.59,123,0.00,0.00,0.00,361178
2022/10/14 9:59:9,0.00,0.00,21.00,933.92,18.67,75.83,50.31,117,0.00,0.00,0.00,421399
2022/10/14 10:0:9,0.00,0.00,21.00,933.96,18.67,75.82,59.79,121,0.00,0.00,0.00,481669
2022/10/14 10:1:10,0.00,0.00,21.00,934.28,18.67,75.82,57.32,120,0.00,0.00,0.00,541891
2022/10/14 10:2:10,0.00,0.00,21.00,933.78,18.67,75.87,57.18,119,0.00,0.00,0.00,602226
2022/10/14 10:3:11,0.00,0.00,21.00,933.92,18.67,75.91,55.90,119,0.00,0.00,0.00,662542
2022/10/14 10:4:11,0.00,0.00,21.00,933.60,18.67,75.96,66.82,124,0.00,0.00,0.00,722875
2022/10/14 10:5:12,0.00,0.00,21.00,933.80,18.68,75.92,59.87,121,0.00,0.00,0.00,783192
2022/10/14 10:6:12,0.00,0.00,21.00,933.80,18.68,75.74,64.70,123,0.00,0.00,0.00,843529
2022/10/14 10:7:13,0.00,0.00,21.00,933.89,18.68,75.94,57.77,120,0.00,0.00,0.00,903842
2022/10/14 10:8:13,0.00,0.00,21.00,933.96,18.69,76.09,48.99,117,0.00,0.00,0.00,964179
2022/10/14 10:9:13,0.00,0.00,21.00,933.94,18.69,76.06,61.27,122,0.00,0.00,0.00,1024492
2022/10/14 10:10:14,0.00,0.00,21.00,934.14,18.70,76.05,59.92,121,0.00,0.00,0.00,1084830
2022/10/14 10:11:14,0.00,0.00,21.00,934.01,18.71,76.04,67.54,124,0.00,0.00,0.00,1145146
2022/10/14 10:12:15,0.00,0.00,21.00,934.05,18.71,76.09,71.01,125,0.00,0.00,0.00,1205481
2022/10/14 10:13:15,0.00,0.00,21.00,934.10,18.72,76.02,71.43,126,0.00,0.00,0.00,1265798
2022/10/14 10:14:16,0.00,0.00,21.00,934.03,18.72,76.03,63.48,123,0.00,0.00,0.00,1326135
2022/10/14 10:15:16,0.00,0.00,21.00,933.76,18.73,76.03,62.82,122,0.00,0.00,0.00,1386449
2022/10/14 10:16:17,0.00,0.00,21.00,933.87,18.73,76.08,72.34,126,0.00,0.00,0.00,1446785
2022/10/14 10:17:17,0.00,0.00,21.00,933.78,18.74,76.11,56.90,120,0.00,0.00,0.00,1507099
2022/10/14 10:18:18,0.00,0.00,21.43,934.10,18.74,76.14,64.63,124,0.00,0.00,0.00,1567436
2022/10/14 10:19:18,0.00,0.00,22.00,934.16,18.75,76.19,62.12,123,0.00,0.00,0.00,1627750
2022/10/14 10:20:19,0.00,0.00,22.00,934.10,18.75,76.13,60.97,122,0.00,0.00,0.00,1688088
2022/10/14 10:21:19,0.00,0.00,22.00,934.23,18.76,76.14,49.98,118,0.00,0.00,0.00,1748401
2022/10/14 10:22:20,0.00,0.00,22.00,934.23,18.76,76.11,56.31,120,0.00,0.00,0.00,1808738
2022/10/14 10:23:20,0.00,0.00,21.96,934.10,18.76,76.05,77.70,129,0.00,0.00,0.00,1869052
2022/10/14 10:24:20,0.00,0.00,21.89,934.28,18.77,75.99,45.59,116,0.00,0.00,0.00,1929388
2022/10/14 10:25:21,0.00,0.00,21.89,933.69,18.77,75.96,48.10,118,0.00,0.00,0.00,1989703
2022/10/14 10:26:21,0.00,0.00,22.00,933.83,18.78,75.95,46.94,116,0.00,0.00,0.00,2050039
2022/10/14 10:27:22,0.00,0.00,22.00,933.87,18.78,75.85,71.36,125,0.00,0.00,0.00,2110353
2022/10/14 10:28:22,0.00,0.00,22.00,933.92,18.79,75.87,64.57,123,0.00,0.00,0.00,2170691
2022/10/14 10:29:23,0.00,0.00,22.00,933.80,18.79,75.88,13.24,104,0.00,0.00,0.00,2231004
2022/10/14 10:30:23,0.00,0.00,22.00,933.78,18.80,75.84,12.58,100,0.00,0.00,0.00,2291341
2022/10/14 10:31:24,0.00,0.00,22.00,933.92,18.80,75.85,63.98,123,0.00,0.00,0.00,2351655
2022/10/14 10:32:24,0.00,0.00,22.00,934.03,18.80,75.86,54.74,119,0.00,0.00,0.00,2411992
2022/10/14 10:33:25,0.00,0.00,22.00,934.07,18.81,75.85,48.56,116,0.00,0.00,0.00,2472306
2022/10/14 10:34:25,0.00,0.00,21.55,934.21,18.81,75.82,71.71,126,0.00,0.00,0.00,2532642
2022/10/14 10:35:26,0.00,0.00,21.32,934.28,18.81,75.79,47.79,117,0.00,0.00,0.00,2592956
2022/10/14 10:36:26,0.00,0.00,21.04,933.76,18.81,75.77,91.00,133,0.00,0.00,0.00,2653294
2022/10/14 10:37:26,0.00,0.00,21.00,934.03,18.82,75.72,62.89,121,0.00,0.00,0.00,2713609
2022/10/14 10:38:27,0.00,0.00,21.00,933.96,18.82,75.68,52.58,118,0.00,0.00,0.00,2773944
2022/10/14 10:39:27,0.00,0.00,21.00,933.85,18.82,75.67,66.49,124,0.00,0.00,0.00,2834258
2022/10/14 10:40:28,0.00,0.00,21.00,934.03,18.83,75.68,60.31,121,0.00,0.00,0.00,2894595
2022/10/14 10:41:28,0.00,0.00,21.04,934.14,18.83,75.67,57.16,120,0.00,0.00,0.00,2954909
2022/10/14 10:42:29,0.00,0.00,21.00,934.10,18.83,75.67,59.61,121,0.00,0.00,0.00,3015247
2022/10/14 10:43:29,0.00,0.00,21.00,934.12,18.84,75.67,48.21,116,0.00,0.00,0.00,3075559
2022/10/14 10:44:30,0.00,0.00,21.00,934.23,18.84,75.66,59.48,121,0.00,0.00,0.00,3135897
2022/10/14 10:45:30,0.00,0.00,21.00,934.30,18.84,75.65,59.68,121,0.00,0.00,0.00,3196212
2022/10/14 10:46:31,0.00,0.00,21.00,933.85,18.85,75.68,67.41,124,0.00,0.00,0.00,3256547
2022/10/14 10:47:31,0.00,0.00,21.04,933.78,18.85,75.65,56.62,120,0.00,0.00,0.00,3316864
2022/10/14 10:48:32,0.00,0.00,21.00,933.92,18.85,75.60,58.72,121,0.00,0.00,0.00,3377198
2022/10/14 10:49:32,0.00,0.00,21.00,934.25,18.86,75.54,58.72,121,0.00,0.00,0.00,3437512
2022/10/14 10:50:33,0.00,0.00,21.00,934.10,18.86,75.51,60.61,121,0.00,0.00,0.00,3497851
2022/10/14 10:51:33,0.00,0.00,21.00,934.16,18.86,75.50,56.05,119,0.00,0.00,0.00,3558162
2022/10/14 10:53:15,0.00,0.00,21.00,933.81,18.86,75.47,54.80,119,0.00,0.00,0.00,60017
2022/10/14 10:54:15,0.00,0.00,21.00,933.94,18.86,75.45,65.70,124,0.00,0.00,0.00,120293
2022/10/14 10:55:16,0.00,0.00,21.00,933.85,18.86,75.41,55.18,119,0.00,0.00,0.00,180517
2022/10/14 10:56:16,0.00,0.00,21.00,933.98,18.87,75.39,57.18,120,0.00,0.00,0.00,240742
2022/10/14 10:57:17,0.00,0.00,21.00,934.14,18.87,75.39,56.16,119,0.00,0.00,0.00,300967
2022/10/14 10:58:17,0.00,0.00,21.00,934.25,18.87,75.46,52.51,118,0.00,0.00,0.00,361192
2022/10/14 10:59:17,0.00,0.00,21.00,934.39,18.87,75.55,63.06,123,0.00,0.00,0.00,421417
2022/10/14 11:1:18,0.00,0.00,21.00,934.16,18.88,75.64,67.45,124,0.00,0.00,0.00,541916
2022/10/14 11:2:19,0.00,0.00,21.00,934.37,18.89,75.63,65.53,123,0.00,0.00,0.00,602230
2022/10/14 11:3:19,0.00,0.00,21.00,934.07,18.89,75.64,73.13,127,0.00,0.00,0.00,662544
2022/10/14 11:4:19,0.00,0.00,21.62,933.78,18.90,75.59,68.65,125,0.00,0.00,0.00,722882
2022/10/14 11:5:20,0.00,0.00,22.00,933.71,18.90,75.66,59.20,122,0.00,0.00,0.00,783195
2022/10/14 11:6:20,0.00,0.00,22.00,933.83,18.91,75.81,51.16,119,0.00,0.00,0.00,843532
2022/10/14 11:7:21,0.00,0.00,22.00,933.89,18.91,75.83,71.38,127,0.00,0.00,0.00,903846
2022/10/14 11:8:21,0.00,0.00,22.00,934.07,18.92,75.90,68.98,126,0.00,0.00,0.00,964183
2022/10/14 11:9:22,0.00,0.00,22.00,934.07,18.92,75.90,55.22,121,0.00,0.00,0.00,1024497
2022/10/14 11:10:22,0.00,0.00,22.00,934.05,18.93,75.94,56.55,122,0.00,0.00,0.00,1084834
2022/10/14 11:11:23,0.00,0.00,22.00,934.14,18.93,75.91,62.25,124,0.00,0.00,0.00,1145149
2022/10/14 11:12:23,0.00,0.00,22.00,934.25,18.94,76.02,102.79,140,0.00,0.00,0.00,1205487
2022/10/14 11:13:24,0.00,0.00,22.00,934.19,18.94,76.13,69.39,128,0.00,0.00,0.00,1265801
2022/10/14 11:14:24,0.00,0.00,22.00,934.16,18.95,76.11,51.92,120,0.00,0.00,0.00,1326136
2022/10/14 11:15:25,0.00,0.00,22.00,933.76,18.95,76.10,64.57,126,0.00,0.00,0.00,1386450
2022/10/14 11:16:25,0.00,0.00,22.00,933.85,18.96,76.12,63.15,125,0.00,0.00,0.00,1446787
2022/10/14 11:17:25,0.00,0.00,22.00,934.05,18.96,76.11,51.66,120,0.00,0.00,0.00,1507101
2022/10/14 11:18:26,0.00,0.00,22.00,933.76,18.96,76.19,58.32,123,0.00,0.00,0.00,1567439
2022/10/14 11:19:26,0.00,0.00,22.00,934.05,18.96,76.28,59.32,123,0.00,0.00,0.00,1627751
2022/10/14 11:20:27,0.00,0.00,22.00,934.07,18.96,76.34,54.67,122,0.00,0.00,0.00,1688089
2022/10/14 11:21:27,0.00,0.00,22.00,934.16,18.96,76.41,69.88,127,0.00,0.00,0.00,1748404
2022/10/14 11:22:28,0.00,0.00,22.00,934.30,18.97,76.56,57.77,122,0.00,0.00,0.00,1808739
2022/10/14 11:23:28,0.00,0.00,22.00,933.94,18.97,76.76,49.08,119,0.00,0.00,0.00,1869056
2022/10/14 11:24:29,0.00,0.00,22.00,934.10,18.97,76.94,51.86,120,0.00,0.00,0.00,1929390
2022/10/14 11:25:29,0.00,0.00,22.00,933.80,18.98,77.08,60.18,124,0.00,0.00,0.00,1989704
2022/10/14 11:26:30,0.00,0.00,22.00,933.78,18.98,77.29,59.72,123,0.00,0.00,0.00,2050042
2022/10/14 11:27:30,0.00,0.00,22.00,933.71,18.98,77.44,63.76,125,0.00,0.00,0.00,2110354
2022/10/14 11:28:31,0.00,0.00,22.00,933.89,18.99,77.64,45.32,119,0.00,0.00,0.00,2170693
2022/10/14 11:29:31,0.00,0.00,22.00,934.10,18.99,77.77,49.00,120,0.00,0.00,0.00,2231007
2022/10/14 11:30:31,0.00,0.00,22.00,933.92,19.00,77.82,57.14,123,0.00,0.00,0.00,2291343
2022/10/14 11:31:32,0.00,0.00,22.00,933.98,19.00,77.88,56.73,123,0.00,0.00,0.00,2351659
2022/10/14 11:33:33,0.00,0.00,22.00,934.19,19.01,77.71,34.58,114,0.00,0.00,0.00,2472309
2022/10/14 11:34:33,0.00,0.00,22.00,934.16,19.01,77.73,65.94,128,0.00,0.00,0.00,2532647
2022/10/14 11:35:34,0.00,0.00,22.00,934.05,19.02,77.86,77.19,133,0.00,0.00,0.00,2592959
2022/10/14 11:36:34,0.00,0.00,22.00,933.76,19.02,77.85,56.01,125,0.00,0.00,0.00,2653297
2022/10/14 11:37:35,0.00,0.00,22.00,933.69,19.02,77.91,74.84,132,0.00,0.00,0.00,2713613
2022/10/14 11:38:35,0.00,0.00,22.00,933.76,19.03,77.87,46.35,121,0.00,0.00,0.00,2773948
2022/10/14 11:39:36,0.00,0.00,22.00,933.94,19.03,77.91,47.01,121,0.00,0.00,0.00,2834264
2022/10/14 11:40:36,0.00,0.00,22.00,933.89,19.03,78.03,53.03,123,0.00,0.00,0.00,2894599
2022/10/14 11:41:37,0.00,0.00,22.00,934.03,19.04,78.09,63.21,127,0.00,0.00,0.00,2954912
2022/10/14 11:42:37,0.00,0.00,22.00,933.94,19.04,78.11,63.54,128,0.00,0.00,0.00,3015250
2022/10/14 11:43:37,0.00,0.00,22.00,934.05,19.04,78.08,59.76,126,0.00,0.00,0.00,3075564
2022/10/14 11:44:38,0.00,0.00,22.00,934.05,19.05,78.23,52.53,123,0.00,0.00,0.00,3135900
2022/10/14 11:45:38,0.00,0.00,22.00,934.01,19.05,78.43,44.69,121,0.00,0.00,0.00,3196216
2022/10/14 11:46:39,0.00,0.00,22.00,933.62,19.05,78.54,74.27,133,0.00,0.00,0.00,3256551
2022/10/14 11:47:39,0.00,0.00,22.00,933.69,19.05,78.57,63.69,129,0.00,0.00,0.00,3316867
2022/10/14 11:48:40,0.00,0.00,22.00,933.89,19.06,78.59,22.93,111,0.00,0.00,0.00,3377204
2022/10/14 11:49:40,0.00,0.00,22.00,933.87,19.06,78.60,57.43,126,0.00,0.00,0.00,3437515
2022/10/14 11:50:41,0.00,0.00,22.00,934.07,19.06,78.66,57.84,126,0.00,0.00,0.00,3497853
2022/10/14 11:51:41,0.00,0.00,22.00,933.78,19.06,78.63,53.34,124,0.00,0.00,0.00,3558167
2022/10/14 11:53:23,0.00,0.00,22.00,933.62,19.07,78.74,59.67,127,0.00,0.00,0.00,60017
2022/10/14 11:54:24,0.00,0.00,22.00,933.94,19.07,78.73,43.82,121,0.00,0.00,0.00,120291
2022/10/14 11:55:24,0.00,0.00,22.00,933.94,19.07,78.72,60.74,128,0.00,0.00,0.00,180516
2022/10/14 11:56:24,0.00,0.00,21.96,933.78,19.08,78.95,60.05,127,0.00,0.00,0.00,240741
2022/10/14 11:57:25,0.00,0.00,21.70,934.05,19.08,78.96,21.21,111,0.00,0.00,0.00,300965
2022/10/14 11:58:25,0.00,0.00,21.89,934.07,19.08,78.87,50.92,124,0.00,0.00,0.00,361190
2022/10/14 11:59:26,0.00,0.00,21.70,933.83,19.08,78.82,69.68,132,0.00,0.00,0.00,421414
2022/10/14 12:0:26,0.00,0.00,21.23,933.96,19.08,78.90,53.86,126,0.00,0.00,0.00,481684
2022/10/14 12:1:26,0.00,0.00,21.04,934.25,19.08,78.92,52.84,127,0.00,0.00,0.00,541907
2022/10/14 12:2:27,0.00,0.00,21.00,934.07,19.08,78.96,79.33,136,0.00,0.00,0.00,602227
2022/10/14 12:3:27,0.00,0.00,21.19,934.23,19.08,78.97,60.57,129,0.00,0.00,0.00,662543
2022/10/14 12:4:28,0.00,0.00,21.45,933.71,19.09,79.04,54.02,127,0.00,0.00,0.00,722879
2022/10/14 12:5:28,0.00,0.00,21.26,933.64,19.09,78.96,30.75,121,0.00,0.00,0.00,783194
2022/10/14 12:6:29,0.00,0.00,21.19,933.85,19.09,78.96,58.61,128,0.00,0.00,0.00,843531
2022/10/14 12:7:29,0.00,0.00,21.15,933.94,19.09,78.94,68.91,131,0.00,0.00,0.00,903843
2022/10/14 12:8:30,0.00,0.00,21.00,933.98,19.09,78.94,51.77,125,0.00,0.00,0.00,964179
2022/10/14 12:9:30,0.00,0.00,21.00,934.07,19.09,79.03,58.84,129,0.00,0.00,0.00,1024495
2022/10/14 12:10:30,0.00,0.00,21.00,934.03,19.09,79.00,59.37,129,0.00,0.00,0.00,1084833
2022/10/14 12:11:31,0.00,0.00,21.00,934.05,19.09,78.87,98.03,143,0.00,0.00,0.00,1145147
2022/10/14 12:12:31,0.00,0.00,21.00,934.23,19.09,78.88,59.00,128,0.00,0.00,0.00,1205483
2022/10/14 12:13:32,0.00,0.00,21.00,933.98,19.09,78.86,71.19,134,0.00,0.00,0.00,1265798
2022/10/14 12:14:32,0.00,0.00,21.17,934.10,19.10,78.84,60.00,129,0.00,0.00,0.00,1326135
2022/10/14 12:15:33,0.00,0.00,21.81,933.67,19.10,78.85,69.24,132,0.00,0.00,0.00,1386449
2022/10/14 12:16:33,0.00,0.00,21.87,933.83,19.10,78.78,38.03,120,0.00,0.00,0.00,1446785
2022/10/14 12:17:34,0.00,0.00,21.53,933.96,19.10,78.71,93.38,142,0.00,0.00,0.00,1507099
2022/10/14 12:18:34,0.00,0.00,21.66,933.96,19.10,78.71,61.69,130,0.00,0.00,0.00,1567436
2022/10/14 12:19:35,0.00,0.00,21.66,933.94,19.10,78.74,69.24,132,0.00,0.00,0.00,1627750
2022/10/14 12:20:35,0.00,0.00,21.92,934.03,19.10,78.71,78.09,137,0.00,0.00,0.00,1688088
2022/10/14 12:21:36,0.00,0.00,21.62,933.92,19.10,78.74,69.40,132,0.00,0.00,0.00,1748401
2022/10/14 12:22:36,0.00,0.00,21.66,934.05,19.10,78.80,19.02,114,0.00,0.00,0.00,1808738
2022/10/14 12:23:36,0.00,0.00,21.40,934.16,19.10,78.79,62.63,129,0.00,0.00,0.00,1869052
2022/10/14 12:24:37,0.00,0.00,21.75,934.19,19.10,78.77,65.51,131,0.00,0.00,0.00,1929388
2022/10/14 12:25:37,0.00,0.00,21.98,933.64,19.10,78.80,48.84,125,0.00,0.00,0.00,1989703
2022/10/14 12:27:38,0.00,0.00,21.49,933.96,19.10,78.71,55.76,127,0.00,0.00,0.00,2110353
2022/10/14 12:28:39,0.00,0.00,21.42,933.87,19.10,78.70,60.90,130,0.00,0.00,0.00,2170691
2022/10/14 12:29:39,0.00,0.00,21.60,933.80,19.10,78.67,51.68,126,0.00,0.00,0.00,2231004
2022/10/14 12:30:40,0.00,0.00,21.30,934.01,19.10,78.66,55.52,128,0.00,0.00,0.00,2291341
2022/10/14 12:31:40,0.00,0.00,21.08,934.19,19.10,78.74,62.80,130,0.00,0.00,0.00,2351655
2022/10/14 12:32:41,0.00,0.00,21.04,934.25,19.10,78.68,47.86,125,0.00,0.00,0.00,2411992
2022/10/14 12:33:41,0.00,0.00,21.00,934.14,19.10,78.64,64.96,131,0.00,0.00,0.00,2472306
2022/10/14 12:34:42,0.00,0.00,21.19,933.92,19.10,78.67,48.89,126,0.00,0.00,0.00,2532641
2022/10/14 12:35:42,0.00,0.00,21.00,934.12,19.10,78.67,61.47,130,0.00,0.00,0.00,2592956
2022/10/14 12:36:43,0.00,0.00,21.00,933.83,19.10,78.65,49.69,126,0.00,0.00,0.00,2653294
2022/10/14 12:37:43,0.00,0.00,21.11,933.76,19.10,78.64,48.40,125,0.00,0.00,0.00,2713609
2022/10/14 12:38:43,0.00,0.00,21.11,933.92,19.10,78.65,53.98,128,0.00,0.00,0.00,2773943
2022/10/14 12:39:44,0.00,0.00,21.00,934.03,19.10,78.68,53.01,127,0.00,0.00,0.00,2834258
2022/10/14 12:40:44,0.00,0.00,21.00,934.07,19.10,78.68,61.62,130,0.00,0.00,0.00,2894595
2022/10/14 12:41:45,0.00,0.00,21.08,934.14,19.10,78.62,57.71,128,0.00,0.00,0.00,2954909
2022/10/14 12:42:45,0.00,0.00,21.00,934.12,19.10,78.60,53.87,127,0.00,0.00,0.00,3015247
2022/10/14 12:43:46,0.00,0.00,21.00,934.05,19.10,78.53,54.52,127,0.00,0.00,0.00,3075559
2022/10/14 12:44:46,0.00,0.00,21.00,934.19,19.10,78.52,59.94,130,0.00,0.00,0.00,3135897
2022/10/14 12:45:47,0.00,0.00,21.00,933.85,19.10,78.47,49.95,126,0.00,0.00,0.00,3196212
2022/10/14 12:46:47,0.00,0.00,21.00,933.64,19.10,78.38,48.78,125,0.00,0.00,0.00,3256547
2022/10/14 12:47:48,0.00,0.00,21.04,933.71,19.10,78.39,54.17,127,0.00,0.00,0.00,3316864
2022/10/14 12:48:48,0.00,0.00,21.00,933.85,19.09,78.40,55.79,128,0.00,0.00,0.00,3377197
2022/10/14 12:49:49,0.00,0.00,21.00,933.87,19.09,78.41,55.31,127,0.00,0.00,0.00,3437512
2022/10/14 12:50:49,0.00,0.00,21.00,934.01,19.09,78.39,47.77,124,0.00,0.00,0.00,3497849
2022/10/14 12:51:49,0.00,0.00,21.00,933.83,19.09,78.37,57.45,128,0.00,0.00,0.00,3558162
2022/10/14 12:53:32,0.00,0.00,21.00,933.74,19.09,78.35,54.18,128,0.00,0.00,0.00,60017
2022/10/14 12:54:32,0.00,0.00,21.00,933.55,19.09,78.32,56.84,127,0.00,0.00,0.00,120291
2022/10/14 12:55:32,0.00,0.00,21.00,933.78,19.09,78.29,51.05,126,0.00,0.00,0.00,180515
2022/10/14 12:56:33,0.00,0.00,21.00,933.78,19.09,78.28,49.87,125,0.00,0.00,0.00,240740
2022/10/14 12:57:33,0.00,0.00,21.00,933.83,19.09,78.27,50.02,125,0.00,0.00,0.00,300964
2022/10/14 12:58:33,0.00,0.00,21.00,933.80,19.09,78.27,54.76,127,0.00,0.00,0.00,361189
2022/10/14 12:59:34,0.00,0.00,21.00,933.73,19.09,78.19,51.92,126,0.00,0.00,0.00,421413
2022/10/14 13:0:34,0.00,0.00,21.00,933.80,19.09,78.18,30.86,120,0.00,0.00,0.00,481683
2022/10/14 13:1:35,0.00,0.00,21.00,933.85,19.08,78.20,68.41,132,0.00,0.00,0.00,541906
2022/10/14 13:2:35,0.00,0.00,21.00,933.87,19.08,78.22,43.27,123,0.00,0.00,0.00,602226
2022/10/14 13:3:35,0.00,0.00,21.00,933.74,19.08,78.17,46.52,124,0.00,0.00,0.00,662543
2022/10/14 13:4:36,0.00,0.00,21.00,933.49,19.08,78.16,79.79,137,0.00,0.00,0.00,722879
2022/10/14 13:5:36,0.00,0.00,21.00,933.42,19.08,78.16,44.17,123,0.00,0.00,0.00,783194
2022/10/14 13:6:37,0.00,0.00,21.00,933.46,19.08,78.08,61.75,129,0.00,0.00,0.00,843530
2022/10/14 13:7:37,0.00,0.00,21.00,933.42,19.08,78.07,57.01,128,0.00,0.00,0.00,903843
2022/10/14 13:8:38,0.00,0.00,21.00,933.60,19.08,78.06,45.91,123,0.00,0.00,0.00,964180
2022/10/14 13:9:38,0.00,0.00,21.00,933.44,19.08,78.07,54.24,126,0.00,0.00,0.00,1024495
2022/10/14 13:10:39,0.00,0.00,21.00,933.60,19.08,78.04,50.50,126,0.00,0.00,0.00,1084832
2022/10/14 13:11:39,0.00,0.00,21.00,933.67,19.07,78.01,52.80,126,0.00,0.00,0.00,1145147
2022/10/14 13:12:40,0.00,0.00,21.00,933.53,19.07,78.03,52.42,126,0.00,0.00,0.00,1205482
2022/10/14 13:13:40,0.00,0.00,21.00,933.71,19.07,78.03,52.10,125,0.00,0.00,0.00,1265798
2022/10/14 13:14:41,0.00,0.00,21.00,933.78,19.07,77.97,65.90,131,0.00,0.00,0.00,1326135
2022/10/14 13:15:41,0.00,0.00,21.00,933.49,19.07,77.93,51.73,125,0.00,0.00,0.00,1386449
2022/10/14 13:16:41,0.00,0.00,21.00,933.64,19.07,77.88,54.76,127,0.00,0.00,0.00,1446785
2022/10/14 13:17:42,0.00,0.00,21.00,933.69,19.07,77.84,64.98,130,0.00,0.00,0.00,1507099
2022/10/14 13:18:42,0.00,0.00,21.00,933.69,19.07,77.82,48.36,124,0.00,0.00,0.00,1567435
2022/10/14 13:19:43,0.00,0.00,21.00,933.76,19.06,77.82,54.48,126,0.00,0.00,0.00,1627750
2022/10/14 13:20:43,0.00,0.00,21.00,933.69,19.06,77.81,54.43,126,0.00,0.00,0.00,1688088
2022/10/14 13:21:44,0.00,0.00,21.00,933.60,19.06,77.80,50.44,123,0.02,0.00,0.00,1748401
2022/10/14 13:22:44,0.00,0.00,21.00,933.55,19.06,77.81,59.33,127,0.00,0.00,0.00,1808737
2022/10/14 13:23:45,0.00,0.00,21.00,933.55,19.06,77.81,66.66,129,0.00,0.00,0.00,1869052
2022/10/14 13:24:45,0.00,0.00,21.00,933.64,19.06,77.76,61.23,127,0.00,0.00,0.00,1929388
2022/10/14 13:25:46,0.00,0.00,21.00,933.40,19.06,77.74,54.30,124,0.00,0.00,0.00,1989703
2022/10/14 13:26:46,0.00,0.00,21.00,933.53,19.06,77.71,67.67,129,0.00,0.00,0.00,2050039
2022/10/14 13:27:47,0.00,0.00,21.00,933.60,19.06,77.66,60.72,127,0.00,0.00,0.00,2110353
2022/10/14 13:28:47,0.00,0.00,21.00,933.64,19.06,77.66,52.56,123,0.00,0.00,0.00,2170691
2022/10/14 13:29:47,0.00,0.00,21.04,933.55,19.06,77.65,59.87,126,0.00,0.00,0.00,2231004
2022/10/14 13:30:48,0.00,0.00,21.00,933.60,19.06,77.62,62.14,127,0.00,0.00,0.00,2291341
2022/10/14 13:31:48,0.00,0.00,21.00,933.78,19.06,77.57,53.47,124,0.00,0.00,0.00,2351655
2022/10/14 13:32:49,0.00,0.00,21.00,933.62,19.05,77.51,63.48,128,0.00,0.00,0.00,2411992
2022/10/14 13:33:49,0.00,0.00,21.00,933.69,19.06,77.50,60.51,126,0.00,0.00,0.00,2472306
2022/10/14 13:34:50,0.00,0.00,21.00,933.46,19.05,77.50,59.11,126,0.00,0.00,0.00,2532642
2022/10/14 13:35:50,0.00,0.00,21.00,933.85,19.05,77.48,60.20,127,0.00,0.00,0.00,2592956
2022/10/14 13:36:51,0.00,0.00,21.00,933.06,19.05,77.47,60.72,127,0.00,0.00,0.00,2653294
2022/10/14 13:37:51,0.00,0.00,21.00,933.22,19.05,77.47,68.37,129,0.00,0.00,0.00,2713609
2022/10/14 13:38:52,0.00,0.00,21.00,933.37,19.05,77.50,56.09,125,0.00,0.00,0.00,2773944
2022/10/14 13:39:52,0.00,0.00,21.00,933.46,19.05,77.43,56.62,125,0.00,0.00,0.00,2834258
2022/10/14 13:40:53,0.00,0.00,21.00,933.44,19.05,77.44,66.42,128,0.00,0.00,0.00,2894595
2022/10/14 13:41:53,0.00,0.00,21.04,933.31,19.05,77.43,53.27,124,0.00,0.00,0.00,2954909
2022/10/14 13:42:54,0.00,0.00,21.00,933.28,19.05,77.39,65.11,128,0.00,0.00,0.00,3015247
2022/10/14 13:43:54,0.00,0.00,21.00,933.31,19.05,77.39,73.33,131,0.00,0.00,0.00,3075559
2022/10/14 13:44:54,0.00,0.00,21.00,933.46,19.04,77.37,37.00,118,0.00,0.00,0.00,3135897
2022/10/14 13:45:55,0.00,0.00,21.00,933.51,19.04,77.39,53.75,124,0.00,0.00,0.00,3196212
2022/10/14 13:46:55,0.00,0.00,21.00,932.90,19.04,77.33,76.14,133,0.00,0.00,0.00,3256547
2022/10/14 13:47:56,0.00,0.00,21.00,932.86,19.04,77.26,73.41,129,0.00,0.00,0.00,3316864
2022/10/14 13:48:56,0.00,0.00,21.00,933.06,19.04,77.26,62.95,127,0.00,0.00,0.00,3377198
2022/10/14 13:49:57,0.00,0.00,21.00,933.26,19.04,77.25,56.07,124,0.00,0.00,0.00,3437512
2022/10/14 13:50:57,0.00,0.00,21.00,933.10,19.04,77.24,53.49,123,0.00,0.00,0.00,3497850
2022/10/14 13:51:58,0.00,0.00,21.00,933.42,19.04,77.26,67.45,129,0.00,0.00,0.00,3558162
2022/10/14 13:53:40,0.00,0.00,21.00,932.70,19.04,77.23,62.84,127,0.00,0.00,0.00,60017
2022/10/14 13:54:40,0.00,0.00,21.00,932.99,19.04,77.22,66.16,128,0.00,0.00,0.00,120291
2022/10/14 13:55:41,0.00,0.00,21.00,933.22,19.03,77.19,27.09,112,0.00,0.00,0.00,180515
2022/10/14 13:56:41,0.00,0.00,21.00,933.06,19.03,77.19,60.75,125,0.00,0.00,0.00,240740
2022/10/14 13:57:41,0.00,0.00,21.00,933.17,19.03,77.16,83.18,135,0.00,0.00,0.00,300964
2022/10/14 13:58:42,0.00,0.00,21.00,933.20,19.03,77.17,77.91,132,0.00,0.00,0.00,361189
2022/10/14 13:59:42,0.00,0.00,21.00,933.01,19.03,77.13,52.36,122,0.00,0.00,0.00,421413
2022/10/14 14:0:42,0.00,0.00,21.00,933.01,19.03,77.15,127.59,148,0.00,0.00,0.00,481684
2022/10/14 14:1:43,0.00,0.00,21.00,933.15,19.03,77.14,125.07,150,0.00,0.00,0.00,541908
2022/10/14 14:2:43,0.00,0.00,21.00,933.08,19.03,77.09,17.95,106,0.00,0.00,0.00,602226
2022/10/14 14:3:44,0.00,0.00,21.00,933.33,19.03,77.07,137.77,154,0.00,0.00,0.00,662543
2022/10/14 14:4:44,0.00,0.00,21.00,932.63,19.03,77.03,88.92,137,0.00,0.00,0.00,722875
2022/10/14 14:5:45,0.00,0.00,21.00,933.01,19.03,77.03,14.35,111,0.00,0.00,0.00,783192
2022/10/14 14:6:45,0.00,0.00,21.00,932.86,19.02,77.03,72.13,130,0.00,0.00,0.00,843528
2022/10/14 14:7:46,0.00,0.00,21.00,933.08,19.02,76.99,47.18,120,0.00,0.00,0.00,903842
2022/10/14 14:8:46,0.00,0.00,21.00,932.90,19.02,76.99,68.87,128,0.00,0.00,0.00,964178
2022/10/14 14:9:46,0.00,0.00,21.00,933.01,19.02,76.95,78.04,132,0.00,0.00,0.00,1024492
2022/10/14 14:10:47,0.00,0.00,21.00,933.01,19.02,76.92,62.73,126,0.00,0.00,0.00,1084829
2022/10/14 14:11:47,0.00,0.00,21.00,933.04,19.02,76.92,61.45,126,0.00,0.00,0.00,1145146
2022/10/14 14:12:48,0.00,0.00,21.00,932.86,19.02,76.96,53.14,122,0.00,0.00,0.00,1205482
2022/10/14 14:13:48,0.00,0.00,21.00,933.17,19.02,76.94,57.12,124,0.00,0.00,0.00,1265796
2022/10/14 14:14:49,0.00,0.00,21.00,933.01,19.02,76.92,79.22,133,0.00,0.00,0.00,1326133
2022/10/14 14:15:49,0.00,0.00,21.00,932.50,19.02,76.86,67.71,128,0.00,0.00,0.00,1386446
2022/10/14 14:16:50,0.00,0.00,21.00,932.74,19.02,76.84,51.72,121,0.00,0.00,0.00,1446782
2022/10/14 14:17:50,0.00,0.00,21.00,932.79,19.02,76.83,48.27,120,0.00,0.00,0.00,1507098
2022/10/14 14:18:51,0.00,0.00,21.00,932.86,19.02,76.82,67.71,128,0.00,0.00,0.00,1567433
2022/10/14 14:19:51,0.00,0.00,21.00,932.95,19.02,76.80,49.63,121,0.00,0.00,0.00,1627750
2022/10/14 14:20:52,0.00,0.00,21.00,933.13,19.02,76.76,89.27,136,0.00,0.00,0.00,1688088
2022/10/14 14:21:52,0.00,0.00,21.00,932.97,19.02,76.80,68.39,128,0.00,0.00,0.00,1748401
2022/10/14 14:22:53,0.00,0.00,21.00,933.19,19.02,76.76,49.50,120,0.00,0.00,0.00,1808738
2022/10/14 14:23:53,0.00,0.00,21.00,932.88,19.02,76.69,81.89,133,0.00,0.00,0.00,1869052
2022/10/14 14:24:53,0.00,0.00,21.00,932.81,19.01,76.65,41.76,117,0.00,0.00,0.00,1929388
2022/10/14 14:25:54,0.00,0.00,21.00,932.50,19.01,76.67,55.29,122,0.00,0.00,0.00,1989703
2022/10/14 14:26:54,0.00,0.00,21.00,932.63,19.01,76.62,63.65,125,0.00,0.00,0.00,2050039
2022/10/14 14:27:55,0.00,0.00,21.00,932.68,19.01,76.63,48.80,120,0.00,0.00,0.00,2110353
2022/10/14 14:28:55,0.00,0.00,21.00,932.70,19.01,76.68,62.38,125,0.00,0.00,0.00,2170690
2022/10/14 14:29:56,0.00,0.00,21.00,932.77,19.01,76.63,65.12,127,0.00,0.00,0.00,2231004
2022/10/14 14:30:56,0.00,0.00,21.00,932.79,19.01,76.62,64.22,126,0.00,0.00,0.00,2291341
2022/10/14 14:31:57,0.00,0.00,21.00,932.86,19.01,76.57,56.77,123,0.00,0.00,0.00,2351655
2022/10/14 14:32:57,0.00,0.00,21.00,932.72,19.01,76.56,71.14,129,0.00,0.00,0.00,2411992
2022/10/14 14:33:58,0.00,0.00,21.00,932.86,19.01,76.54,57.75,123,0.00,0.00,0.00,2472306
2022/10/14 14:34:58,0.00,0.00,21.00,932.74,19.01,76.54,70.25,128,0.00,0.00,0.00,2532642
2022/10/14 14:35:59,0.00,0.00,21.00,932.81,19.01,76.62,54.59,122,0.00,0.00,0.00,2592956
2022/10/14 14:36:59,0.00,0.00,21.00,932.52,19.01,76.60,60.13,124,0.00,0.00,0.00,2653293
2022/10/14 14:37:59,0.00,0.00,21.00,932.38,19.01,76.52,75.32,130,0.00,0.00,0.00,2713609
2022/10/14 14:39:0,0.00,0.00,21.00,932.56,19.01,76.52,62.78,125,0.00,0.00,0.00,2773943
2022/10/14 14:40:0,0.00,0.00,21.00,932.68,19.01,76.51,48.06,120,0.00,0.00,0.00,2834257
2022/10/14 14:41:1,0.00,0.00,21.00,932.72,19.01,76.45,68.78,127,0.00,0.00,0.00,2894594
2022/10/14 14:42:1,0.00,0.00,21.04,932.79,19.01,76.45,47.22,119,0.00,0.00,0.00,2954908
2022/10/14 14:43:2,0.00,0.00,21.00,932.65,19.01,76.46,55.57,123,0.00,0.00,0.00,3015245
2022/10/14 14:44:2,0.00,0.00,21.00,932.68,19.01,76.41,66.40,126,0.00,0.00,0.00,3075559
2022/10/14 14:45:3,0.00,0.00,21.00,932.68,19.01,76.43,59.13,124,0.00,0.00,0.00,3135896
2022/10/14 14:46:3,0.00,0.00,21.00,932.88,19.01,76.42,60.11,124,0.00,0.00,0.00,3196211
2022/10/14 14:47:4,0.00,0.00,21.11,932.41,19.01,76.38,66.56,126,0.00,0.00,0.00,3256546
2022/10/14 14:48:4,0.00,0.00,21.45,932.59,19.01,76.38,51.79,120,0.00,0.00,0.00,3316862
2022/10/14 14:49:5,0.00,0.00,21.08,932.63,19.01,76.37,72.72,129,0.00,0.00,0.00,3377196
2022/10/14 14:50:5,0.00,0.00,21.00,932.59,19.01,76.33,58.12,122,0.00,0.00,0.00,3437511
2022/10/14 14:51:5,0.00,0.00,21.00,932.50,19.01,76.32,66.43,126,0.00,0.00,0.00,3497849
2022/10/14 14:52:6,0.00,0.00,21.00,932.61,19.01,76.31,69.99,127,0.00,0.00,0.00,3558161
2022/10/14 14:53:48,0.00,0.00,21.00,932.43,19.01,76.28,73.99,130,0.00,0.00,0.00,60017
2022/10/14 14:54:48,0.00,0.00,21.00,932.52,19.01,76.22,80.89,131,0.00,0.00,0.00,120292
2022/10/14 14:55:49,0.00,0.00,21.00,932.54,19.01,76.23,65.99,126,0.00,0.00,0.00,180517
2022/10/14 14:56:49,0.00,0.00,21.00,932.43,19.01,76.22,72.58,128,0.00,0.00,0.00,240742
2022/10/14 14:57:50,0.00,0.00,21.00,932.61,19.01,76.20,60.85,124,0.00,0.00,0.00,300968
2022/10/14 14:58:50,0.00,0.00,21.00,932.68,19.01,76.15,67.52,127,0.00,0.00,0.00,361193
2022/10/14 14:59:50,0.00,0.00,21.00,932.83,19.01,76.18,71.88,128,0.00,0.00,0.00,421419
2022/10/14 15:0:51,0.00,0.00,21.00,932.61,19.01,76.15,69.16,127,0.00,0.00,0.00,481691
2022/10/14 15:1:51,0.00,0.00,21.00,932.77,19.01,76.15,31.00,111,0.00,0.00,0.00,541916
2022/10/14 15:2:51,0.00,0.00,21.00,932.86,19.00,76.16,70.60,127,0.00,0.00,0.00,602230
2022/10/14 15:3:52,0.00,0.00,21.00,932.41,19.00,76.02,70.18,127,0.00,0.00,0.00,662544
2022/10/14 15:4:52,0.00,0.00,21.00,932.41,19.00,75.99,57.89,122,0.00,0.00,0.00,722881
2022/10/14 15:5:53,0.00,0.00,21.00,932.43,19.00,75.97,76.98,129,0.00,0.00,0.00,783195
2022/10/14 15:6:53,0.00,0.00,21.00,932.50,19.00,75.97,59.61,123,0.00,0.00,0.00,843531
2022/10/14 15:7:54,0.00,0.00,21.00,932.43,19.00,75.92,54.37,120,0.00,0.00,0.00,903846
2022/10/14 15:8:54,0.00,0.00,21.00,932.54,19.00,75.91,82.66,132,0.00,0.00,0.00,964182
2022/10/14 15:9:55,0.00,0.00,21.00,932.47,19.00,75.94,70.79,127,0.00,0.00,0.00,1024497
2022/10/14 15:10:55,0.00,0.00,21.00,932.61,19.00,75.94,61.47,125,0.00,0.00,0.00,1084834
2022/10/14 15:11:56,0.00,0.00,21.00,932.50,19.00,75.94,54.06,121,0.00,0.00,0.00,1145148
2022/10/14 15:12:56,0.00,0.00,21.00,932.59,19.00,75.93,69.11,126,0.00,0.00,0.00,1205486
2022/10/14 15:13:57,0.00,0.00,21.00,932.54,19.00,75.89,53.08,120,0.00,0.00,0.00,1265801
2022/10/14 15:14:57,0.00,0.00,21.00,932.56,19.00,75.88,56.90,121,0.00,0.00,0.00,1326136
2022/10/14 15:15:57,0.00,0.00,21.00,932.47,19.00,75.85,72.96,128,0.00,0.00,0.00,1386450
2022/10/14 15:16:58,0.00,0.00,21.00,932.43,19.00,75.85,48.40,118,0.00,0.00,0.00,1446790
2022/10/14 15:17:58,0.00,0.00,21.00,932.43,19.00,75.84,51.20,119,0.00,0.00,0.00,1507102
2022/10/14 15:18:59,0.00,0.00,21.17,932.54,19.00,75.87,63.93,124,0.00,0.00,0.00,1567440
2022/10/14 15:19:59,0.00,0.00,21.09,932.41,19.00,75.84,66.10,124,0.00,0.00,0.00,1627753
2022/10/14 15:21:0,0.00,0.00,21.04,932.50,19.00,75.78,65.00,124,0.00,0.00,0.00,1688089
2022/10/14 15:22:0,0.00,0.00,21.08,932.41,19.00,75.75,55.61,120,0.00,0.00,0.00,1748406
2022/10/14 15:23:1,0.00,0.00,21.13,932.52,19.00,75.72,70.77,127,0.00,0.00,0.00,1808740
2022/10/14 15:24:1,0.00,0.00,21.40,932.65,19.00,75.70,55.44,120,0.00,0.00,0.00,1869056
2022/10/14 15:25:2,0.00,0.00,21.26,932.50,19.00,75.71,73.90,128,0.00,0.00,0.00,1929395
2022/10/14 15:26:2,0.00,0.00,21.19,932.27,19.00,75.72,61.77,123,0.00,0.00,0.00,1989706
2022/10/14 15:27:3,0.00,0.00,21.43,932.09,19.00,75.64,68.68,125,0.00,0.00,0.00,2050043
2022/10/14 15:28:3,0.00,0.00,21.28,932.47,19.00,75.67,63.11,123,0.00,0.00,0.00,2110358
2022/10/14 15:29:4,0.00,0.00,21.08,932.47,19.00,75.72,62.99,123,0.00,0.00,0.00,2170694
2022/10/14 15:30:4,0.00,0.00,21.04,932.45,19.00,75.69,74.31,127,0.00,0.00,0.00,2231011
2022/10/14 15:31:4,0.00,0.00,21.04,932.50,19.00,75.62,70.44,125,0.00,0.00,0.00,2291344
2022/10/14 15:32:5,0.00,0.00,21.00,932.52,19.00,75.57,52.56,119,0.00,0.00,0.00,2351661
2022/10/14 15:33:5,0.00,0.00,21.00,932.54,19.00,75.59,81.19,130,0.00,0.00,0.00,2411997
2022/10/14 15:34:6,0.00,0.00,21.00,932.45,19.00,75.62,61.01,122,0.00,0.00,0.00,2472309
2022/10/14 15:35:6,0.00,0.00,21.00,932.59,19.00,75.63,72.96,128,0.00,0.00,0.00,2532648
2022/10/14 15:36:7,0.00,0.00,21.08,932.45,19.00,75.61,53.98,120,0.00,0.00,0.00,2592961
2022/10/14 15:37:7,0.00,0.00,21.04,932.16,19.00,75.55,56.57,122,0.00,0.00,0.00,2653298
2022/10/14 15:38:8,0.00,0.00,21.04,932.41,19.00,75.57,48.62,117,0.00,0.00,0.00,2713614
2022/10/14 15:39:8,0.00,0.00,21.11,932.41,19.00,75.59,55.20,120,0.00,0.00,0.00,2773948
2022/10/14 15:40:9,0.00,0.00,21.19,932.36,19.00,75.60,83.83,132,0.00,0.00,0.00,2834264
2022/10/14 15:41:9,0.00,0.00,21.34,932.27,19.00,75.59,49.45,118,0.00,0.00,0.00,2894600
2022/10/14 15:42:10,0.00,0.00,21.19,932.18,19.00,75.58,68.30,126,0.00,0.00,0.00,2954915
2022/10/14 15:43:10,0.00,0.00,21.38,932.45,19.00,75.62,49.00,118,0.00,0.00,0.00,3015252
2022/10/14 15:44:10,0.00,0.00,21.11,932.45,19.00,75.56,68.24,125,0.00,0.00,0.00,3075565
2022/10/14 15:45:11,0.00,0.00,21.34,932.43,19.00,75.59,50.96,118,0.00,0.00,0.00,3135902
2022/10/14 15:46:11,0.00,0.00,21.68,932.45,19.00,75.58,71.40,127,0.00,0.00,0.00,3196218
2022/10/14 15:47:12,0.00,0.00,21.57,932.16,19.00,75.57,70.58,126,0.00,0.00,0.00,3256553
2022/10/14 15:48:12,0.00,0.00,21.64,932.18,19.00,75.58,63.56,123,0.00,0.00,0.00,3316868
2022/10/14 15:49:13,0.00,0.00,21.75,932.34,19.00,75.57,67.63,125,0.00,0.00,0.00,3377205
2022/10/14 15:50:13,0.00,0.00,21.60,932.45,19.00,75.56,53.56,119,0.00,0.00,0.00,3437518
2022/10/14 15:51:14,0.00,0.00,21.30,932.14,19.00,75.53,73.57,127,0.00,0.00,0.00,3497856
2022/10/14 15:52:14,0.00,0.00,21.30,932.25,19.00,75.54,57.43,121,0.00,0.00,0.00,3558170
2022/10/14 15:53:56,0.00,0.00,21.00,932.06,19.00,75.49,69.44,125,0.00,0.00,0.00,60017
2022/10/14 15:54:57,0.00,0.00,21.00,931.91,19.00,75.46,69.88,126,0.00,0.00,0.00,120291
2022/10/14 15:55:57,0.00,0.00,21.00,932.18,19.00,75.39,62.43,122,0.00,0.00,0.00,180515
2022/10/14 15:56:57,0.00,0.00,21.00,932.09,19.00,75.40,54.11,119,0.00,0.00,0.00,240740
2022/10/14 15:57:58,0.00,0.00,21.00,932.20,19.00,75.40,91.08,132,0.00,0.00,0.00,300964
2022/10/14 15:58:58,0.00,0.00,21.00,932.23,19.00,75.39,47.40,116,0.00,0.00,0.00,361189
2022/10/14 15:59:58,0.00,0.00,21.00,932.16,19.00,75.36,81.54,130,0.00,0.00,0.00,421413
2022/10/14 16:0:59,0.00,0.00,21.00,932.11,19.00,75.35,62.30,122,0.00,0.00,0.00,481684
2022/10/14 16:1:59,0.00,0.00,21.00,932.52,19.00,75.37,67.95,125,0.00,0.00,0.00,541908
2022/10/14 16:3:0,0.00,0.00,21.00,932.43,19.00,75.40,-7.75,93,0.00,0.00,0.00,602223
2022/10/14 16:4:0,0.00,0.00,21.00,932.34,19.00,75.37,-5.96,95,0.00,0.00,0.00,662540
2022/10/14 16:5:1,0.00,0.00,21.00,931.69,19.00,75.31,82.54,131,0.00,0.00,0.00,722874
2022/10/14 16:6:1,0.00,0.00,21.00,931.98,19.00,75.31,51.51,118,0.00,0.00,0.00,783191
2022/10/14 16:7:2,0.00,0.00,21.00,932.07,19.00,75.30,91.76,134,0.00,0.00,0.00,843527
2022/10/14 16:8:2,0.00,0.00,21.00,931.98,18.99,75.23,88.40,133,0.00,0.00,0.00,903841
2022/10/14 16:9:2,0.00,0.00,21.00,932.05,18.99,75.19,29.95,110,0.00,0.00,0.00,964178
2022/10/14 16:10:3,0.00,0.00,21.00,932.02,18.99,75.24,81.47,129,0.00,0.00,0.00,1024492
2022/10/14 16:11:3,0.00,0.00,21.00,931.87,18.99,75.26,64.22,123,0.00,0.00,0.00,1084829
2022/10/14 16:13:4,0.00,0.00,21.00,932.20,18.99,75.20,49.17,117,0.00,0.00,0.00,1205482
2022/10/14 16:14:5,0.00,0.00,21.00,932.29,18.99,75.15,53.21,119,0.00,0.00,0.00,1265797
2022/10/14 16:15:5,0.00,0.00,21.00,932.38,18.99,75.17,76.39,128,0.00,0.00,0.00,1326133
2022/10/14 16:16:6,0.00,0.00,21.00,931.66,18.99,75.16,62.12,122,0.00,0.00,0.00,1386448
2022/10/14 16:17:6,0.00,0.00,21.00,931.80,18.99,75.13,62.89,122,0.00,0.00,0.00,1446782
2022/10/14 16:18:7,0.00,0.00,21.26,931.87,18.99,75.10,63.76,122,0.00,0.00,0.00,1507098
2022/10/14 16:19:7,0.00,0.00,21.49,931.73,18.99,75.07,64.20,122,0.00,0.00,0.00,1567434
2022/10/14 16:20:8,0.00,0.00,21.60,931.80,18.99,75.05,63.72,122,0.00,0.00,0.00,1627749
2022/10/14 16:21:8,0.00,0.00,21.34,932.02,18.99,75.02,46.22,115,0.00,0.00,0.00,1688086
2022/10/14 16:22:9,0.00,0.00,21.04,932.07,18.99,75.02,67.71,124,0.00,0.00,0.00,1748400
2022/10/14 16:23:9,0.00,0.00,21.04,932.16,18.99,75.02,73.13,126,0.00,0.00,0.00,1808737
2022/10/14 16:24:9,0.00,0.00,21.30,932.34,18.99,74.99,57.75,120,0.00,0.00,0.00,1869051
2022/10/14 16:25:10,0.00,0.00,21.62,932.16,18.99,74.93,60.77,121,0.00,0.00,0.00,1929388
2022/10/14 16:26:10,0.00,0.00,21.43,931.69,18.99,74.94,69.77,124,0.00,0.00,0.00,1989703
2022/10/14 16:27:11,0.00,0.00,21.75,931.55,18.99,75.01,66.03,123,0.00,0.00,0.00,2050039
2022/10/14 16:28:11,0.00,0.00,21.68,932.00,18.99,75.01,64.98,123,0.00,0.00,0.00,2110353
2022/10/14 16:29:12,0.00,0.00,21.42,931.98,18.99,75.00,63.80,122,0.00,0.00,0.00,2170691
2022/10/14 16:30:12,0.00,0.00,21.49,931.89,18.99,74.97,62.04,121,0.00,0.00,0.00,2231004
2022/10/14 16:31:13,0.00,0.00,21.09,931.93,18.99,74.96,55.88,119,0.00,0.00,0.00,2291341
2022/10/14 16:32:13,0.00,0.00,21.32,932.02,18.99,74.92,67.93,124,0.00,0.00,0.00,2351655
2022/10/14 16:33:14,0.00,0.00,21.21,932.05,18.99,74.91,59.22,120,0.00,0.00,0.00,2411992
2022/10/14 16:34:14,0.00,0.00,21.36,932.36,18.99,74.92,67.34,123,0.00,0.00,0.00,2472306
2022/10/14 16:35:15,0.00,0.00,21.08,932.38,18.99,74.94,63.70,122,0.00,0.00,0.00,2532641
2022/10/14 16:36:15,0.00,0.00,21.15,932.41,18.99,74.94,53.15,117,0.00,0.00,0.00,2592956
2022/10/14 16:37:15,0.00,0.00,21.15,931.64,18.99,74.93,48.67,116,0.00,0.00,0.00,2653294
2022/10/14 16:38:16,0.00,0.00,21.45,931.78,18.99,74.90,112.53,142,0.00,0.00,0.00,2713610
2022/10/14 16:39:16,0.00,0.00,21.60,931.93,18.99,74.87,44.73,115,0.00,0.00,0.00,2773944
2022/10/14 16:40:17,0.00,0.00,21.30,932.25,18.99,74.87,60.09,121,0.00,0.00,0.00,2834258
2022/10/14 16:41:17,0.00,0.00,21.51,932.02,18.99,74.88,74.16,126,0.00,0.00,0.00,2894595
2022/10/14 16:42:18,0.00,0.00,21.06,932.14,18.99,74.86,97.46,135,0.00,0.00,0.00,2954909
2022/10/14 16:43:18,0.00,0.00,21.00,932.16,18.99,74.84,88.14,131,0.00,0.00,0.00,3015247
2022/10/14 16:44:19,0.00,0.00,21.08,932.34,18.99,74.83,54.15,118,0.00,0.00,0.00,3075559
2022/10/14 16:45:19,0.00,0.00,21.09,932.36,18.99,74.83,55.57,119,0.00,0.00,0.00,3135897
2022/10/14 16:46:20,0.00,0.00,21.85,932.23,18.99,74.84,75.99,126,0.00,0.00,0.00,3196212
2022/10/14 16:47:20,0.00,0.00,21.77,931.69,18.99,74.84,53.93,118,0.00,0.00,0.00,3256547
2022/10/14 16:48:21,0.00,0.00,22.00,932.00,18.99,74.81,91.08,133,0.00,0.00,0.00,3316864
2022/10/14 16:49:21,0.00,0.00,21.51,932.23,18.99,74.78,52.90,117,0.00,0.00,0.00,3377198
2022/10/14 16:50:21,0.00,0.00,21.28,932.27,18.99,74.79,64.17,122,0.00,0.00,0.00,3437512
2022/10/14 16:51:22,0.00,0.00,21.15,932.32,18.99,74.80,73.26,126,0.00,0.00,0.00,3497850
2022/10/14 16:52:22,0.00,0.00,21.15,932.32,18.99,74.80,67.50,123,0.00,0.00,0.00,3558162
2022/10/14 16:54:4,0.00,0.00,21.00,932.38,18.99,74.73,47.47,115,0.00,0.00,0.00,60016
2022/10/14 16:55:5,0.00,0.00,21.00,932.61,18.99,74.71,61.29,121,0.00,0.00,0.00,120291
2022/10/14 16:56:5,0.00,0.00,21.00,932.41,18.99,74.71,107.60,137,0.00,0.00,0.00,180517
2022/10/14 16:57:6,0.00,0.00,21.00,932.16,18.99,74.69,60.00,120,0.00,0.00,0.00,240742
2022/10/14 16:58:6,0.00,0.00,21.00,932.34,18.99,74.67,70.12,124,0.00,0.00,0.00,300967
2022/10/14 16:59:6,0.00,0.00,21.00,932.50,18.99,74.68,72.10,124,0.00,0.00,0.00,361193
2022/10/14 17:0:7,0.00,0.00,21.00,932.43,18.99,74.68,24.71,105,0.00,0.00,0.00,421416
2022/10/14 17:1:7,0.00,0.00,21.00,932.25,18.99,74.68,56.71,119,0.00,0.00,0.00,481686
2022/10/14 17:2:7,0.00,0.00,21.00,932.43,18.99,74.67,55.18,118,0.00,0.00,0.00,541908
2022/10/14 17:3:8,0.00,0.00,21.00,932.52,18.99,74.68,70.81,124,0.00,0.00,0.00,602226
2022/10/14 17:4:8,0.00,0.00,21.00,932.38,18.99,74.68,88.62,129,0.00,0.00,0.00,662542
2022/10/14 17:5:9,0.00,0.00,21.00,932.41,18.99,74.67,-0.89,99,0.00,0.00,0.00,722876
2022/10/14 17:6:9,0.00,0.00,21.00,932.27,18.99,74.67,20.01,101,0.00,0.00,0.00,783193
2022/10/14 17:7:10,0.00,0.00,21.00,932.36,18.99,74.66,-9.50,93,0.00,0.00,0.00,843529
2022/10/14 17:8:10,0.00,0.00,21.00,932.27,18.99,74.65,124.61,146,0.00,0.00,0.00,903844
2022/10/14 17:9:11,0.00,0.00,21.00,932.38,18.99,74.56,29.21,106,0.00,0.00,0.00,964180
2022/10/14 17:10:11,0.00,0.00,21.00,932.38,18.99,74.60,95.30,132,0.00,0.00,0.00,1024496
2022/10/14 17:11:12,0.00,0.00,21.00,932.47,18.99,74.61,-9.46,90,0.00,0.00,0.00,1084831
2022/10/14 17:12:12,0.00,0.00,21.00,932.29,18.99,74.62,80.60,129,0.00,0.00,0.00,1145148
2022/10/14 17:13:13,0.00,0.00,21.00,932.50,18.99,74.57,22.39,106,0.00,0.00,0.00,1205485
2022/10/14 17:14:13,0.00,0.00,21.00,932.45,18.99,74.57,40.83,111,0.00,0.00,0.00,1265801
2022/10/14 17:15:14,0.00,0.00,21.13,932.16,18.99,74.57,62.75,121,0.00,0.00,0.00,1326136
2022/10/14 17:16:14,0.00,0.00,21.32,932.36,18.99,74.53,56.00,117,0.00,0.00,0.00,1386450
2022/10/14 17:17:14,0.00,0.00,21.04,932.38,18.99,74.53,101.11,135,0.00,0.00,0.00,1446788
2022/10/14 17:18:15,0.00,0.00,21.38,932.50,19.00,74.50,57.53,118,0.00,0.00,0.00,1507101
2022/10/14 17:19:15,0.00,0.00,21.62,932.59,19.00,74.54,54.72,117,0.00,0.00,0.00,1567439
2022/10/14 17:20:16,0.00,0.00,21.40,932.52,18.99,74.52,68.96,123,0.00,0.00,0.00,1627751
2022/10/14 17:21:16,0.00,0.00,21.30,932.36,18.99,74.52,55.61,118,0.00,0.00,0.00,1688089
2022/10/14 17:22:17,0.00,0.00,21.15,932.45,19.00,74.46,67.15,122,0.00,0.00,0.00,1748404
2022/10/14 17:23:17,0.00,0.00,21.34,932.43,19.00,74.47,74.37,126,0.00,0.00,0.00,1808739
2022/10/14 17:24:18,0.00,0.00,21.49,932.81,19.00,74.46,63.43,121,0.00,0.00,0.00,1869056
2022/10/14 17:25:18,0.00,0.00,21.64,932.70,19.00,74.43,74.42,125,0.00,0.00,0.00,1929390
2022/10/14 17:26:19,0.00,0.00,21.45,932.25,19.00,74.44,55.79,117,0.00,0.00,0.00,1989704
2022/10/14 17:27:19,0.00,0.00,21.92,932.50,19.00,74.44,71.51,124,0.00,0.00,0.00,2050042
2022/10/14 17:28:20,0.00,0.00,21.96,932.52,19.00,74.44,55.79,117,0.00,0.00,0.00,2110354
2022/10/14 17:29:20,0.00,0.00,21.74,932.41,19.00,74.43,66.34,121,0.00,0.00,0.00,2170693
2022/10/14 17:30:20,0.00,0.00,21.55,932.65,18.99,74.42,43.29,112,0.00,0.00,0.00,2231007
2022/10/14 17:31:21,0.00,0.00,21.34,932.50,18.99,74.43,72.69,124,0.00,0.00,0.00,2291343
2022/10/14 17:32:21,0.00,0.00,21.15,932.61,18.99,74.41,73.79,124,0.00,0.00,0.00,2351659
2022/10/14 17:33:22,0.00,0.00,21.04,932.41,18.99,74.38,58.10,119,0.00,0.00,0.00,2411992
2022/10/14 17:34:22,0.00,0.00,21.04,932.43,18.99,74.37,57.99,119,0.00,0.00,0.00,2472307
2022/10/14 17:35:23,0.00,0.00,21.17,932.52,18.99,74.37,67.21,122,0.00,0.00,0.00,2532645
2022/10/14 17:36:23,0.00,0.00,21.47,932.74,18.99,74.34,60.07,120,0.00,0.00,0.00,2592958
2022/10/14 17:37:24,0.00,0.00,21.55,932.25,18.99,74.35,87.90,131,0.00,0.00,0.00,2653296
2022/10/14 17:38:24,0.00,0.00,21.51,932.43,19.00,74.35,61.58,120,0.00,0.00,0.00,2713610
2022/10/14 17:39:25,0.00,0.00,21.26,932.54,18.99,74.35,64.87,121,0.00,0.00,0.00,2773946
2022/10/14 17:40:25,0.00,0.00,21.34,932.45,19.00,74.34,76.93,125,0.00,0.00,0.00,2834262
2022/10/14 17:41:26,0.00,0.00,21.11,932.65,18.99,74.28,51.40,116,0.00,0.00,0.00,2894598
2022/10/14 17:42:26,0.00,0.00,21.04,932.68,18.99,74.30,82.22,128,0.00,0.00,0.00,2954912
2022/10/14 17:43:26,0.00,0.00,21.00,932.61,18.99,74.31,70.03,123,0.00,0.00,0.00,3015250
2022/10/14 17:44:27,0.00,0.00,21.04,932.86,18.99,74.32,15.62,102,0.00,0.00,0.00,3075564
2022/10/14 17:45:27,0.00,0.00,21.42,932.74,18.99,74.31,71.30,125,0.00,0.00,0.00,3135900
2022/10/14 17:46:28,0.00,0.00,21.11,932.61,18.99,74.29,82.68,128,0.00,0.00,0.00,3196216
2022/10/14 17:47:28,0.00,0.00,21.30,932.25,18.99,74.28,73.50,124,0.00,0.00,0.00,3256551
2022/10/14 17:48:29,0.00,0.00,21.42,932.56,18.99,74.27,64.33,119,0.00,0.00,0.00,3316867
2022/10/14 17:49:29,0.00,0.00,21.47,932.54,18.99,74.28,58.58,118,0.00,0.00,0.00,3377204
2022/10/14 17:50:30,0.00,0.00,21.58,932.68,19.00,74.28,77.50,125,0.00,0.00,0.00,3437515
2022/10/14 17:51:30,0.00,0.00,21.49,932.61,19.00,74.28,63.06,120,0.00,0.00,0.00,3497853
2022/10/14 17:52:31,0.00,0.00,21.08,932.68,18.99,74.26,50.44,114,0.00,0.00,0.00,3558167
2022/10/14 17:54:13,0.00,0.00,21.00,932.45,18.99,74.27,71.13,122,0.00,0.00,0.00,60017
2022/10/14 17:55:13,0.00,0.00,21.00,932.47,19.00,74.27,97.24,133,0.00,0.00,0.00,120292
2022/10/14 17:56:14,0.00,0.00,21.00,932.65,19.00,74.26,40.12,111,0.00,0.00,0.00,180517
2022/10/14 17:57:14,0.00,0.00,21.00,932.63,18.99,74.26,52.82,117,0.00,0.00,0.00,240742
2022/10/14 17:58:14,0.00,0.00,21.00,932.70,18.99,74.26,64.24,119,0.00,0.00,0.00,300967
2022/10/14 17:59:15,0.00,0.00,21.00,932.92,18.99,74.26,15.36,100,0.00,0.00,0.00,361192
2022/10/14 18:0:15,0.00,0.00,21.00,932.90,18.99,74.27,8.39,99,0.00,0.00,0.00,421414
2022/10/14 18:1:15,0.00,0.00,21.00,932.81,18.99,74.25,92.29,130,0.00,0.00,0.00,481684
2022/10/14 18:2:16,0.00,0.00,21.00,932.83,18.99,74.23,128.87,148,0.00,0.00,0.00,541910
2022/10/14 18:3:16,0.00,0.00,21.00,933.10,18.99,74.24,50.79,118,0.00,0.00,0.00,602229
2022/10/14 18:4:17,0.00,0.00,21.00,933.08,18.99,74.26,12.97,101,0.00,0.00,0.00,662544
2022/10/14 18:5:17,0.00,0.00,21.00,932.52,18.99,74.25,111.12,138,0.00,0.00,0.00,722883
2022/10/14 18:6:18,0.00,0.00,21.00,932.50,18.99,74.24,2.14,96,0.00,0.00,0.00,783193
2022/10/14 18:7:18,0.00,0.00,21.00,932.74,18.99,74.24,107.34,137,0.00,0.00,0.00,843533
2022/10/14 18:8:18,0.00,0.00,21.00,932.81,18.99,74.24,83.51,127,0.00,0.00,0.00,903846
2022/10/14 18:9:19,0.00,0.00,21.00,932.99,18.99,74.23,48.10,114,0.00,0.00,0.00,964182
2022/10/14 18:10:19,0.00,0.00,21.00,932.72,18.99,74.24,133.40,144,0.00,0.00,0.00,1024499
2022/10/14 18:11:20,0.00,0.00,21.00,932.74,18.99,74.25,143.84,150,0.00,0.00,0.00,1084835
2022/10/14 18:12:20,0.00,0.00,21.00,932.95,18.99,74.24,95.78,131,0.00,0.00,0.00,1145148
2022/10/14 18:13:21,0.00,0.00,21.00,932.83,18.99,74.21,112.12,139,0.00,0.00,0.00,1205487
2022/10/14 18:14:21,0.00,0.00,21.00,933.17,18.99,74.21,-7.43,93,0.00,0.00,0.00,1265800
2022/10/14 18:15:22,0.00,0.00,21.00,932.99,18.99,74.21,86.87,129,0.00,0.00,0.00,1326136
2022/10/14 18:16:22,0.00,0.00,21.00,932.45,18.99,74.20,130.88,146,0.00,0.00,0.00,1386451
2022/10/14 18:17:23,0.00,0.00,21.00,932.65,18.99,74.18,59.57,117,0.00,0.00,0.00,1446787
2022/10/14 18:18:23,0.00,0.00,21.00,932.63,18.99,74.20,78.18,126,0.00,0.00,0.00,1507101
2022/10/14 18:19:24,0.00,0.00,21.00,932.88,18.99,74.18,43.21,112,0.00,0.00,0.00,1567439
2022/10/14 18:20:24,0.00,0.00,21.00,932.90,18.99,74.19,90.54,131,0.00,0.00,0.00,1627751
2022/10/14 18:21:25,0.00,0.00,21.00,933.01,18.99,74.17,66.54,121,0.00,0.00,0.00,1688088
2022/10/14 18:22:25,0.00,0.00,21.00,932.97,18.99,74.19,81.19,127,0.00,0.00,0.00,1748404
2022/10/14 18:23:25,0.00,0.00,21.00,932.97,18.98,74.15,66.84,121,0.00,0.00,0.00,1808739
2022/10/14 18:24:26,0.00,0.00,21.00,932.99,18.98,74.15,67.89,121,0.00,0.00,0.00,1869056
2022/10/14 18:25:26,0.00,0.00,21.00,933.08,18.98,74.14,63.63,120,0.00,0.00,0.00,1929393
2022/10/14 18:26:27,0.00,0.00,21.00,932.65,18.98,74.12,56.47,116,0.00,0.00,0.00,1989705
2022/10/14 18:27:27,0.00,0.00,21.00,932.72,18.98,74.11,72.02,123,0.00,0.00,0.00,2050044
2022/10/14 18:28:28,0.00,0.00,21.00,932.86,18.98,74.08,64.17,120,0.00,0.00,0.00,2110356
2022/10/14 18:29:28,0.00,0.00,21.00,932.88,18.99,74.08,63.28,119,0.00,0.00,0.00,2170694
2022/10/14 18:30:29,0.00,0.00,21.00,932.95,18.98,74.07,70.22,122,0.00,0.00,0.00,2231010
2022/10/14 18:31:29,0.00,0.00,21.00,933.17,18.98,74.08,63.82,120,0.00,0.00,0.00,2291344
2022/10/14 18:32:30,0.00,0.00,21.00,932.83,18.99,74.07,60.94,117,0.00,0.00,0.00,2351661
2022/10/14 18:33:30,0.00,0.00,21.00,933.19,18.98,74.04,84.51,127,0.00,0.00,0.00,2411996
2022/10/14 18:34:31,0.00,0.00,21.00,933.26,18.98,74.03,76.82,126,0.00,0.00,0.00,2472309
2022/10/14 18:35:31,0.00,0.00,21.00,932.97,18.98,74.02,66.18,121,0.00,0.00,0.00,2532646
2022/10/14 18:36:31,0.00,0.00,21.00,933.26,18.98,74.00,67.26,121,0.00,0.00,0.00,2592959
2022/10/14 18:37:32,0.00,0.00,21.00,932.54,18.98,73.99,84.71,127,0.00,0.00,0.00,2653297
2022/10/14 18:38:32,0.00,0.00,21.00,932.79,18.98,74.00,68.17,121,0.00,0.00,0.00,2713613
2022/10/14 18:39:33,0.00,0.00,21.00,932.95,18.98,74.00,66.64,121,0.00,0.00,0.00,2773948
2022/10/14 18:40:33,0.00,0.00,21.00,932.90,18.98,73.98,77.96,126,0.00,0.00,0.00,2834264
2022/10/14 18:41:34,0.00,0.00,21.00,932.97,18.98,73.94,64.90,120,0.00,0.00,0.00,2894599
