2022/8/28 0:0:14,0.00,4.84,23.46,794.05,21.64,59.77,215.76,107,0.00,0.00,0.00,11976
2022/8/28 0:1:21,0.00,4.84,23.49,794.00,21.64,59.78,218.07,106,0.00,0.00,0.00,12035
2022/8/28 0:2:29,0.00,4.84,23.90,794.00,21.64,59.81,222.02,109,0.00,0.00,0.00,12094
2022/8/28 0:3:36,0.00,4.84,24.00,794.00,21.65,59.79,217.36,107,0.00,0.00,0.00,12153
2022/8/28 0:4:44,0.00,4.84,24.00,794.00,21.65,59.85,219.58,107,0.00,0.00,0.00,12212
2022/8/28 0:5:51,0.00,4.84,24.00,794.00,21.65,59.88,218.88,107,0.00,0.00,0.00,12271
2022/8/28 0:6:58,0.00,4.84,24.00,794.00,21.65,59.89,224.29,110,0.00,0.00,0.00,12330
2022/8/28 0:8:6,0.00,4.84,24.00,794.00,21.66,59.94,215.51,106,0.00,0.00,0.00,12389
2022/8/28 0:9:13,0.00,4.84,24.00,794.05,21.66,59.97,214.37,106,0.00,0.00,0.00,12448
2022/8/28 0:10:21,0.00,4.84,24.00,794.00,21.67,59.99,218.17,107,0.00,0.00,0.00,12507
2022/8/28 0:11:28,0.00,4.84,24.00,794.00,21.67,59.99,220.37,108,0.00,0.00,0.00,12566
2022/8/28 0:12:35,0.00,4.84,24.00,794.00,21.67,59.99,214.90,106,0.00,0.00,0.00,12625
2022/8/28 0:13:43,0.00,4.84,24.00,794.00,21.68,59.99,216.19,107,0.00,0.00,0.00,12684
2022/8/28 0:14:50,0.00,4.84,24.00,794.00,21.68,60.03,224.02,109,0.00,0.00,0.00,12743
2022/8/28 0:15:58,0.00,4.84,24.00,794.05,21.68,60.03,222.85,108,0.00,0.00,0.00,12802
2022/8/28 0:17:5,0.00,4.84,24.00,794.00,21.69,60.04,216.73,106,0.00,0.00,0.00,12861
2022/8/28 0:18:12,0.00,4.83,24.00,794.00,21.69,60.02,219.53,107,0.00,0.00,0.00,12920
2022/8/28 0:19:20,0.00,4.84,24.00,794.00,21.69,60.07,215.34,106,0.00,0.00,0.00,12979
2022/8/28 0:20:27,0.00,4.83,24.00,794.00,21.70,60.07,213.63,105,0.00,0.00,0.00,13038
2022/8/28 0:21:35,0.00,4.83,24.00,794.00,21.70,60.02,212.20,105,0.00,0.00,0.00,13097
2022/8/28 0:22:42,0.00,4.83,24.00,794.00,21.70,60.03,218.02,107,0.00,0.00,0.00,13156
2022/8/28 0:23:50,0.00,4.82,24.00,794.00,21.71,60.09,220.10,108,0.00,0.00,0.00,13215
2022/8/28 0:24:57,0.00,4.82,24.00,794.00,21.71,60.06,220.07,108,0.00,0.00,0.00,13274
2022/8/28 0:26:4,0.00,4.82,24.00,794.00,21.71,60.07,218.56,107,0.00,0.00,0.00,13333
2022/8/28 0:27:12,0.00,4.82,24.00,794.00,21.72,60.05,218.37,107,0.00,0.00,0.00,13392
2022/8/28 0:28:19,0.00,4.82,24.00,794.00,21.72,60.38,224.03,110,0.00,0.00,0.00,13451
2022/8/28 0:29:27,0.00,4.82,24.00,794.00,21.73,60.56,216.58,106,0.00,0.00,0.00,13510
2022/8/28 0:30:34,0.00,4.82,24.00,794.00,21.73,60.30,211.22,105,0.00,0.00,0.00,13569
2022/8/28 0:31:41,0.00,4.82,24.00,794.00,21.74,60.22,214.14,106,0.00,0.00,0.00,13628
2022/8/28 0:32:49,0.00,4.82,24.00,794.00,21.75,60.34,218.93,108,0.00,0.00,0.00,13687
2022/8/28 0:33:56,0.00,4.82,24.00,794.00,21.75,60.24,215.76,106,0.00,0.00,0.00,13746
2022/8/28 0:35:4,0.00,4.82,24.00,794.00,21.75,60.15,214.24,105,0.00,0.00,0.00,13805
2022/8/28 0:36:11,0.00,4.82,24.00,794.00,21.76,60.13,217.36,107,0.00,0.00,0.00,13864
2022/8/28 0:38:26,0.00,4.83,24.00,794.00,21.77,59.89,213.56,105,0.00,0.00,0.00,13982
2022/8/28 0:39:33,0.00,4.84,24.00,794.00,21.77,59.81,217.05,106,0.00,0.00,0.00,14041
2022/8/28 0:40:41,0.00,4.84,24.00,794.00,21.77,59.84,223.46,109,0.00,0.00,0.00,14100
2022/8/28 0:41:48,0.00,4.84,24.00,794.00,21.78,59.77,219.75,107,0.00,0.00,0.00,14159
2022/8/28 0:42:56,0.00,4.84,24.00,794.00,21.78,59.76,215.73,105,0.00,0.00,0.00,14218
2022/8/28 0:44:3,0.00,4.84,24.00,794.00,21.79,59.80,220.85,108,0.00,0.00,0.00,14277
2022/8/28 0:45:10,0.00,4.84,24.00,794.02,21.79,59.85,220.37,107,0.00,0.00,0.00,14336
2022/8/28 0:46:18,0.00,4.84,24.00,794.00,21.79,59.87,219.31,106,0.00,0.00,0.00,14395
2022/8/28 0:47:25,0.00,4.84,24.00,794.00,21.79,59.94,214.75,105,0.00,0.00,0.00,14454
2022/8/28 0:48:33,0.00,4.84,24.00,794.00,21.79,59.97,216.49,106,0.00,0.00,0.00,14513
2022/8/28 0:49:40,0.00,4.84,24.00,794.00,21.80,60.03,215.95,106,0.00,0.00,0.00,14572
2022/8/28 0:50:48,0.00,4.84,24.00,794.00,21.80,60.14,219.37,107,0.00,0.00,0.00,14631
2022/8/28 0:51:55,0.00,4.84,24.00,794.00,21.80,60.08,219.80,108,0.00,0.00,0.00,14690
2022/8/28 0:53:2,0.00,4.84,24.00,794.00,21.80,60.07,219.69,108,0.00,0.00,0.00,14749
2022/8/28 0:54:10,0.00,4.84,24.00,794.00,21.80,60.08,216.20,106,0.00,0.00,0.00,14808
2022/8/28 0:55:17,0.00,4.84,24.00,794.00,21.80,60.00,213.37,105,0.00,0.00,0.00,14867
2022/8/28 0:56:25,0.00,4.84,24.00,794.00,21.80,60.02,222.58,109,0.00,0.00,0.00,14926
2022/8/28 0:57:32,0.00,4.84,24.00,794.00,21.80,60.04,218.25,107,0.00,0.00,0.00,14985
2022/8/28 0:58:39,0.00,4.84,24.00,794.00,21.80,60.04,217.51,107,0.00,0.00,0.00,15044
2022/8/28 0:59:47,0.00,4.84,24.00,794.00,21.80,59.97,222.12,108,0.00,0.00,0.00,15103
2022/8/28 1:0:54,0.00,4.83,24.00,794.00,21.81,60.01,220.51,108,0.00,0.00,0.00,15162
2022/8/28 1:2:2,0.00,4.83,24.00,794.00,21.81,60.02,211.10,104,0.00,0.00,0.00,15221
2022/8/28 1:3:9,0.00,4.83,24.00,794.00,21.81,60.04,226.80,111,0.00,0.00,0.00,15280
2022/8/28 1:4:17,0.00,4.82,24.00,794.00,21.81,60.08,209.90,104,0.00,0.00,0.00,15339
2022/8/28 1:5:24,0.00,4.82,24.00,794.00,21.81,60.03,222.39,109,0.00,0.00,0.00,15398
2022/8/28 1:6:31,0.00,4.82,24.00,794.00,21.81,59.97,214.69,106,0.00,0.00,0.00,15457
2022/8/28 1:7:39,0.00,4.82,24.00,794.00,21.81,60.02,217.59,107,0.00,0.00,0.00,15516
2022/8/28 1:8:46,0.00,4.82,24.00,794.00,21.81,60.04,218.46,107,0.00,0.00,0.00,15575
2022/8/28 1:9:54,0.00,4.82,24.00,794.00,21.81,60.06,216.05,106,0.00,0.00,0.00,15634
2022/8/28 1:11:1,0.00,4.82,24.00,794.00,21.81,60.09,215.42,106,0.00,0.00,0.00,15693
2022/8/28 1:12:8,0.00,4.82,24.00,794.00,21.81,60.11,213.54,106,0.00,0.00,0.00,15752
2022/8/28 1:13:16,0.00,4.82,24.00,794.00,21.81,60.14,217.17,106,0.00,0.00,0.00,15811
2022/8/28 1:14:23,0.00,4.82,24.00,794.00,21.81,60.17,220.97,108,0.00,0.00,0.00,15870
2022/8/28 1:15:31,0.00,4.82,24.00,794.00,21.81,60.18,218.59,107,0.00,0.00,0.00,15929
2022/8/28 1:16:38,0.00,4.83,24.00,794.00,21.81,60.21,219.39,107,0.00,0.00,0.00,15988
2022/8/28 1:17:46,0.00,4.84,24.00,794.00,21.81,60.24,215.42,106,0.00,0.00,0.00,16047
2022/8/28 1:18:53,0.00,4.84,24.00,794.00,21.82,60.31,218.68,107,0.00,0.00,0.00,16106
2022/8/28 1:20:0,0.00,4.84,24.00,794.00,21.82,60.28,217.27,107,0.00,0.00,0.00,16165
2022/8/28 1:21:8,0.00,4.84,24.00,794.00,21.82,60.20,211.34,105,0.00,0.00,0.00,16224
2022/8/28 1:22:15,0.00,4.84,24.00,794.00,21.82,60.31,218.97,107,0.00,0.00,0.00,16283
2022/8/28 1:23:23,0.00,4.84,24.00,794.00,21.82,60.30,219.71,107,0.00,0.00,0.00,16342
2022/8/28 1:24:30,0.00,4.84,24.00,794.00,21.82,60.28,214.58,105,0.00,0.00,0.00,16401
2022/8/28 1:25:37,0.00,4.84,24.00,794.00,21.82,60.28,217.93,107,0.00,0.00,0.00,16460
2022/8/28 1:26:45,0.00,4.84,24.00,794.00,21.82,60.28,214.95,105,0.00,0.00,0.00,16519
2022/8/28 1:29:0,0.00,4.84,24.00,794.00,21.81,60.28,212.66,105,0.00,0.00,0.00,16637
2022/8/28 1:30:7,0.00,4.84,24.00,794.00,21.81,60.22,215.10,105,0.00,0.00,0.00,16696
2022/8/28 1:31:14,0.00,4.84,24.00,794.00,21.80,60.26,212.27,105,0.00,0.00,0.00,16755
2022/8/28 1:32:22,0.00,4.84,24.00,794.00,21.80,60.29,216.41,107,0.00,0.00,0.00,16814
2022/8/28 1:33:29,0.00,4.84,24.00,794.00,21.79,60.30,217.25,107,0.00,0.00,0.00,16873
2022/8/28 1:34:37,0.00,4.84,24.00,794.00,21.79,60.30,212.64,104,0.00,0.00,0.00,16932
2022/8/28 1:35:44,0.00,4.84,24.00,794.00,21.78,60.30,213.02,105,0.00,0.00,0.00,16991
2022/8/28 1:36:52,0.00,4.83,24.00,794.00,21.78,60.28,212.47,105,0.00,0.00,0.00,17050
2022/8/28 1:37:59,0.00,4.82,24.00,794.00,21.77,60.28,214.58,105,0.00,0.00,0.00,17109
2022/8/28 1:39:6,0.00,4.82,24.00,794.00,21.76,60.28,216.20,106,0.00,0.00,0.00,17168
2022/8/28 1:40:14,0.00,4.82,24.00,794.00,21.76,60.27,212.31,105,0.00,0.00,0.00,17227
2022/8/28 1:41:21,0.00,4.82,24.00,794.00,21.75,60.26,213.49,105,0.00,0.00,0.00,17286
2022/8/28 1:42:29,0.00,4.82,24.00,794.00,21.75,60.24,211.69,104,0.00,0.00,0.00,17345
2022/8/28 1:43:36,0.00,4.83,24.00,794.00,21.74,60.21,213.25,105,0.00,0.00,0.00,17404
2022/8/28 1:44:43,0.00,4.83,24.00,794.02,21.73,60.21,216.36,107,0.00,0.00,0.00,17463
2022/8/28 1:45:51,0.00,4.84,24.00,794.00,21.73,60.20,211.64,105,0.00,0.00,0.00,17522
2022/8/28 1:46:58,0.00,4.84,23.93,794.00,21.72,60.18,211.37,104,0.00,0.00,0.00,17581
2022/8/28 1:48:6,0.00,4.83,23.86,794.02,21.72,60.16,211.39,105,0.00,0.00,0.00,17640
2022/8/28 1:49:13,0.00,4.83,23.80,794.00,21.71,60.18,216.56,106,0.00,0.00,0.00,17699
2022/8/28 1:50:21,0.00,4.83,23.59,794.00,21.71,60.16,209.02,104,0.00,0.00,0.00,17758
2022/8/28 1:51:28,0.00,4.82,23.53,794.00,21.70,60.14,215.29,106,0.00,0.00,0.00,17817
2022/8/28 1:53:43,0.00,4.82,23.31,794.00,21.69,60.12,213.73,105,0.00,0.00,0.00,17935
2022/8/28 1:54:50,0.00,4.82,23.07,794.00,21.69,60.06,214.02,106,0.00,0.00,0.00,17994
2022/8/28 1:55:58,0.00,4.82,23.00,794.00,21.68,60.08,210.66,104,0.00,0.00,0.00,18053
2022/8/28 1:57:5,0.00,4.82,23.00,794.00,21.68,60.03,213.27,105,0.00,0.00,0.00,18112
2022/8/28 1:58:12,0.00,4.82,23.00,794.00,21.67,60.03,207.76,103,0.00,0.00,0.00,18171
2022/8/28 2:0:27,0.00,4.84,23.00,794.00,21.67,60.04,213.71,106,0.00,0.00,0.00,18289
2022/8/28 2:1:35,0.00,4.84,23.00,794.00,21.66,60.05,210.54,104,0.00,0.00,0.00,18348
2022/8/28 2:2:42,0.00,4.84,23.00,794.00,21.66,60.02,209.39,104,0.00,0.00,0.00,18407
2022/8/28 2:3:50,0.00,4.84,23.00,794.00,21.66,60.01,212.93,105,0.00,0.00,0.00,18466
2022/8/28 2:4:57,0.00,4.84,23.00,794.00,21.65,60.03,208.76,103,0.00,0.00,0.00,18525
2022/8/28 2:6:4,0.00,4.84,23.00,794.00,21.64,60.04,211.22,105,0.00,0.00,0.00,18584
2022/8/28 2:7:12,0.00,4.84,23.00,794.00,21.64,60.04,210.39,104,0.00,0.00,0.00,18643
2022/8/28 2:8:19,0.00,4.84,23.00,794.00,21.64,60.05,214.03,106,0.00,0.00,0.00,18702
2022/8/28 2:9:27,0.00,4.84,23.00,794.00,21.63,60.05,214.58,106,0.00,0.00,0.00,18761
2022/8/28 2:10:34,0.00,4.84,23.00,794.00,21.63,60.05,215.78,107,0.00,0.00,0.00,18820
2022/8/28 2:11:41,0.00,4.83,23.00,794.00,21.62,60.12,213.29,106,0.00,0.00,0.00,18879
2022/8/28 2:12:49,0.00,4.83,23.00,794.00,21.62,60.13,213.80,106,0.00,0.00,0.00,18938
2022/8/28 2:13:56,0.00,4.83,23.00,794.00,21.62,60.16,211.05,105,0.00,0.00,0.00,18997
2022/8/28 2:15:4,0.00,4.83,23.00,794.00,21.61,60.19,210.19,105,0.00,0.00,0.00,19056
2022/8/28 2:17:19,0.00,4.83,23.00,794.00,21.61,60.26,216.29,106,0.00,0.00,0.00,19174
2022/8/28 2:18:26,0.00,4.82,23.00,794.00,21.60,60.26,214.73,106,0.00,0.00,0.00,19233
2022/8/28 2:19:33,0.00,4.82,23.00,794.00,21.60,60.25,214.08,106,0.00,0.00,0.00,19292
2022/8/28 2:20:41,0.00,4.82,23.00,794.00,21.59,60.28,207.39,104,0.00,0.00,0.00,19351
2022/8/28 2:21:48,0.00,4.82,23.00,794.00,21.59,60.34,216.78,107,0.00,0.00,0.00,19410
2022/8/28 2:22:56,0.00,4.82,23.00,794.00,21.59,60.40,209.53,104,0.00,0.00,0.00,19469
2022/8/28 2:24:3,0.00,4.82,23.00,794.00,21.59,60.42,212.36,106,0.00,0.00,0.00,19528
2022/8/28 2:25:11,0.00,4.82,23.00,794.00,21.58,60.45,208.15,103,0.00,0.00,0.00,19587
2022/8/28 2:26:18,0.00,4.82,23.00,794.00,21.58,60.50,208.73,104,0.00,0.00,0.00,19646
2022/8/28 2:27:25,0.00,4.83,23.00,794.00,21.57,60.55,212.86,105,0.00,0.00,0.00,19705
2022/8/28 2:28:33,0.00,4.84,23.00,794.00,21.57,60.59,208.37,104,0.00,0.00,0.00,19764
2022/8/28 2:29:40,0.00,4.84,23.00,794.00,21.57,60.61,211.39,105,0.00,0.00,0.00,19823
2022/8/28 2:30:48,0.00,4.84,23.00,794.00,21.56,60.65,209.73,105,0.00,0.00,0.00,19882
2022/8/28 2:31:55,0.00,4.84,23.00,794.00,21.56,60.69,211.17,105,0.00,0.00,0.00,19941
2022/8/28 2:33:2,0.00,4.84,23.00,794.00,21.55,60.69,214.00,106,0.00,0.00,0.00,20000
2022/8/28 2:34:10,0.00,4.84,23.00,794.00,21.55,60.74,212.17,106,0.00,0.00,0.00,20059
2022/8/28 2:35:17,0.00,4.84,23.00,794.00,21.55,60.79,208.78,104,0.00,0.00,0.00,20118
2022/8/28 2:36:25,0.00,4.84,23.00,794.00,21.55,60.81,209.98,105,0.00,0.00,0.00,20177
2022/8/28 2:37:32,0.00,4.84,23.00,794.00,21.55,60.82,207.66,104,0.00,0.00,0.00,20236
2022/8/28 2:38:40,0.00,4.84,23.00,794.00,21.54,60.85,211.76,105,0.00,0.00,0.00,20295
2022/8/28 2:39:47,0.00,4.84,23.00,794.00,21.54,60.89,214.73,107,0.00,0.00,0.00,20354
2022/8/28 2:40:54,0.00,4.84,23.00,794.00,21.54,60.92,216.76,108,0.00,0.00,0.00,20413
2022/8/28 2:42:2,0.00,4.84,23.00,794.00,21.53,60.91,210.14,105,0.00,0.00,0.00,20472
2022/8/28 2:43:9,0.00,4.82,23.00,794.00,21.53,60.94,212.56,106,0.00,0.00,0.00,20531
2022/8/28 2:44:17,0.00,4.82,23.00,794.00,21.53,60.98,213.75,107,0.00,0.00,0.00,20590
2022/8/28 2:45:24,0.00,4.83,23.00,794.00,21.52,61.00,211.54,106,0.00,0.00,0.00,20649
2022/8/28 2:46:31,0.00,4.83,23.00,794.00,21.52,61.01,209.41,105,0.00,0.00,0.00,20708
2022/8/28 2:47:39,0.00,4.83,23.00,794.00,21.52,61.03,214.66,107,0.00,0.00,0.00,20767
2022/8/28 2:48:46,0.00,4.83,23.00,794.00,21.52,61.05,217.12,108,0.00,0.00,0.00,20826
2022/8/28 2:49:54,0.00,4.84,23.00,794.00,21.51,61.05,209.71,105,0.00,0.00,0.00,20885
2022/8/28 2:51:1,0.00,4.84,23.00,794.00,21.51,61.06,211.03,106,0.00,0.00,0.00,20944
2022/8/28 2:52:9,0.00,4.84,23.00,794.00,21.51,61.07,211.66,106,0.00,0.00,0.00,21003
2022/8/28 2:53:16,0.00,4.84,23.00,794.00,21.50,61.12,212.10,106,0.00,0.00,0.00,21062
2022/8/28 2:54:23,0.00,4.84,23.00,794.00,21.50,61.14,208.68,105,0.00,0.00,0.00,21121
2022/8/28 2:55:31,0.00,4.84,23.00,794.00,21.50,61.15,214.27,107,0.00,0.00,0.00,21180
2022/8/28 2:56:38,0.00,4.80,23.00,794.00,21.50,61.16,208.15,104,0.00,0.00,0.00,21239
2022/8/28 2:57:46,0.00,4.82,23.00,794.00,21.49,61.18,209.90,105,0.00,0.00,0.00,21298
2022/8/28 2:58:53,0.00,4.82,23.00,794.00,21.49,61.18,211.64,106,0.00,0.00,0.00,21357
2022/8/28 3:0:0,0.00,4.82,23.00,794.00,21.49,61.17,211.03,105,0.00,0.00,0.00,21416
2022/8/28 3:1:8,0.00,4.80,23.00,794.00,21.49,61.19,210.63,105,0.00,0.00,0.00,21475
2022/8/28 3:2:15,0.00,4.84,23.00,794.00,21.48,61.20,214.92,107,0.00,0.00,0.00,21534
2022/8/28 3:3:23,0.00,4.83,23.00,794.00,21.48,61.22,208.34,104,0.00,0.00,0.00,21593
2022/8/28 3:4:30,0.00,4.81,23.00,794.00,21.48,61.21,208.22,105,0.00,0.00,0.00,21652
2022/8/28 3:5:38,0.00,4.83,23.00,794.00,21.48,61.22,211.86,106,0.00,0.00,0.00,21711
2022/8/28 3:6:45,0.00,4.84,23.00,794.00,21.47,61.22,211.54,105,0.00,0.00,0.00,21770
2022/8/28 3:7:52,0.00,4.82,23.00,794.00,21.47,61.23,211.95,106,0.00,0.00,0.00,21829
2022/8/28 3:9:0,0.00,4.83,23.00,794.00,21.47,61.23,215.80,107,0.00,0.00,0.00,21888
2022/8/28 3:10:7,0.00,4.84,23.00,794.00,21.46,61.25,207.78,104,0.00,0.00,0.00,21947
2022/8/28 3:11:15,0.00,4.84,23.00,794.00,21.46,61.25,209.61,105,0.00,0.00,0.00,22006
2022/8/28 3:12:22,0.00,4.84,23.00,794.00,21.46,61.25,213.85,107,0.00,0.00,0.00,22065
2022/8/28 3:13:29,0.00,4.84,23.00,794.00,21.46,61.25,209.54,105,0.00,0.00,0.00,22124
2022/8/28 3:14:37,0.00,4.84,23.00,794.00,21.46,61.24,215.03,107,0.00,0.00,0.00,22183
2022/8/28 3:15:44,0.00,4.84,23.00,794.00,21.45,61.23,211.61,105,0.00,0.00,0.00,22242
2022/8/28 3:16:52,0.00,4.84,23.00,794.00,21.45,61.23,216.83,108,0.00,0.00,0.00,22301
2022/8/28 3:17:59,0.00,4.84,23.00,794.00,21.45,61.18,213.20,106,0.00,0.00,0.00,22360
2022/8/28 3:19:7,0.00,4.84,23.00,794.00,21.44,61.19,206.61,104,0.00,0.00,0.00,22419
2022/8/28 3:20:14,0.00,4.84,23.00,794.02,21.44,61.18,213.08,106,0.00,0.00,0.00,22478
2022/8/28 3:21:21,0.00,4.83,23.00,794.00,21.44,61.17,208.68,105,0.00,0.00,0.00,22537
2022/8/28 3:22:29,0.00,4.83,23.00,794.00,21.44,61.17,213.24,106,0.00,0.00,0.00,22596
2022/8/28 3:23:36,0.00,4.83,23.00,794.00,21.44,61.19,210.44,105,0.02,0.00,0.00,22655
2022/8/28 3:24:44,0.00,4.83,23.00,794.02,21.43,61.20,208.49,104,0.00,0.00,0.00,22714
2022/8/28 3:25:51,0.00,4.83,23.00,794.00,21.43,61.15,220.19,109,0.00,0.00,0.00,22773
2022/8/28 3:26:58,0.00,4.83,23.00,794.00,21.42,61.19,207.19,104,0.00,0.00,0.00,22832
2022/8/28 3:28:6,0.00,4.83,23.00,794.00,21.42,61.17,215.02,107,0.00,0.00,0.00,22891
2022/8/28 3:29:13,0.00,4.83,23.00,794.00,21.42,61.23,213.54,107,0.00,0.00,0.00,22950
2022/8/28 3:30:21,0.00,4.83,23.00,794.00,21.42,61.23,202.03,102,0.00,0.00,0.00,23009
2022/8/28 3:31:28,0.00,4.82,23.00,794.00,21.42,61.21,214.85,107,0.00,0.00,0.00,23068
2022/8/28 3:32:36,0.00,4.82,23.00,794.02,21.41,61.24,210.51,106,0.00,0.00,0.00,23127
2022/8/28 3:33:43,0.00,4.82,23.00,794.00,21.41,61.23,211.54,106,0.00,0.00,0.00,23186
2022/8/28 3:34:50,0.00,4.82,23.00,794.00,21.41,61.24,213.85,107,0.00,0.00,0.00,23245
2022/8/28 3:37:5,0.00,4.81,23.00,794.00,21.40,61.28,213.63,107,0.00,0.00,0.00,23363
2022/8/28 3:38:13,0.00,4.81,23.00,794.00,21.40,61.28,212.80,106,0.00,0.00,0.00,23422
2022/8/28 3:39:20,0.00,4.82,23.00,794.00,21.40,61.29,209.19,104,0.00,0.00,0.00,23481
2022/8/28 3:40:27,0.00,4.82,23.00,794.00,21.40,61.28,212.58,106,0.00,0.00,0.00,23540
2022/8/28 3:41:35,0.00,4.82,23.00,794.00,21.39,61.28,211.63,106,0.00,0.00,0.00,23599
2022/8/28 3:42:42,0.00,4.82,23.00,794.00,21.39,61.24,212.05,106,0.00,0.00,0.00,23658
2022/8/28 3:43:50,0.00,4.82,23.00,794.00,21.39,61.25,214.02,107,0.00,0.00,0.00,23717
2022/8/28 3:44:57,0.00,4.82,23.00,794.00,21.39,61.26,209.47,105,0.00,0.00,0.00,23776
2022/8/28 3:46:5,0.00,4.82,23.00,794.00,21.39,61.32,212.56,106,0.00,0.00,0.00,23835
2022/8/28 3:47:12,0.00,4.82,23.00,794.00,21.38,61.35,214.44,107,0.00,0.00,0.00,23894
2022/8/28 3:48:19,0.00,4.83,23.00,794.00,21.38,61.38,210.54,106,0.00,0.00,0.00,23953
2022/8/28 3:49:27,0.00,4.83,23.00,794.00,21.38,61.40,215.15,107,0.00,0.00,0.00,24012
2022/8/28 3:50:34,0.00,4.83,23.00,794.00,21.38,61.42,211.14,106,0.00,0.00,0.00,24071
2022/8/28 3:51:42,0.00,4.83,23.00,794.00,21.37,61.45,213.17,107,0.00,0.00,0.00,24130
2022/8/28 3:52:49,0.00,4.84,23.00,794.00,21.37,61.47,210.83,106,0.00,0.00,0.00,24189
2022/8/28 3:53:57,0.00,4.84,23.00,794.00,21.37,61.49,211.58,106,0.00,0.00,0.00,24248
2022/8/28 3:55:4,0.00,4.83,23.00,794.00,21.37,61.52,210.32,105,0.00,0.00,0.00,24307
2022/8/28 3:56:11,0.00,4.83,23.00,794.00,21.36,61.54,212.29,107,0.00,0.00,0.00,24366
2022/8/28 3:57:19,0.00,4.82,23.00,794.00,21.36,61.55,210.20,105,0.00,0.00,0.00,24425
2022/8/28 3:58:26,0.00,4.82,23.00,794.00,21.36,61.56,207.59,104,0.00,0.00,0.00,24484
2022/8/28 3:59:34,0.00,4.82,23.00,794.00,21.36,61.56,208.44,105,0.00,0.00,0.00,24543
2022/8/28 4:0:41,0.00,4.83,23.00,794.00,21.35,61.57,211.32,106,0.00,0.00,0.00,24602
2022/8/28 4:1:48,0.00,4.84,23.00,794.00,21.35,61.58,215.03,107,0.00,0.00,0.00,24661
2022/8/28 4:2:56,0.00,4.84,23.00,794.00,21.35,61.55,211.73,106,0.00,0.00,0.00,24720
2022/8/28 4:4:3,0.00,4.84,23.00,794.00,21.35,61.55,213.39,107,0.00,0.00,0.00,24779
2022/8/28 4:5:11,0.00,4.84,23.00,794.00,21.35,61.56,214.54,107,0.00,0.00,0.00,24838
2022/8/28 4:6:18,0.00,4.84,23.00,794.00,21.34,61.55,210.03,105,0.00,0.00,0.00,24897
2022/8/28 4:7:26,0.00,4.84,23.00,794.00,21.34,61.55,214.39,107,0.00,0.00,0.00,24956
2022/8/28 4:8:33,0.00,4.83,23.00,794.00,21.34,61.53,211.81,106,0.00,0.00,0.00,25015
2022/8/28 4:9:40,0.00,4.82,23.00,794.00,21.34,61.54,212.12,106,0.00,0.00,0.00,25074
2022/8/28 4:10:48,0.00,4.82,23.00,794.00,21.33,61.52,210.10,105,0.00,0.00,0.00,25133
2022/8/28 4:11:55,0.00,4.82,23.00,794.00,21.33,61.51,208.34,105,0.00,0.00,0.00,25192
2022/8/28 4:13:3,0.00,4.82,23.00,794.00,21.33,61.49,211.22,106,0.00,0.00,0.00,25251
2022/8/28 4:14:10,0.00,4.82,23.00,794.00,21.33,61.47,215.69,108,0.00,0.00,0.00,25310
2022/8/28 4:15:17,0.00,4.83,23.00,794.02,21.32,61.55,208.12,105,0.00,0.00,0.00,25369
2022/8/28 4:17:32,0.00,4.84,23.00,794.00,21.32,61.55,214.19,107,0.00,0.00,0.00,25487
2022/8/28 4:18:40,0.00,4.84,23.00,794.00,21.31,61.56,208.58,105,0.00,0.00,0.00,25546
2022/8/28 4:19:47,0.00,4.84,23.00,794.00,21.31,61.56,211.31,105,0.00,0.00,0.00,25605
2022/8/28 4:20:55,0.00,4.84,23.00,794.00,21.31,61.54,213.19,106,0.00,0.00,0.00,25664
2022/8/28 4:22:2,0.00,4.84,23.00,794.00,21.31,61.53,212.98,107,0.00,0.00,0.00,25723
2022/8/28 4:23:9,0.00,4.84,23.00,794.00,21.31,61.54,213.59,107,0.00,0.00,0.00,25782
2022/8/28 4:24:17,0.00,4.84,23.00,794.00,21.30,61.54,211.34,106,0.00,0.00,0.00,25841
2022/8/28 4:25:24,0.00,4.84,23.00,794.00,21.30,61.56,214.02,106,0.00,0.00,0.00,25900
2022/8/28 4:26:32,0.00,4.84,23.00,794.00,21.30,61.57,214.80,107,0.00,0.00,0.00,25959
2022/8/28 4:27:39,0.00,4.84,23.00,794.00,21.29,61.61,211.20,106,0.00,0.00,0.00,26018
2022/8/28 4:28:46,0.00,4.84,23.00,794.00,21.29,61.63,207.29,105,0.00,0.00,0.00,26077
2022/8/28 4:29:54,0.00,4.84,23.00,794.02,21.29,61.67,215.51,107,0.00,0.00,0.00,26136
2022/8/28 4:32:9,0.00,4.84,23.00,794.00,21.29,61.72,214.17,107,0.00,0.00,0.00,26254
2022/8/28 4:34:24,0.00,4.83,23.00,794.00,21.29,61.76,210.63,106,0.00,0.00,0.00,26372
2022/8/28 4:35:31,0.00,4.83,23.00,794.00,21.29,61.78,206.51,104,0.00,0.00,0.00,26431
2022/8/28 4:36:38,0.00,4.84,23.00,794.00,21.28,61.80,209.25,105,0.00,0.00,0.00,26490
2022/8/28 4:37:46,0.00,4.83,23.00,794.00,21.28,61.81,212.58,106,0.00,0.00,0.00,26549
2022/8/28 4:38:53,0.00,4.83,23.00,794.00,21.29,61.83,208.83,105,0.00,0.00,0.00,26608
2022/8/28 4:40:1,0.00,4.83,23.00,794.00,21.28,61.86,211.19,106,0.00,0.00,0.00,26667
2022/8/28 4:41:8,0.00,4.83,23.00,794.00,21.28,61.90,210.88,106,0.00,0.00,0.00,26726
2022/8/28 4:42:15,0.00,4.82,23.00,794.00,21.29,61.91,214.24,107,0.00,0.00,0.00,26785
2022/8/28 4:43:23,0.00,4.82,23.00,794.00,21.29,61.93,210.93,106,0.00,0.00,0.00,26844
2022/8/28 4:44:30,0.00,4.82,23.00,794.00,21.28,61.94,209.02,105,0.00,0.00,0.00,26903
2022/8/28 4:45:38,0.00,4.82,23.00,794.00,21.28,61.96,208.95,105,0.00,0.00,0.00,26962
2022/8/28 4:46:45,0.00,4.83,23.00,794.00,21.28,61.98,212.90,107,0.00,0.00,0.00,27021
2022/8/28 4:47:53,0.00,4.83,23.00,794.00,21.28,62.00,208.93,105,0.00,0.00,0.00,27080
2022/8/28 4:49:0,0.00,4.83,23.00,794.00,21.28,62.03,215.47,108,0.00,0.00,0.00,27139
2022/8/28 4:50:7,0.00,4.83,23.00,794.00,21.28,62.05,198.39,101,0.00,0.00,0.00,27198
2022/8/28 4:51:15,0.00,4.82,23.00,794.00,21.28,62.06,205.46,104,0.00,0.00,0.00,27257
2022/8/28 4:52:22,0.00,4.82,23.00,794.00,21.28,62.08,207.64,105,0.00,0.00,0.00,27316
2022/8/28 4:53:30,0.00,4.82,23.00,794.00,21.27,62.10,209.47,106,0.00,0.00,0.00,27375
2022/8/28 4:54:37,0.00,4.82,23.00,794.00,21.27,62.11,211.47,107,0.00,0.00,0.00,27434
2022/8/28 4:55:44,0.00,4.82,23.00,794.00,21.27,62.12,207.32,105,0.00,0.00,0.00,27493
2022/8/28 4:56:52,0.00,4.82,23.00,794.00,21.27,62.13,206.12,104,0.00,0.00,0.00,27552
2022/8/28 4:57:59,0.00,4.82,23.00,794.00,21.27,62.15,209.25,106,0.00,0.00,0.00,27611
2022/8/28 4:59:7,0.00,4.82,23.00,794.00,21.27,62.17,216.78,108,0.00,0.00,0.00,27670
2022/8/28 5:0:14,0.00,4.82,23.00,794.00,21.26,62.19,207.08,105,0.00,0.00,0.00,27729
2022/8/28 5:1:22,0.00,4.82,23.00,794.00,21.26,62.19,210.29,106,0.00,0.00,0.00,27788
2022/8/28 5:2:29,0.00,4.82,23.00,794.00,21.26,62.21,207.88,105,0.00,0.00,0.00,27847
2022/8/28 5:3:36,0.00,4.82,23.00,794.00,21.26,62.22,213.75,108,0.00,0.00,0.00,27906
2022/8/28 5:4:44,0.00,4.82,23.00,794.00,21.26,62.23,207.42,105,0.00,0.00,0.00,27965
2022/8/28 5:5:51,0.00,4.83,23.00,794.00,21.26,62.24,211.66,107,0.00,0.00,0.00,28024
2022/8/28 5:6:59,0.00,4.83,23.00,794.00,21.26,62.25,208.10,105,0.00,0.00,0.00,28083
2022/8/28 5:8:6,0.00,4.83,23.00,794.00,21.25,62.25,206.10,105,0.00,0.00,0.00,28142
2022/8/28 5:9:14,0.00,4.83,23.00,794.00,21.25,62.25,214.10,108,0.00,0.00,0.00,28201
2022/8/28 5:10:21,0.00,4.83,23.00,794.02,21.25,62.26,207.12,105,0.00,0.00,0.00,28260
2022/8/28 5:11:28,0.00,4.83,23.00,794.00,21.25,62.26,211.19,106,0.00,0.00,0.00,28319
2022/8/28 5:12:36,0.00,4.83,23.00,794.00,21.24,62.25,216.46,109,0.00,0.00,0.00,28378
2022/8/28 5:13:43,0.00,4.83,23.00,794.00,21.24,62.25,201.97,103,0.00,0.00,0.00,28437
2022/8/28 5:14:51,0.00,4.83,23.00,794.00,21.24,62.24,209.90,106,0.00,0.00,0.00,28496
2022/8/28 5:15:58,0.00,4.83,23.00,794.00,21.24,62.23,209.15,106,0.00,0.00,0.00,28555
2022/8/28 5:17:5,0.00,4.83,23.00,794.00,21.24,62.22,210.34,106,0.00,0.00,0.00,28614
2022/8/28 5:18:13,0.00,4.83,23.00,794.00,21.24,62.21,211.39,107,0.00,0.00,0.00,28673
2022/8/28 5:19:20,0.00,4.83,23.00,794.00,21.23,62.21,207.71,105,0.00,0.00,0.00,28732
2022/8/28 5:20:28,0.00,4.83,23.00,794.00,21.23,62.22,208.07,105,0.00,0.00,0.00,28791
2022/8/28 5:21:35,0.00,4.83,23.00,794.00,21.23,62.22,207.73,105,0.00,0.00,0.00,28850
2022/8/28 5:22:43,0.00,4.83,23.00,794.00,21.23,62.23,209.19,106,0.00,0.00,0.00,28909
2022/8/28 5:23:50,0.00,4.83,23.00,794.00,21.23,62.23,209.71,106,0.00,0.00,0.00,28968
2022/8/28 5:24:57,0.00,4.83,23.00,794.00,21.23,62.23,208.66,106,0.00,0.00,0.00,29027
2022/8/28 5:26:5,0.00,4.83,23.00,794.00,21.22,62.23,208.42,105,0.00,0.00,0.00,29086
2022/8/28 5:27:12,0.00,4.83,23.00,794.00,21.22,62.23,214.85,108,0.00,0.00,0.00,29145
2022/8/28 5:28:20,0.00,4.83,23.00,794.00,21.22,62.22,212.32,107,0.00,0.00,0.00,29204
2022/8/28 5:29:27,0.00,4.83,23.00,794.00,21.22,62.22,207.98,105,0.00,0.00,0.00,29263
2022/8/28 5:30:35,0.00,4.84,23.00,794.00,21.22,62.21,209.05,106,0.00,0.00,0.00,29322
2022/8/28 5:31:42,0.00,4.83,23.00,794.00,21.22,62.18,210.07,106,0.00,0.00,0.00,29381
2022/8/28 5:32:49,0.00,4.83,23.00,794.05,21.21,62.17,211.31,107,0.00,0.00,0.00,29440
2022/8/28 5:33:57,0.00,4.83,23.00,794.00,21.21,62.17,208.59,106,0.00,0.00,0.00,29499
2022/8/28 5:35:4,0.00,4.83,23.00,794.00,21.21,62.16,206.92,105,0.00,0.00,0.00,29558
2022/8/28 5:36:12,0.00,4.83,23.00,794.00,21.21,62.16,209.90,106,0.00,0.00,0.00,29617
2022/8/28 5:37:19,0.00,4.83,23.00,794.00,21.21,62.15,211.78,107,0.00,0.00,0.00,29676
2022/8/28 5:38:26,0.00,4.82,23.00,794.00,21.21,62.12,212.59,107,0.00,0.00,0.00,29735
2022/8/28 5:39:34,0.00,4.82,23.00,794.00,21.20,62.10,214.05,107,0.00,0.00,0.00,29794
2022/8/28 5:40:41,0.00,4.82,23.00,794.00,21.20,62.07,209.90,106,0.00,0.00,0.00,29853
2022/8/28 5:41:49,0.00,4.82,23.00,794.00,21.20,62.04,209.71,106,0.00,0.00,0.00,29912
2022/8/28 5:42:56,0.00,4.82,23.00,794.00,21.20,62.02,208.32,105,0.00,0.00,0.00,29971
2022/8/28 5:44:4,0.00,4.82,23.00,794.00,21.20,62.01,207.73,105,0.00,0.00,0.00,30030
2022/8/28 5:45:11,0.00,4.82,23.00,794.00,21.20,62.00,209.95,106,0.00,0.00,0.00,30089
2022/8/28 5:46:18,0.00,4.82,23.00,794.00,21.19,62.00,209.25,105,0.00,0.00,0.00,30148
2022/8/28 5:47:26,0.00,4.82,23.00,794.00,21.19,61.99,212.49,107,0.00,0.00,0.00,30207
2022/8/28 5:48:33,0.00,4.82,23.00,794.00,21.19,61.99,210.10,106,0.00,0.00,0.00,30266
2022/8/28 5:49:41,0.00,4.82,23.00,794.00,21.19,61.94,213.32,107,0.00,0.00,0.00,30325
2022/8/28 5:50:48,0.00,4.82,23.00,794.00,21.19,61.93,208.49,106,0.00,0.00,0.00,30384
2022/8/28 5:51:56,0.00,4.82,23.00,794.00,21.18,61.89,205.19,104,0.00,0.00,0.00,30443
2022/8/28 5:53:3,0.00,4.82,23.00,794.00,21.18,61.85,207.27,105,0.00,0.00,0.00,30502
2022/8/28 5:54:10,0.00,4.82,23.00,794.00,21.18,61.81,210.71,106,0.00,0.00,0.00,30561
2022/8/28 5:55:18,0.00,4.82,23.00,794.00,21.18,61.81,204.73,104,0.00,0.00,0.00,30620
2022/8/28 5:56:25,0.00,4.82,23.00,794.00,21.18,61.81,205.47,104,0.00,0.00,0.00,30679
2022/8/28 5:57:33,0.00,4.81,23.00,794.00,21.18,61.80,210.34,105,0.00,0.00,0.00,30738
2022/8/28 5:58:40,0.00,4.81,23.00,794.00,21.18,61.76,208.86,105,0.00,0.00,0.00,30797
2022/8/28 5:59:47,0.00,4.82,23.00,794.00,21.17,61.74,208.12,105,0.00,0.00,0.00,30856
2022/8/28 6:0:55,0.00,4.82,23.00,794.00,21.17,61.73,212.90,107,0.00,0.00,0.00,30915
2022/8/28 6:2:2,0.00,4.82,23.00,794.00,21.17,61.72,208.49,105,0.00,0.00,0.00,30974
2022/8/28 6:3:10,0.00,4.82,23.00,794.00,21.17,61.73,213.73,107,0.00,0.00,0.00,31033
2022/8/28 6:4:17,0.00,4.82,23.00,794.00,21.17,61.73,209.83,106,0.00,0.00,0.00,31092
2022/8/28 6:5:25,0.00,4.83,23.00,794.00,21.17,61.74,209.05,105,0.00,0.00,0.00,31151
2022/8/28 6:6:32,0.00,4.83,23.00,794.00,21.16,61.72,211.90,107,0.00,0.00,0.00,31210
2022/8/28 6:7:39,0.00,4.82,23.00,794.00,21.16,61.71,211.02,106,0.00,0.00,0.00,31269
2022/8/28 6:8:47,0.00,4.82,23.00,794.00,21.16,61.70,202.53,103,0.00,0.00,0.00,31328
2022/8/28 6:9:54,0.00,4.83,23.00,794.00,21.16,61.68,214.97,108,0.00,0.00,0.00,31387
2022/8/28 6:11:2,0.00,4.83,23.00,794.00,21.16,61.67,211.66,107,0.00,0.00,0.00,31446
2022/8/28 6:12:9,0.00,4.83,23.00,794.00,21.16,61.65,211.44,106,0.00,0.00,0.00,31505
2022/8/28 6:14:24,0.00,4.82,23.00,794.00,21.15,61.63,211.44,106,0.00,0.00,0.00,31623
2022/8/28 6:15:31,0.00,4.82,23.00,794.00,21.15,61.60,212.12,106,0.00,0.00,0.00,31682
2022/8/28 6:16:39,0.00,4.82,23.00,794.00,21.15,61.61,199.53,102,0.00,0.00,0.00,31741
2022/8/28 6:17:46,0.00,4.82,23.00,794.00,21.15,61.59,214.27,108,0.00,0.00,0.00,31800
2022/8/28 6:18:54,0.00,4.82,23.00,794.00,21.15,61.59,219.42,110,0.00,0.00,0.00,31859
2022/8/28 6:20:1,0.00,4.82,23.00,794.00,21.15,61.58,204.73,104,0.00,0.00,0.00,31918
2022/8/28 6:21:8,0.00,4.82,23.00,794.00,21.14,61.56,214.49,106,0.00,0.00,0.00,31977
2022/8/28 6:22:16,0.00,4.82,23.00,794.00,21.14,61.54,251.20,122,0.00,0.00,0.00,32036
2022/8/28 6:23:23,0.00,4.82,23.00,794.00,21.14,61.53,219.81,110,0.00,0.00,0.00,32095
2022/8/28 6:24:31,0.00,4.82,23.00,794.00,21.14,61.51,205.76,104,0.00,0.00,0.00,32154
2022/8/28 6:25:38,0.00,4.82,23.00,794.00,21.14,61.51,209.03,105,0.00,0.00,0.00,32213
2022/8/28 6:26:46,0.00,4.82,23.00,794.00,21.14,61.49,210.90,106,0.00,0.00,0.00,32272
2022/8/28 6:27:53,0.00,4.82,23.00,794.00,21.13,61.50,210.32,105,0.00,0.00,0.00,32331
2022/8/28 6:29:0,0.00,4.82,23.00,794.00,21.14,61.49,210.37,106,0.00,0.00,0.00,32390
2022/8/28 6:30:8,0.00,4.82,23.00,794.00,21.14,61.47,213.36,107,0.00,0.00,0.00,32449
2022/8/28 6:31:15,0.00,4.82,23.00,794.00,21.13,61.46,207.76,105,0.00,0.00,0.00,32508
2022/8/28 6:32:23,0.00,4.82,23.00,794.00,21.13,61.45,209.63,105,0.00,0.00,0.00,32567
2022/8/28 6:33:30,0.00,4.83,23.00,794.00,21.13,61.43,209.85,105,0.00,0.00,0.00,32626
2022/8/28 6:34:37,0.00,4.83,23.00,794.00,21.13,61.43,205.54,104,0.00,0.00,0.00,32685
2022/8/28 6:35:45,0.00,4.83,23.00,794.00,21.13,61.42,206.32,104,0.00,0.00,0.00,32744
2022/8/28 6:36:52,0.00,4.84,23.00,794.00,21.12,61.39,213.25,107,0.00,0.00,0.00,32803
2022/8/28 6:38:0,0.00,4.84,23.00,794.00,21.12,61.34,208.85,104,0.00,0.00,0.00,32862
2022/8/28 6:39:7,0.00,4.84,23.00,794.02,21.12,61.35,198.95,101,0.00,0.00,0.00,32921
2022/8/28 6:40:15,0.00,4.83,23.00,794.00,21.12,61.38,211.53,106,0.00,0.00,0.00,32980
2022/8/28 6:41:22,0.00,4.83,23.00,794.00,21.12,61.36,211.44,106,0.00,0.00,0.00,33039
2022/8/28 6:42:29,0.00,4.83,23.00,794.00,21.12,61.36,214.68,107,0.00,0.00,0.00,33098
2022/8/28 6:44:44,0.00,4.83,23.00,794.00,21.11,61.34,210.66,106,0.00,0.00,0.00,33216
2022/8/28 6:45:52,0.00,4.83,23.00,794.00,21.11,61.31,211.95,106,0.00,0.00,0.00,33275
2022/8/28 6:46:59,0.00,4.83,23.00,794.00,21.11,61.32,210.42,105,0.00,0.00,0.00,33334
2022/8/28 6:48:7,0.00,4.83,23.00,794.00,21.11,61.28,200.03,102,0.00,0.00,0.00,33393
2022/8/28 6:49:14,0.00,4.84,23.00,794.00,21.11,61.23,210.73,106,0.00,0.00,0.00,33452
2022/8/28 6:50:21,0.00,4.83,23.00,794.00,21.11,61.23,209.32,105,0.00,0.00,0.00,33511
2022/8/28 6:51:29,0.00,4.83,23.00,794.00,21.10,61.22,213.41,107,0.00,0.00,0.00,33570
2022/8/28 6:52:36,0.00,4.83,23.00,794.00,21.10,61.20,221.59,110,0.00,0.00,0.00,33629
2022/8/28 6:53:44,0.00,4.83,23.00,794.00,21.10,61.17,203.07,104,0.00,0.00,0.00,33688
2022/8/28 6:54:51,0.00,4.82,23.00,794.00,21.10,61.16,269.08,128,0.00,0.00,0.00,33747
2022/8/28 6:55:59,0.00,4.82,23.00,794.00,21.10,61.12,214.54,107,0.00,0.00,0.00,33806
2022/8/28 6:57:6,0.00,4.82,23.00,794.00,21.10,61.09,210.41,105,0.00,0.00,0.00,33865
2022/8/28 6:58:13,0.00,4.82,23.00,794.00,21.10,61.08,207.15,104,0.00,0.00,0.00,33924
2022/8/28 6:59:21,0.00,4.82,23.00,794.00,21.09,61.05,214.56,106,0.00,0.00,0.00,33983
2022/8/28 7:0:28,0.00,4.81,23.00,794.00,21.09,61.03,214.98,107,0.00,0.00,0.00,34042
2022/8/28 7:1:36,0.00,4.81,23.00,794.00,21.09,61.01,215.02,107,0.00,0.00,0.00,34101
2022/8/28 7:2:43,0.00,4.80,23.00,794.00,21.09,61.01,208.46,104,0.00,0.00,0.00,34160
2022/8/28 7:3:50,0.00,4.81,23.00,794.00,21.09,60.97,211.88,106,0.00,0.00,0.00,34219
2022/8/28 7:4:58,0.00,4.81,23.00,794.00,21.09,60.98,214.73,107,0.00,0.00,0.00,34278
2022/8/28 7:6:5,0.00,4.82,23.00,794.00,21.08,60.96,211.68,106,0.00,0.00,0.00,34337
2022/8/28 7:7:13,0.00,4.82,23.00,794.00,21.08,60.94,215.20,107,0.00,0.00,0.00,34396
2022/8/28 7:8:20,0.00,4.82,23.00,794.00,21.08,60.95,211.31,106,0.00,0.00,0.00,34455
2022/8/28 7:9:28,0.00,4.83,23.00,794.00,21.08,60.93,210.58,106,0.00,0.00,0.00,34514
2022/8/28 7:11:42,0.00,4.83,23.00,794.00,21.08,60.95,218.64,108,0.00,0.00,0.00,34632
2022/8/28 7:12:50,0.00,4.84,23.00,794.00,21.08,60.95,209.59,105,0.00,0.00,0.00,34691
2022/8/28 7:13:57,0.00,4.83,23.00,794.00,21.08,60.94,216.88,107,0.00,0.00,0.00,34750
2022/8/28 7:15:5,0.00,4.83,23.00,794.00,21.07,60.94,213.58,107,0.00,0.00,0.00,34809
2022/8/28 7:16:12,0.00,4.83,23.00,794.00,21.07,60.92,204.97,103,0.00,0.00,0.00,34868
2022/8/28 7:17:19,0.00,4.82,23.00,794.00,21.07,60.93,210.76,105,0.00,0.00,0.00,34927
2022/8/28 7:18:27,0.00,4.82,23.00,794.00,21.07,60.93,213.10,106,0.00,0.00,0.00,34986
2022/8/28 7:19:34,0.00,4.82,23.00,794.00,21.07,60.91,209.53,105,0.00,0.00,0.00,35045
2022/8/28 7:20:42,0.00,4.82,23.00,794.00,21.07,60.93,201.73,101,0.00,0.00,0.00,35104
2022/8/28 7:21:49,0.00,4.82,23.00,794.00,21.07,60.96,213.64,106,0.00,0.00,0.00,35163
2022/8/28 7:22:57,0.00,4.82,23.00,794.00,21.07,60.96,210.05,105,0.00,0.00,0.00,35222
2022/8/28 7:24:4,0.00,4.82,23.00,794.00,21.06,60.96,211.59,105,0.00,0.00,0.00,35281
2022/8/28 7:25:11,0.00,4.81,23.00,794.00,21.06,60.94,216.20,107,0.00,0.00,0.00,35340
2022/8/28 7:26:19,0.00,4.82,23.00,794.00,21.06,60.92,220.54,109,0.00,0.00,0.00,35399
2022/8/28 7:27:26,0.00,4.82,23.00,794.00,21.06,60.91,208.85,105,0.00,0.00,0.00,35458
2022/8/28 7:28:34,0.00,4.83,23.00,794.00,21.06,60.89,211.42,105,0.00,0.00,0.00,35517
2022/8/28 7:29:41,0.00,4.83,23.00,794.00,21.05,60.75,218.64,108,0.00,0.00,0.00,35576
2022/8/28 7:30:49,0.00,4.83,23.00,794.00,21.05,60.84,215.61,107,0.00,0.00,0.00,35635
2022/8/28 7:31:56,0.00,4.83,23.00,794.00,21.05,60.86,207.64,104,0.00,0.00,0.00,35694
2022/8/28 7:33:3,0.00,4.83,23.00,794.00,21.05,60.85,208.71,104,0.00,0.00,0.00,35753
2022/8/28 7:34:11,0.00,4.82,22.97,794.00,21.05,60.86,210.34,105,0.00,0.00,0.00,35812
2022/8/28 7:36:26,0.00,4.83,22.93,794.00,21.04,60.87,216.54,107,0.00,0.00,0.00,35930
2022/8/28 7:37:33,0.00,4.83,22.97,794.00,21.04,60.88,216.42,107,0.00,0.00,0.00,35989
2022/8/28 7:38:40,0.00,4.83,23.00,794.00,21.04,60.87,204.15,102,0.00,0.00,0.00,36048
2022/8/28 7:39:48,0.00,4.84,23.00,794.00,21.04,60.82,198.08,100,0.00,0.00,0.00,36107
2022/8/28 7:40:55,0.00,4.84,23.00,794.00,21.04,60.77,206.61,104,0.00,0.00,0.00,36166
2022/8/28 7:42:3,0.00,4.84,23.00,794.00,21.04,60.73,213.08,106,0.00,0.00,0.00,36225
2022/8/28 7:43:10,0.00,4.84,23.00,794.00,21.03,60.76,200.25,102,0.00,0.00,0.00,36284
2022/8/28 7:44:18,0.00,4.84,23.00,794.00,21.03,60.79,202.42,102,0.00,0.00,0.00,36343
2022/8/28 7:45:25,0.00,4.84,22.97,794.00,21.03,60.70,188.32,97,0.00,0.00,0.00,36402
2022/8/28 7:46:32,0.00,4.84,23.00,794.00,21.03,60.82,221.73,110,0.00,0.00,0.00,36461
2022/8/28 7:47:40,0.00,4.84,23.00,794.00,21.03,60.80,231.86,113,0.00,0.00,0.00,36520
2022/8/28 7:48:47,0.00,4.84,23.00,794.00,21.03,60.84,223.92,110,0.00,0.00,0.00,36579
2022/8/28 7:49:55,0.00,4.84,23.00,794.00,21.03,60.82,212.63,106,0.00,0.00,0.00,36638
2022/8/28 7:52:10,0.00,4.83,23.00,794.00,21.03,60.78,216.69,107,0.00,0.00,0.00,36756
2022/8/28 7:53:17,0.00,4.83,22.97,794.00,21.02,60.82,216.64,108,0.00,0.00,0.00,36815
2022/8/28 7:54:24,0.00,4.82,22.97,794.00,21.03,60.81,207.54,104,0.00,0.00,0.00,36874
2022/8/28 7:55:32,0.00,4.82,22.97,794.00,21.02,60.80,213.95,107,0.00,0.00,0.00,36933
2022/8/28 7:57:47,0.00,4.82,23.00,794.00,21.02,60.83,219.20,108,0.00,0.00,0.00,37051
2022/8/28 7:58:54,0.00,4.81,23.00,794.00,21.02,60.77,210.66,105,0.00,0.00,0.00,37110
2022/8/28 8:0:1,0.00,4.81,23.00,794.00,21.02,60.77,207.34,103,0.00,0.00,0.00,37169
2022/8/28 8:1:9,0.00,4.81,23.00,794.00,21.02,60.76,210.85,104,0.00,0.00,0.00,37228
2022/8/28 8:2:16,0.00,4.81,22.97,794.00,21.02,60.68,210.27,105,0.00,0.00,0.00,37287
2022/8/28 8:3:24,0.00,4.82,23.00,794.00,21.02,60.72,211.34,105,0.00,0.00,0.00,37346
2022/8/28 8:4:31,0.00,4.82,22.83,794.00,21.02,60.82,209.14,104,0.00,0.00,0.00,37405
2022/8/28 8:5:39,0.00,4.82,22.69,794.00,21.01,60.76,211.49,105,0.00,0.00,0.00,37464
2022/8/28 8:7:53,0.00,4.82,22.59,794.00,21.01,60.79,210.36,105,0.00,0.00,0.00,37582
2022/8/28 8:9:1,0.00,4.82,22.80,794.00,21.01,60.80,211.32,105,0.00,0.00,0.00,37641
2022/8/28 8:10:8,0.00,4.82,22.59,794.00,21.01,60.77,212.56,105,0.00,0.00,0.00,37700
2022/8/28 8:11:16,0.00,4.82,22.66,794.00,21.01,60.81,213.14,106,0.00,0.00,0.00,37759
2022/8/28 8:12:23,0.00,4.82,22.66,794.00,21.01,60.84,214.78,106,0.00,0.00,0.00,37818
2022/8/28 8:13:30,0.00,4.82,22.93,794.00,21.01,60.82,212.76,106,0.00,0.00,0.00,37877
2022/8/28 8:14:38,0.00,4.82,22.61,794.00,21.00,60.68,213.08,106,0.00,0.00,0.00,37936
2022/8/28 8:15:45,0.00,4.82,22.64,794.00,21.00,60.88,213.02,106,0.00,0.00,0.00,37995
2022/8/28 8:16:53,0.00,4.82,22.83,794.00,21.00,60.92,210.56,105,0.00,0.00,0.00,38054
2022/8/28 8:18:0,0.00,4.82,22.80,794.00,21.00,60.90,208.85,104,0.00,0.00,0.00,38113
2022/8/28 8:19:8,0.00,4.82,22.83,794.00,21.00,60.79,206.69,104,0.00,0.00,0.00,38172
2022/8/28 8:20:15,0.00,4.82,22.73,794.00,21.00,60.83,212.46,106,0.00,0.00,0.00,38231
2022/8/28 8:21:22,0.00,4.81,22.76,794.00,21.00,60.81,215.61,106,0.00,0.00,0.00,38290
2022/8/28 8:22:30,0.00,4.82,22.90,794.00,21.00,60.70,215.36,107,0.00,0.00,0.00,38349
2022/8/28 8:23:37,0.00,4.82,22.76,794.02,21.00,60.79,214.78,107,0.00,0.00,0.00,38408
2022/8/28 8:24:45,0.00,4.82,22.69,794.00,20.99,60.83,214.00,106,0.00,0.00,0.00,38467
2022/8/28 8:25:52,0.00,4.82,22.93,794.00,20.99,60.90,211.07,105,0.00,0.00,0.00,38526
2022/8/28 8:27:0,0.00,4.82,22.90,794.00,20.99,60.79,209.56,105,0.00,0.00,0.00,38585
2022/8/28 8:28:7,0.00,4.82,22.93,794.00,20.99,60.82,210.97,105,0.00,0.00,0.00,38644
2022/8/28 8:29:14,0.00,4.82,22.97,794.00,20.99,60.85,209.64,104,0.00,0.00,0.00,38703
2022/8/28 8:30:22,0.00,4.82,22.90,794.00,20.99,60.72,211.58,105,0.00,0.00,0.00,38762
2022/8/28 8:31:29,0.00,4.82,22.83,794.00,20.99,60.75,213.71,106,0.00,0.00,0.00,38821
2022/8/28 8:32:37,0.00,4.82,22.90,794.00,20.99,60.80,212.02,105,0.00,0.00,0.00,38880
2022/8/28 8:33:44,0.00,4.82,22.97,794.00,20.99,60.81,214.03,106,0.00,0.00,0.00,38939
2022/8/28 8:34:51,0.00,4.82,22.83,794.02,20.99,60.93,213.53,106,0.00,0.00,0.00,38998
2022/8/28 8:35:59,0.00,4.82,22.90,794.00,20.99,60.99,213.27,106,0.00,0.00,0.00,39057
2022/8/28 8:37:6,0.00,4.82,22.83,794.00,20.98,60.88,212.27,106,0.00,0.00,0.00,39116
2022/8/28 8:38:14,0.00,4.82,22.69,794.00,20.98,60.87,211.64,105,0.00,0.00,0.00,39175
2022/8/28 8:39:21,0.00,4.82,22.63,794.00,20.98,60.97,215.37,106,0.00,0.00,0.00,39234
2022/8/28 8:40:29,0.00,4.82,22.73,794.00,20.98,60.90,212.63,106,0.00,0.00,0.00,39293
2022/8/28 8:41:36,0.00,4.81,22.76,794.00,20.98,60.91,212.93,105,0.00,0.00,0.00,39352
2022/8/28 8:42:43,0.00,4.81,22.69,794.00,20.98,60.89,209.42,104,0.00,0.00,0.00,39411
2022/8/28 8:43:51,0.00,4.81,22.76,794.00,20.98,60.90,214.42,106,0.00,0.00,0.00,39470
2022/8/28 8:44:58,0.00,4.81,22.73,794.00,20.98,60.87,218.14,108,0.00,0.00,0.00,39529
2022/8/28 8:46:6,0.00,4.82,22.68,794.00,20.98,60.96,213.58,106,0.00,0.00,0.00,39588
2022/8/28 8:47:13,0.00,4.82,22.68,794.00,20.97,60.96,209.90,104,0.00,0.00,0.00,39647
2022/8/28 8:48:20,0.00,4.82,22.66,794.00,20.97,60.97,209.02,104,0.00,0.00,0.00,39706
2022/8/28 8:49:28,0.00,4.82,22.66,794.00,20.97,60.88,213.19,106,0.00,0.00,0.00,39765
2022/8/28 8:50:35,0.00,4.82,22.63,794.00,20.97,60.94,216.69,107,0.00,0.00,0.00,39824
2022/8/28 8:51:43,0.00,4.82,22.49,794.02,20.97,60.86,214.22,106,0.00,0.00,0.00,39883
2022/8/28 8:52:50,0.00,4.82,22.73,794.00,20.98,60.81,209.49,104,0.00,0.00,0.00,39942
2022/8/28 8:53:58,0.00,4.82,22.83,794.02,20.98,60.95,211.03,105,0.00,0.00,0.00,40001
2022/8/28 8:55:5,0.00,4.82,22.97,794.00,20.98,61.08,210.75,105,0.00,0.00,0.00,40060
2022/8/28 8:56:12,0.00,4.81,22.93,794.00,20.98,61.12,213.05,106,0.00,0.00,0.00,40119
2022/8/28 8:57:20,0.00,4.82,22.83,794.00,20.98,61.18,215.71,107,0.00,0.00,0.00,40178
2022/8/28 8:58:27,0.00,4.82,22.90,794.00,20.98,61.16,212.64,106,0.00,0.00,0.00,40237
2022/8/28 8:59:35,0.00,4.82,22.90,794.00,20.98,61.11,213.05,106,0.00,0.00,0.00,40296
2022/8/28 9:0:42,0.00,4.82,22.97,794.00,20.98,61.09,210.78,105,0.00,0.00,0.00,40355
2022/8/28 9:1:50,0.00,4.82,22.93,794.00,20.98,61.11,217.41,108,0.00,0.00,0.00,40414
2022/8/28 9:2:57,0.00,4.82,22.73,794.00,20.98,61.08,214.27,106,0.00,0.00,0.00,40473
2022/8/28 9:4:4,0.00,4.82,22.80,794.00,20.98,60.99,207.59,104,0.00,0.00,0.00,40532
2022/8/28 9:5:12,0.00,4.82,22.83,794.00,20.98,60.97,210.36,105,0.00,0.00,0.00,40591
2022/8/28 9:6:19,0.00,4.82,22.86,794.00,20.97,60.92,211.25,105,0.00,0.00,0.00,40650
2022/8/28 9:7:27,0.00,4.82,22.86,794.00,20.97,60.95,212.02,105,0.00,0.00,0.00,40709
2022/8/28 9:8:34,0.00,4.82,22.83,794.00,20.97,60.98,214.02,106,0.00,0.00,0.00,40768
2022/8/28 9:9:42,0.00,4.82,22.69,794.00,20.97,60.91,214.56,106,0.00,0.00,0.00,40827
2022/8/28 9:10:49,0.00,4.82,22.76,794.00,20.97,60.93,209.58,104,0.00,0.00,0.00,40886
2022/8/28 9:11:56,0.00,4.83,22.56,794.00,20.97,60.90,210.29,105,0.00,0.00,0.00,40945
