2022/10/20 0:0:44,0.00,0.00,24.00,924.77,21.66,73.14,80.62,125,0.00,0.00,0.00,903823
2022/10/20 0:1:45,0.00,0.00,24.00,924.89,21.66,73.27,51.40,114,0.00,0.00,0.00,964160
2022/10/20 0:2:45,0.00,0.00,24.00,924.82,21.66,73.23,53.49,115,0.00,0.00,0.00,1024474
2022/10/20 0:3:46,0.00,0.00,24.00,924.80,21.66,73.24,93.14,130,0.00,0.00,0.00,1084810
2022/10/20 0:4:46,0.00,0.00,24.00,924.66,21.65,73.24,78.51,122,0.00,0.00,0.00,1145125
2022/10/20 0:5:47,0.00,0.00,24.00,924.80,21.65,73.19,80.40,124,0.00,0.00,0.00,1205460
2022/10/20 0:6:47,0.00,0.00,24.00,924.86,21.65,73.22,50.63,113,0.00,0.00,0.00,1265776
2022/10/20 0:7:48,0.00,0.00,24.00,924.75,21.65,73.26,74.03,123,0.00,0.00,0.00,1326111
2022/10/20 0:8:48,0.00,0.00,24.00,924.39,21.64,73.21,74.68,123,0.00,0.00,0.00,1386426
2022/10/20 0:9:49,0.00,0.00,24.00,924.25,21.64,73.31,61.80,118,0.00,0.00,0.00,1446763
2022/10/20 0:10:49,0.00,0.00,24.00,924.25,21.64,73.19,64.33,119,0.00,0.00,0.00,1507080
2022/10/20 0:11:50,0.00,0.00,24.00,924.57,21.65,73.10,67.65,120,0.00,0.00,0.00,1567414
2022/10/20 0:12:50,0.00,0.00,24.00,924.50,21.65,73.37,63.17,118,0.00,0.00,0.00,1627729
2022/10/20 0:13:51,0.00,0.00,24.00,924.37,21.64,73.47,59.37,116,0.00,0.00,0.00,1688065
2022/10/20 0:14:51,0.00,0.00,24.00,924.50,21.64,73.47,85.54,127,0.00,0.00,0.00,1748380
2022/10/20 0:15:51,0.00,0.00,24.00,924.41,21.63,73.50,65.81,119,0.00,0.00,0.00,1808717
2022/10/20 0:16:52,0.00,0.00,24.00,924.41,21.63,73.38,76.49,124,0.00,0.00,0.00,1869030
2022/10/20 0:17:52,0.00,0.00,24.00,924.46,21.63,73.40,72.63,122,0.00,0.00,0.00,1929367
2022/10/20 0:18:53,0.00,0.00,24.00,924.14,21.63,73.47,55.57,115,0.00,0.00,0.00,1989683
2022/10/20 0:19:53,0.00,0.00,24.00,924.12,21.63,73.33,83.85,127,0.00,0.00,0.00,2050017
2022/10/20 0:20:54,0.00,0.00,24.00,924.37,21.63,73.46,61.86,118,0.00,0.00,0.00,2110334
2022/10/20 0:21:54,0.00,0.00,24.00,924.23,21.62,73.45,61.68,118,0.00,0.00,0.00,2170668
2022/10/20 0:22:55,0.00,0.00,24.00,924.48,21.62,73.36,70.77,121,0.00,0.00,0.00,2230983
2022/10/20 0:23:55,0.00,0.00,24.00,924.48,21.62,73.31,88.25,129,0.00,0.00,0.00,2291320
2022/10/20 0:24:56,0.00,0.00,24.00,924.48,21.62,73.30,90.32,130,0.00,0.00,0.00,2351633
2022/10/20 0:25:56,0.00,0.00,24.00,924.48,21.62,73.25,31.04,105,0.00,0.00,0.00,2411971
2022/10/20 0:26:57,0.00,0.00,24.00,924.43,21.62,73.27,60.94,117,0.02,0.00,0.00,2472286
2022/10/20 0:27:57,0.00,0.00,24.00,924.32,21.62,73.27,82.74,126,0.00,0.00,0.00,2532621
2022/10/20 0:28:57,0.00,0.00,24.00,924.39,21.62,73.25,63.24,118,0.00,0.00,0.00,2592937
2022/10/20 0:29:58,0.00,0.00,24.00,924.12,21.62,73.24,71.25,121,0.00,0.00,0.00,2653272
2022/10/20 0:30:58,0.00,0.00,24.00,924.32,21.62,73.24,64.41,118,0.00,0.00,0.00,2713586
2022/10/20 0:31:59,0.00,0.00,24.00,924.32,21.61,73.24,68.87,121,0.00,0.00,0.00,2773923
2022/10/20 0:32:59,0.00,0.00,24.00,924.37,21.62,73.29,73.09,122,0.00,0.00,0.00,2834237
2022/10/20 0:34:0,0.00,0.00,24.00,924.19,21.61,73.30,138.03,145,0.00,0.00,0.00,2894574
2022/10/20 0:35:0,0.00,0.00,24.00,924.48,21.61,73.21,39.30,112,0.00,0.00,0.00,2954888
2022/10/20 0:36:1,0.00,0.00,24.00,924.21,21.61,73.21,92.44,128,0.00,0.00,0.00,3015223
2022/10/20 0:37:1,0.00,0.00,24.00,924.46,21.61,73.24,74.01,124,0.00,0.00,0.00,3075539
2022/10/20 0:38:2,0.00,0.00,24.00,924.25,21.61,73.32,65.71,119,0.00,0.00,0.00,3135876
2022/10/20 0:39:2,0.00,0.00,24.00,924.19,21.61,73.28,67.41,120,0.00,0.00,0.00,3196188
2022/10/20 0:40:3,0.00,0.00,24.00,923.92,21.61,73.28,74.94,123,0.00,0.00,0.00,3256525
2022/10/20 0:41:3,0.00,0.00,24.00,924.01,21.61,73.29,60.48,118,0.00,0.00,0.00,3316839
2022/10/20 0:42:4,0.00,0.00,24.00,924.25,21.60,73.27,64.68,119,0.00,0.00,0.00,3377176
2022/10/20 0:43:4,0.00,0.00,24.00,924.30,21.60,73.27,60.40,117,0.00,0.00,0.00,3437493
2022/10/20 0:44:4,0.00,0.00,24.00,924.25,21.60,73.33,59.74,117,0.00,0.00,0.00,3497826
2022/10/20 0:45:5,0.00,0.00,24.00,924.39,21.60,73.34,46.92,112,0.00,0.00,0.00,3558142
2022/10/20 0:46:47,0.00,0.00,24.00,924.12,21.59,73.30,127.00,144,0.00,0.00,0.00,60017
2022/10/20 0:47:47,0.00,0.00,24.00,924.25,21.59,73.31,75.40,124,0.00,0.00,0.00,120268
2022/10/20 0:48:48,0.00,0.00,24.00,924.28,21.59,73.34,29.75,106,0.00,0.00,0.00,180517
2022/10/20 0:49:48,0.00,0.00,23.85,924.48,21.59,73.41,-6.09,90,0.00,0.00,0.00,240765
2022/10/20 0:50:49,0.00,0.00,23.25,924.43,21.59,73.42,44.41,111,0.00,0.00,0.00,301015
2022/10/20 0:51:49,0.00,0.00,23.15,924.37,21.59,73.44,90.63,128,0.00,0.00,0.00,361311
2022/10/20 0:52:49,0.00,0.00,23.23,924.30,21.59,73.44,67.87,119,0.00,0.00,0.00,421560
2022/10/20 0:53:50,0.00,0.00,23.00,924.30,21.59,73.43,69.86,121,0.00,0.00,0.00,481808
2022/10/20 0:54:50,0.00,0.00,23.00,924.66,21.58,73.53,65.27,119,0.00,0.00,0.00,542056
2022/10/20 0:55:51,0.00,0.00,23.17,924.46,21.58,73.60,66.75,120,0.00,0.00,0.00,602304
2022/10/20 0:56:51,0.00,0.00,23.40,924.57,21.58,73.54,74.31,123,0.00,0.00,0.00,662552
2022/10/20 0:57:51,0.00,0.00,23.66,924.19,21.57,73.68,53.56,115,0.00,0.00,0.00,722859
2022/10/20 0:58:52,0.00,0.00,23.96,924.19,21.57,73.73,69.90,122,0.00,0.00,0.00,783174
2022/10/20 0:59:52,0.00,0.00,24.00,924.28,21.57,73.76,70.79,122,0.00,0.00,0.00,843509
2022/10/20 1:0:53,0.00,0.00,23.96,924.46,21.56,73.63,61.51,118,0.00,0.00,0.00,903823
2022/10/20 1:1:53,0.00,0.00,23.81,924.48,21.56,73.57,73.59,123,0.00,0.00,0.00,964162
2022/10/20 1:2:54,0.00,0.00,23.58,924.52,21.56,73.53,74.13,124,0.00,0.00,0.00,1024477
2022/10/20 1:3:54,0.00,0.00,23.40,924.50,21.56,73.61,100.13,135,0.00,0.00,0.00,1084813
2022/10/20 1:4:55,0.00,0.00,23.36,924.59,21.56,73.72,62.67,116,0.00,0.00,0.00,1145128
2022/10/20 1:5:55,0.00,0.00,23.55,924.57,21.56,73.81,74.29,122,0.00,0.00,0.00,1205462
2022/10/20 1:6:56,0.00,0.00,23.74,924.59,21.55,73.76,41.09,110,0.00,0.00,0.00,1265777
2022/10/20 1:7:56,0.00,0.00,24.00,924.70,21.55,73.62,102.03,135,0.00,0.00,0.00,1326115
2022/10/20 1:8:56,0.00,0.00,24.00,924.19,21.55,73.66,50.39,114,0.00,0.00,0.00,1386428
2022/10/20 1:9:57,0.00,0.00,24.00,924.19,21.55,73.75,81.87,127,0.00,0.00,0.00,1446765
2022/10/20 1:10:57,0.00,0.00,24.00,924.23,21.55,73.75,52.80,115,0.00,0.00,0.00,1507081
2022/10/20 1:11:58,0.00,0.00,24.00,924.37,21.55,73.82,61.21,118,0.00,0.00,0.00,1567416
2022/10/20 1:12:58,0.00,0.00,24.00,924.39,21.54,73.77,70.60,122,0.00,0.00,0.00,1627732
2022/10/20 1:13:59,0.00,0.00,23.96,924.50,21.54,73.73,76.76,124,0.00,0.00,0.00,1688068
2022/10/20 1:14:59,0.00,0.00,24.00,924.34,21.54,73.85,63.76,119,0.00,0.00,0.00,1748381
2022/10/20 1:16:0,0.00,0.00,24.00,924.48,21.54,73.84,40.69,110,0.00,0.00,0.00,1808717
2022/10/20 1:17:0,0.00,0.00,24.00,924.66,21.54,73.79,48.19,113,0.00,0.00,0.00,1869031
2022/10/20 1:18:1,0.00,0.00,24.00,924.48,21.54,73.81,89.99,131,0.00,0.00,0.00,1929368
2022/10/20 1:19:1,0.00,0.00,24.00,924.16,21.54,73.86,34.84,107,0.00,0.00,0.00,1989685
2022/10/20 1:20:2,0.00,0.00,24.00,924.37,21.53,73.88,10.33,99,0.00,0.00,0.00,2050017
2022/10/20 1:21:2,0.00,0.00,24.00,924.41,21.53,73.95,73.30,120,0.00,0.00,0.00,2110337
2022/10/20 1:22:3,0.00,0.00,24.00,924.21,21.53,73.93,5.20,95,0.00,0.00,0.00,2170671
2022/10/20 1:23:3,0.00,0.00,24.00,924.23,21.52,73.91,48.30,112,0.00,0.00,0.00,2230985
2022/10/20 1:24:3,0.00,0.00,24.00,924.28,21.52,73.96,65.44,120,0.00,0.00,0.00,2291322
2022/10/20 1:25:4,0.00,0.00,24.00,924.50,21.52,73.85,73.00,122,0.00,0.00,0.00,2351637
2022/10/20 1:26:4,0.00,0.00,23.96,924.46,21.52,73.84,56.47,116,0.00,0.00,0.00,2411972
2022/10/20 1:27:5,0.00,0.00,24.00,924.48,21.52,73.95,58.15,117,0.00,0.00,0.00,2472290
2022/10/20 1:28:5,0.00,0.00,24.00,924.34,21.51,73.95,63.02,119,0.00,0.00,0.00,2532623
2022/10/20 1:29:6,0.00,0.00,24.00,924.32,21.51,73.99,61.49,118,0.00,0.00,0.00,2592940
2022/10/20 1:30:6,0.00,0.00,24.00,924.16,21.51,73.96,91.87,132,0.00,0.00,0.00,2653276
2022/10/20 1:31:7,0.00,0.00,24.00,924.03,21.51,74.08,51.81,114,0.00,0.00,0.00,2713588
2022/10/20 1:32:7,0.00,0.00,24.00,924.21,21.51,74.00,72.41,123,0.00,0.00,0.00,2773926
2022/10/20 1:33:8,0.00,0.00,24.00,924.37,21.50,74.04,60.77,119,0.00,0.00,0.00,2834240
2022/10/20 1:34:8,0.00,0.00,24.00,924.30,21.50,74.07,61.93,119,0.00,0.00,0.00,2894576
2022/10/20 1:35:9,0.00,0.00,23.85,924.23,21.50,73.91,101.50,137,0.00,0.00,0.00,2954894
2022/10/20 1:36:9,0.00,0.00,23.58,924.25,21.50,74.02,55.33,114,0.00,0.00,0.00,3015226
2022/10/20 1:37:10,0.00,0.00,23.43,924.44,21.50,74.09,-8.21,89,0.00,0.00,0.00,3075543
2022/10/20 1:38:10,0.00,0.00,23.89,924.14,21.50,74.12,152.47,156,0.00,0.00,0.00,3135882
2022/10/20 1:39:10,0.00,0.00,24.00,924.28,21.49,74.05,69.53,123,0.00,0.00,0.00,3196194
2022/10/20 1:40:11,0.00,0.00,24.00,924.10,21.49,74.09,56.90,116,0.00,0.00,0.00,3256531
2022/10/20 1:41:11,0.00,0.00,24.00,924.19,21.49,74.09,57.34,117,0.00,0.00,0.00,3316844
2022/10/20 1:42:12,0.00,0.00,24.00,924.25,21.49,74.14,61.25,119,0.00,0.00,0.00,3377180
2022/10/20 1:43:12,0.00,0.00,24.00,924.32,21.49,74.15,83.53,127,0.00,0.00,0.00,3437497
2022/10/20 1:44:13,0.00,0.00,23.89,924.19,21.48,74.10,63.43,119,0.00,0.00,0.00,3497832
2022/10/20 1:45:13,0.00,0.00,23.58,924.23,21.48,74.08,69.53,122,0.00,0.00,0.00,3558147
2022/10/20 1:46:55,0.00,0.00,23.31,924.01,21.48,74.15,72.45,124,0.00,0.00,0.00,60016
2022/10/20 1:47:56,0.00,0.00,23.00,923.96,21.48,74.06,71.97,123,0.00,0.00,0.00,120267
2022/10/20 1:48:56,0.00,0.00,23.00,924.07,21.48,74.03,63.19,120,0.00,0.00,0.00,180517
2022/10/20 1:49:56,0.00,0.00,23.00,924.37,21.48,74.08,66.25,121,0.00,0.00,0.00,240768
2022/10/20 1:50:57,0.00,0.00,23.00,924.07,21.48,74.10,73.50,123,0.00,0.00,0.00,301018
2022/10/20 1:51:57,0.00,0.00,23.00,923.98,21.47,74.15,70.75,123,0.00,0.00,0.00,361268
2022/10/20 1:52:58,0.00,0.00,23.00,924.01,21.47,74.16,71.14,123,0.00,0.00,0.00,421566
2022/10/20 1:53:58,0.00,0.00,23.00,924.32,21.47,74.29,69.31,122,0.00,0.00,0.00,481816
2022/10/20 1:55:59,0.00,0.00,23.00,924.30,21.47,74.14,66.14,121,0.00,0.00,0.00,602315
2022/10/20 1:56:59,0.00,0.00,23.00,924.03,21.47,74.20,68.26,121,0.00,0.00,0.00,662564
2022/10/20 1:58:0,0.00,0.00,23.00,923.78,21.46,74.22,70.45,123,0.00,0.00,0.00,722856
2022/10/20 1:59:0,0.00,0.00,23.00,923.89,21.46,74.17,57.16,117,0.00,0.00,0.00,783171
2022/10/20 2:0:1,0.00,0.00,23.00,923.94,21.46,74.18,91.15,131,0.00,0.00,0.00,843505
2022/10/20 2:1:1,0.00,0.00,23.00,923.71,21.46,74.23,50.89,115,0.00,0.00,0.00,903821
2022/10/20 2:2:2,0.00,0.00,23.00,924.10,21.46,74.32,47.95,114,0.00,0.00,0.00,964157
2022/10/20 2:3:2,0.00,0.00,23.00,923.89,21.45,74.30,88.31,131,0.00,0.00,0.00,1024472
2022/10/20 2:4:2,0.00,0.00,23.00,923.71,21.45,74.29,71.28,123,0.00,0.00,0.00,1084809
2022/10/20 2:5:3,0.00,0.00,23.00,923.74,21.45,74.23,40.76,110,0.00,0.00,0.00,1145121
2022/10/20 2:6:3,0.00,0.00,23.00,923.89,21.45,74.19,91.92,131,0.00,0.00,0.00,1205457
2022/10/20 2:7:4,0.00,0.00,23.00,923.94,21.45,74.19,46.16,111,0.00,0.00,0.00,1265773
2022/10/20 2:8:4,0.00,0.00,23.00,923.65,21.45,74.28,58.08,117,0.00,0.00,0.00,1326110
2022/10/20 2:9:5,0.00,0.00,23.00,923.24,21.45,74.39,66.19,121,0.00,0.00,0.00,1386424
2022/10/20 2:10:5,0.00,0.00,23.00,923.56,21.45,74.32,57.34,119,0.00,0.00,0.00,1446761
2022/10/20 2:11:6,0.00,0.00,23.00,923.56,21.45,74.27,72.96,124,0.00,0.00,0.00,1507076
2022/10/20 2:12:6,0.00,0.00,23.00,923.44,21.45,74.37,51.77,116,0.00,0.00,0.00,1567413
2022/10/20 2:13:7,0.00,0.00,23.00,923.67,21.44,74.24,76.23,124,0.00,0.00,0.00,1627727
2022/10/20 2:14:7,0.00,0.00,23.00,923.65,21.44,74.25,114.87,142,0.00,0.00,0.00,1688064
2022/10/20 2:15:8,0.00,0.00,23.00,923.58,21.44,74.35,109.65,139,0.00,0.00,0.00,1748378
2022/10/20 2:16:8,0.00,0.00,23.00,923.83,21.44,74.35,35.25,108,0.00,0.00,0.00,1808713
2022/10/20 2:17:9,0.00,0.00,23.00,923.67,21.44,74.27,90.47,131,0.00,0.00,0.00,1869028
2022/10/20 2:18:9,0.00,0.00,23.00,923.62,21.44,74.33,97.31,136,0.00,0.00,0.00,1929366
2022/10/20 2:19:9,0.00,0.00,23.00,923.08,21.44,74.28,128.66,146,0.00,0.00,0.00,1989680
2022/10/20 2:20:10,0.00,0.00,23.00,923.38,21.44,74.31,103.08,137,0.00,0.00,0.00,2050018
2022/10/20 2:21:10,0.00,0.00,23.00,923.08,21.44,74.27,127.94,144,0.00,0.00,0.00,2110332
2022/10/20 2:22:11,0.00,0.00,23.00,923.42,21.44,74.35,103.95,133,0.00,0.00,0.00,2170668
2022/10/20 2:23:11,0.00,0.00,23.00,923.31,21.44,74.39,63.21,121,0.00,0.00,0.00,2230982
2022/10/20 2:24:12,0.00,0.00,23.00,923.44,21.44,74.34,-37.33,80,0.00,0.00,0.00,2291318
2022/10/20 2:25:12,0.00,0.00,23.00,923.42,21.44,74.39,66.84,120,0.00,0.00,0.00,2351632
2022/10/20 2:26:13,0.00,0.00,23.00,923.47,21.44,74.35,79.49,127,0.00,0.00,0.00,2411970
2022/10/20 2:27:13,0.00,0.00,23.00,923.24,21.44,74.49,70.23,123,0.00,0.00,0.00,2472283
2022/10/20 2:28:14,0.00,0.00,23.00,923.47,21.43,74.53,78.16,126,0.00,0.00,0.00,2532620
2022/10/20 2:29:14,0.00,0.00,23.00,923.20,21.43,74.41,77.26,124,0.00,0.00,0.00,2592934
2022/10/20 2:30:15,0.00,0.00,23.00,922.95,21.43,74.51,146.00,155,0.00,0.00,0.00,2653272
2022/10/20 2:31:15,0.00,0.00,23.00,923.31,21.43,74.51,38.44,114,0.00,0.00,0.00,2713585
2022/10/20 2:32:15,0.00,0.00,23.00,923.08,21.43,74.60,112.47,140,0.00,0.00,0.00,2773922
2022/10/20 2:33:16,0.00,0.00,23.00,923.11,21.43,74.56,62.40,120,0.00,0.00,0.00,2834235
2022/10/20 2:34:16,0.00,0.00,23.00,923.38,21.42,74.66,55.74,117,0.00,0.00,0.00,2894573
2022/10/20 2:35:17,0.00,0.00,23.00,923.35,21.42,74.69,-22.76,87,0.00,0.00,0.00,2954888
2022/10/20 2:36:17,0.00,0.00,23.00,923.33,21.42,74.72,75.58,124,0.00,0.00,0.00,3015223
2022/10/20 2:37:18,0.00,0.00,23.00,923.33,21.42,74.64,68.57,123,0.00,0.00,0.00,3075537
2022/10/20 2:38:18,0.00,0.00,23.00,923.11,21.41,74.58,68.48,122,0.00,0.00,0.00,3135874
2022/10/20 2:39:19,0.00,0.00,23.00,923.22,21.41,74.74,60.53,120,0.00,0.00,0.00,3196188
2022/10/20 2:40:19,0.00,0.00,23.00,922.88,21.41,74.71,61.20,121,0.00,0.00,0.00,3256526
2022/10/20 2:41:20,0.00,0.00,23.00,922.86,21.41,74.62,61.86,120,0.00,0.00,0.00,3316838
2022/10/20 2:42:20,0.00,0.00,23.00,922.97,21.41,74.77,65.33,122,0.00,0.00,0.00,3377176
2022/10/20 2:43:21,0.00,0.00,23.00,923.15,21.40,74.65,68.24,123,0.00,0.00,0.00,3437491
2022/10/20 2:44:21,0.00,0.00,23.00,923.13,21.40,74.70,83.77,128,0.00,0.00,0.00,3497826
2022/10/20 2:45:22,0.00,0.00,23.00,923.17,21.40,74.72,62.21,120,0.00,0.00,0.00,3558142
2022/10/20 2:47:4,0.00,0.00,23.00,922.86,21.40,74.80,81.59,128,0.00,0.00,0.00,60015
2022/10/20 2:48:4,0.00,0.00,23.00,922.97,21.40,74.77,68.52,123,0.00,0.00,0.00,120267
2022/10/20 2:49:4,0.00,0.00,23.00,922.99,21.40,74.72,67.98,123,0.00,0.00,0.00,180517
2022/10/20 2:50:5,0.00,0.00,23.00,923.02,21.40,74.73,67.73,123,0.00,0.00,0.00,240768
2022/10/20 2:51:5,0.00,0.00,23.00,923.22,21.40,74.72,47.11,115,0.00,0.00,0.00,301018
2022/10/20 2:52:6,0.00,0.00,23.00,923.04,21.39,74.77,72.56,124,0.00,0.00,0.00,361266
2022/10/20 2:53:6,0.00,0.00,23.00,923.15,21.39,74.86,74.27,126,0.00,0.00,0.00,421561
2022/10/20 2:54:6,0.00,0.00,23.00,923.15,21.39,74.73,68.06,123,0.00,0.00,0.00,481808
2022/10/20 2:55:7,0.00,0.00,23.00,922.93,21.39,74.81,71.80,124,0.00,0.00,0.00,542055
2022/10/20 2:56:7,0.00,0.00,23.00,923.06,21.39,74.85,60.99,120,0.00,0.00,0.00,602303
2022/10/20 2:57:8,0.00,0.00,23.00,923.08,21.39,74.79,62.82,121,0.00,0.00,0.00,662550
2022/10/20 2:58:8,0.00,0.00,23.00,922.79,21.39,74.83,67.45,123,0.00,0.00,0.00,722856
2022/10/20 2:59:8,0.00,0.00,23.00,923.02,21.38,74.82,60.27,120,0.00,0.00,0.00,783171
2022/10/20 3:0:9,0.00,0.00,23.00,923.15,21.38,74.82,63.32,121,0.00,0.00,0.00,843505
2022/10/20 3:1:9,0.00,0.00,23.00,923.06,21.38,74.84,69.44,124,0.00,0.00,0.00,903822
2022/10/20 3:2:10,0.00,0.00,23.00,922.97,21.38,74.86,69.59,124,0.00,0.00,0.00,964161
2022/10/20 3:3:10,0.00,0.00,23.00,923.06,21.38,74.89,59.48,120,0.00,0.00,0.00,1024474
2022/10/20 3:4:11,0.00,0.00,23.00,922.93,21.38,74.91,67.91,123,0.00,0.00,0.00,1084811
2022/10/20 3:5:11,0.00,0.00,23.00,922.88,21.38,74.96,66.95,123,0.00,0.00,0.00,1145125
2022/10/20 3:6:12,0.00,0.00,23.00,922.81,21.38,74.80,59.54,120,0.00,0.00,0.00,1205462
2022/10/20 3:7:12,0.00,0.00,23.00,922.88,21.38,74.82,66.56,122,0.00,0.00,0.00,1265776
2022/10/20 3:8:13,0.00,0.00,23.00,922.95,21.38,74.80,59.08,120,0.00,0.00,0.00,1326112
2022/10/20 3:9:13,0.00,0.00,23.00,922.57,21.37,74.78,66.54,123,0.00,0.00,0.00,1386428
2022/10/20 3:10:14,0.00,0.00,23.00,922.72,21.37,74.85,68.13,123,0.00,0.00,0.00,1446767
2022/10/20 3:11:14,0.00,0.00,23.00,922.70,21.37,74.90,64.24,121,0.00,0.00,0.00,1507081
2022/10/20 3:12:15,0.00,0.00,23.00,922.70,21.37,74.93,78.16,127,0.00,0.00,0.00,1567417
2022/10/20 3:13:15,0.00,0.00,23.00,922.68,21.37,74.84,54.41,118,0.00,0.00,0.00,1627732
2022/10/20 3:14:15,0.00,0.00,23.00,922.59,21.37,74.91,70.73,124,0.00,0.00,0.00,1688069
2022/10/20 3:15:16,0.00,0.00,23.00,922.77,21.37,74.93,55.68,119,0.00,0.00,0.00,1748381
2022/10/20 3:16:16,0.00,0.00,23.00,922.70,21.37,74.91,65.48,122,0.00,0.00,0.00,1808719
2022/10/20 3:17:17,0.00,0.00,23.00,922.59,21.37,74.88,67.41,123,0.00,0.00,0.00,1869032
2022/10/20 3:18:17,0.00,0.00,23.00,922.77,21.37,74.87,79.22,128,0.00,0.00,0.00,1929370
2022/10/20 3:19:18,0.00,0.00,23.00,922.25,21.37,74.81,68.92,124,0.00,0.00,0.00,1989686
2022/10/20 3:20:18,0.00,0.00,23.00,922.54,21.37,74.81,61.38,121,0.00,0.00,0.00,2050020
2022/10/20 3:21:19,0.00,0.00,23.00,922.54,21.37,74.88,54.46,118,0.00,0.00,0.00,2110336
2022/10/20 3:22:19,0.00,0.00,23.00,922.68,21.37,74.83,82.37,129,0.00,0.00,0.00,2170672
2022/10/20 3:23:20,0.00,0.00,23.00,922.59,21.37,74.80,60.22,120,0.00,0.00,0.00,2230984
2022/10/20 3:24:20,0.00,0.00,23.00,922.66,21.37,74.80,50.70,117,0.00,0.00,0.00,2291323
2022/10/20 3:25:21,0.00,0.00,23.00,922.36,21.36,74.88,75.29,126,0.00,0.00,0.00,2351635
2022/10/20 3:26:21,0.00,0.00,23.00,922.63,21.37,74.85,47.11,116,0.00,0.00,0.00,2411973
2022/10/20 3:27:21,0.00,0.00,23.00,922.68,21.37,74.81,29.99,109,0.00,0.00,0.00,2472289
2022/10/20 3:28:22,0.00,0.00,23.00,922.63,21.37,74.83,53.47,118,0.00,0.00,0.00,2532623
2022/10/20 3:29:22,0.00,0.00,23.00,922.61,21.37,74.79,91.72,133,0.00,0.00,0.00,2592940
2022/10/20 3:30:23,0.00,0.00,23.00,922.05,21.36,74.78,64.87,123,0.00,0.00,0.00,2653275
2022/10/20 3:31:23,0.00,0.00,23.00,921.98,21.36,74.80,101.98,137,0.00,0.00,0.00,2713589
2022/10/20 3:33:24,0.00,0.00,23.00,922.23,21.36,74.78,69.05,124,0.00,0.00,0.00,2834238
2022/10/20 3:34:25,0.00,0.00,23.00,922.21,21.36,74.83,63.61,122,0.00,0.00,0.00,2894576
2022/10/20 3:35:25,0.00,0.00,23.00,922.23,21.36,74.91,69.68,126,0.00,0.00,0.00,2954892
2022/10/20 3:36:26,0.00,0.00,23.00,922.30,21.36,75.08,51.46,118,0.00,0.00,0.00,3015227
2022/10/20 3:37:26,0.00,0.00,23.00,922.39,21.36,75.18,74.64,127,0.00,0.00,0.00,3075546
2022/10/20 3:38:27,0.00,0.00,23.00,922.43,21.36,75.20,67.61,124,0.00,0.00,0.00,3135883
2022/10/20 3:39:27,0.00,0.00,23.00,922.54,21.36,75.14,72.47,125,0.00,0.00,0.00,3196195
2022/10/20 3:40:28,0.00,0.00,23.00,921.80,21.36,75.16,58.98,121,0.00,0.00,0.00,3256532
2022/10/20 3:41:28,0.00,0.00,23.00,921.96,21.35,75.04,66.31,124,0.00,0.00,0.00,3316847
2022/10/20 3:42:28,0.00,0.00,23.00,921.96,21.35,74.95,93.31,133,0.00,0.00,0.00,3377184
2022/10/20 3:43:29,0.00,0.00,23.00,922.27,21.35,74.85,74.86,126,0.00,0.00,0.00,3437498
2022/10/20 3:44:29,0.00,0.00,23.00,921.98,21.35,74.93,99.17,136,0.00,0.00,0.00,3497834
2022/10/20 3:45:30,0.00,0.00,23.00,922.23,21.35,74.96,57.56,120,0.00,0.00,0.00,3558149
2022/10/20 3:47:12,0.00,0.00,23.00,921.85,21.35,74.95,54.80,118,0.00,0.00,0.00,60016
2022/10/20 3:48:12,0.00,0.00,23.00,922.00,21.35,74.94,114.57,142,0.00,0.00,0.00,120316
2022/10/20 3:49:13,0.00,0.00,23.00,921.96,21.35,75.00,38.16,112,0.00,0.00,0.00,180567
2022/10/20 3:50:13,0.00,0.00,23.00,921.96,21.35,74.97,72.48,126,0.00,0.00,0.00,240817
2022/10/20 3:51:14,0.00,0.00,23.00,921.96,21.35,74.98,74.96,127,0.00,0.00,0.00,301067
2022/10/20 3:52:14,0.00,0.00,23.00,922.18,21.35,75.04,103.89,138,0.00,0.00,0.00,361318
2022/10/20 3:53:14,0.00,0.00,23.00,921.89,21.34,74.93,56.77,120,0.00,0.00,0.00,421567
2022/10/20 3:55:15,0.00,0.00,23.00,921.82,21.34,74.98,62.01,122,0.00,0.00,0.00,542118
2022/10/20 3:56:16,0.00,0.00,23.00,922.00,21.34,74.99,75.60,126,0.00,0.00,0.00,602369
2022/10/20 3:57:16,0.00,0.00,23.00,922.07,21.34,75.07,73.20,126,0.00,0.00,0.00,662619
2022/10/20 3:58:16,0.00,0.00,23.00,921.84,21.34,74.98,63.28,122,0.00,0.00,0.00,722907
2022/10/20 3:59:17,0.00,0.00,23.00,921.64,21.34,75.03,16.45,102,0.00,0.00,0.00,783220
2022/10/20 4:0:17,0.00,0.00,23.00,921.87,21.34,75.06,80.40,128,0.00,0.00,0.00,843557
2022/10/20 4:1:18,0.00,0.00,23.00,921.82,21.34,75.13,58.30,120,0.00,0.00,0.00,903869
2022/10/20 4:2:18,0.00,0.00,23.00,921.89,21.33,75.14,63.52,122,0.00,0.00,0.00,964207
2022/10/20 4:3:19,0.00,0.00,23.00,922.05,21.33,75.10,79.70,130,0.00,0.00,0.00,1024523
2022/10/20 4:4:19,0.00,0.00,23.00,922.09,21.33,75.11,57.54,120,0.00,0.00,0.00,1084858
2022/10/20 4:5:20,0.00,0.00,23.00,922.12,21.33,75.11,46.90,116,0.00,0.00,0.00,1145174
2022/10/20 4:6:20,0.00,0.00,23.00,922.16,21.33,75.13,58.13,121,0.00,0.00,0.00,1205509
2022/10/20 4:7:21,0.00,0.00,23.00,922.07,21.33,75.17,67.95,125,0.00,0.00,0.00,1265822
2022/10/20 4:8:21,0.00,0.00,23.00,921.89,21.33,75.12,76.26,128,0.00,0.00,0.00,1326160
2022/10/20 4:9:21,0.00,0.00,23.00,921.64,21.32,75.08,63.00,122,0.00,0.00,0.00,1386474
2022/10/20 4:10:22,0.00,0.00,23.00,921.64,21.33,75.11,68.24,125,0.00,0.00,0.00,1446811
2022/10/20 4:11:22,0.00,0.00,23.00,921.71,21.32,75.07,57.47,120,0.00,0.00,0.00,1507127
2022/10/20 4:12:23,0.00,0.00,23.00,921.64,21.32,75.09,98.21,136,0.00,0.00,0.00,1567462
2022/10/20 4:13:23,0.00,0.00,23.00,921.87,21.32,75.11,56.00,119,0.00,0.00,0.00,1627778
2022/10/20 4:14:24,0.00,0.00,23.00,921.64,21.32,75.09,73.98,126,0.00,0.00,0.00,1688115
2022/10/20 4:15:24,0.00,0.00,23.00,922.00,21.32,75.07,64.52,123,0.00,0.00,0.00,1748426
2022/10/20 4:16:25,0.00,0.00,23.00,921.84,21.32,75.06,93.07,134,0.00,0.00,0.00,1808764
2022/10/20 4:17:25,0.00,0.00,23.00,921.94,21.32,75.11,68.43,124,0.00,0.00,0.00,1869078
2022/10/20 4:18:26,0.00,0.00,23.00,921.71,21.32,75.08,70.14,125,0.00,0.00,0.00,1929414
2022/10/20 4:19:26,0.00,0.00,23.00,921.62,21.32,75.10,57.64,121,0.00,0.00,0.00,1989731
2022/10/20 4:20:27,0.00,0.00,23.00,921.73,21.32,75.18,68.68,124,0.00,0.00,0.00,2050065
2022/10/20 4:21:27,0.00,0.00,23.00,921.87,21.32,75.19,126.34,147,0.00,0.00,0.00,2110382
2022/10/20 4:22:27,0.00,0.00,23.00,921.64,21.32,75.21,28.13,108,0.00,0.00,0.00,2170718
2022/10/20 4:23:28,0.00,0.00,23.00,921.87,21.32,75.25,74.37,127,0.00,0.00,0.00,2231029
2022/10/20 4:24:28,0.00,0.00,23.00,921.82,21.31,75.29,61.44,122,0.00,0.00,0.00,2291368
2022/10/20 4:25:29,0.00,0.00,23.00,921.87,21.31,75.21,75.84,127,0.00,0.00,0.00,2351681
2022/10/20 4:26:29,0.00,0.00,23.00,921.69,21.31,75.17,38.46,114,0.00,0.00,0.00,2412018
2022/10/20 4:27:30,0.00,0.00,23.00,921.62,21.31,75.17,86.39,131,0.00,0.00,0.00,2472334
2022/10/20 4:28:30,0.00,0.00,23.00,921.78,21.31,75.11,75.23,127,0.00,0.00,0.00,2532668
2022/10/20 4:29:31,0.00,0.00,23.00,921.62,21.30,75.08,65.94,123,0.00,0.00,0.00,2592984
2022/10/20 4:30:31,0.00,0.00,23.00,921.30,21.30,75.04,63.48,122,0.00,0.00,0.00,2653321
2022/10/20 4:31:32,0.00,0.00,23.00,921.55,21.30,75.03,69.16,125,0.00,0.00,0.00,2713634
2022/10/20 4:32:32,0.00,0.00,23.00,921.51,21.30,75.11,69.00,125,0.00,0.00,0.00,2773971
2022/10/20 4:33:33,0.00,0.00,23.00,921.24,21.30,75.04,69.86,125,0.00,0.00,0.00,2834284
2022/10/20 4:34:33,0.00,0.00,23.00,921.51,21.30,74.97,65.16,122,0.00,0.00,0.00,2894621
2022/10/20 4:35:34,0.00,0.00,23.00,921.48,21.29,74.95,58.58,121,0.00,0.00,0.00,2954937
2022/10/20 4:36:34,0.00,0.00,23.00,921.33,21.30,74.98,65.01,123,0.00,0.00,0.00,3015274
2022/10/20 4:37:34,0.00,0.00,23.00,921.33,21.30,75.00,54.37,118,0.00,0.00,0.00,3075589
2022/10/20 4:38:35,0.00,0.00,23.00,921.46,21.30,74.93,60.18,121,0.00,0.00,0.00,3135926
2022/10/20 4:39:35,0.00,0.00,23.00,921.39,21.30,74.97,73.09,126,0.00,0.00,0.00,3196241
2022/10/20 4:40:36,0.00,0.00,23.00,920.97,21.30,74.98,61.92,122,0.00,0.00,0.00,3256578
2022/10/20 4:41:36,0.00,0.00,23.00,921.01,21.29,75.00,69.77,125,0.00,0.00,0.00,3316892
2022/10/20 4:42:37,0.00,0.00,23.00,921.28,21.29,74.94,60.53,122,0.00,0.00,0.00,3377230
2022/10/20 4:43:37,0.00,0.00,23.00,921.33,21.29,74.94,75.21,127,0.00,0.00,0.00,3437542
2022/10/20 4:44:38,0.00,0.00,23.00,921.17,21.29,74.95,64.72,123,0.00,0.00,0.00,3497880
2022/10/20 4:45:38,0.00,0.00,23.00,921.24,21.29,74.98,64.26,123,0.00,0.00,0.00,3558195
2022/10/20 4:47:20,0.00,0.00,23.00,921.20,21.29,74.99,43.29,115,0.00,0.00,0.00,60016
2022/10/20 4:48:21,0.00,0.00,23.00,921.33,21.29,75.01,39.01,113,0.00,0.00,0.00,120267
2022/10/20 4:49:21,0.00,0.00,23.00,921.17,21.28,74.97,57.95,120,0.00,0.00,0.00,180566
2022/10/20 4:50:21,0.00,0.00,23.00,921.15,21.28,74.95,83.09,131,0.00,0.00,0.00,240816
2022/10/20 4:51:22,0.00,0.00,23.00,921.17,21.28,74.93,57.58,120,0.00,0.00,0.00,301066
2022/10/20 4:52:22,0.00,0.00,23.00,921.28,21.28,74.91,65.11,123,0.00,0.00,0.00,361316
2022/10/20 4:53:23,0.00,0.00,23.00,920.94,21.28,74.94,73.30,126,0.00,0.00,0.00,421565
2022/10/20 4:54:23,0.00,0.00,23.00,921.28,21.28,74.93,45.91,115,0.00,0.00,0.00,481814
2022/10/20 4:55:23,0.00,0.00,23.00,921.24,21.28,74.92,78.39,127,0.00,0.00,0.00,542112
2022/10/20 4:56:24,0.00,0.00,23.00,921.30,21.28,74.88,64.52,122,0.00,0.00,0.00,602362
2022/10/20 4:57:24,0.00,0.00,23.00,921.03,21.28,74.91,61.58,120,0.00,0.00,0.00,662612
2022/10/20 4:58:25,0.00,0.00,23.00,920.79,21.27,74.96,74.60,126,0.00,0.00,0.00,722863
2022/10/20 4:59:25,0.00,0.00,23.00,920.92,21.27,74.93,64.26,122,0.00,0.00,0.00,783172
2022/10/20 5:0:26,0.00,0.00,23.00,921.03,21.27,74.87,50.54,117,0.00,0.00,0.00,843506
2022/10/20 5:1:26,0.00,0.00,23.00,920.94,21.27,74.86,78.57,128,0.00,0.00,0.00,903822
2022/10/20 5:2:26,0.00,0.00,23.00,920.81,21.27,74.85,32.90,108,0.00,0.00,0.00,964158
2022/10/20 5:3:27,0.00,0.00,23.00,920.92,21.27,74.84,65.60,123,0.00,0.00,0.00,1024473
2022/10/20 5:4:27,0.00,0.00,23.00,920.88,21.27,74.86,66.19,123,0.00,0.00,0.00,1084810
2022/10/20 5:5:28,0.00,0.00,23.00,920.99,21.27,74.91,61.64,121,0.00,0.00,0.00,1145122
2022/10/20 5:6:28,0.00,0.00,23.00,921.17,21.27,74.85,40.72,112,0.00,0.00,0.00,1205459
2022/10/20 5:7:29,0.00,0.00,23.00,920.94,21.26,74.89,96.13,134,0.00,0.00,0.00,1265774
2022/10/20 5:8:29,0.00,0.00,23.00,921.01,21.26,74.93,55.66,119,0.00,0.00,0.00,1326111
2022/10/20 5:9:30,0.00,0.00,23.00,920.67,21.26,75.00,75.10,127,0.00,0.00,0.00,1386425
2022/10/20 5:10:30,0.00,0.00,23.00,920.88,21.26,75.02,73.37,126,0.00,0.00,0.00,1446762
2022/10/20 5:11:31,0.00,0.00,23.00,920.99,21.26,75.02,73.11,126,0.00,0.00,0.00,1507077
2022/10/20 5:12:31,0.00,0.00,23.00,920.97,21.26,75.05,58.71,121,0.00,0.00,0.00,1567414
2022/10/20 5:13:32,0.00,0.00,23.00,921.08,21.25,75.04,16.29,102,0.00,0.00,0.00,1627728
2022/10/20 5:14:32,0.00,0.00,23.00,921.08,21.25,75.08,77.94,128,0.00,0.00,0.00,1688064
2022/10/20 5:15:32,0.00,0.00,23.00,921.12,21.25,75.07,61.38,121,0.00,0.00,0.00,1748378
2022/10/20 5:16:33,0.00,0.00,23.00,921.24,21.25,75.03,71.62,126,0.00,0.00,0.00,1808718
2022/10/20 5:17:33,0.00,0.00,23.00,921.19,21.25,75.03,79.03,129,0.00,0.00,0.00,1869030
2022/10/20 5:18:34,0.00,0.00,23.00,921.12,21.25,75.01,110.16,140,0.00,0.00,0.00,1929369
2022/10/20 5:19:34,0.00,0.00,23.00,920.65,21.24,75.00,97.14,136,0.00,0.00,0.00,1989683
2022/10/20 5:20:35,0.00,0.00,23.00,920.88,21.24,74.95,65.66,123,0.00,0.00,0.00,2050018
2022/10/20 5:21:35,0.00,0.00,23.00,920.81,21.24,74.95,71.21,125,0.00,0.00,0.00,2110334
2022/10/20 5:22:36,0.00,0.00,23.00,920.94,21.24,74.95,41.31,114,0.00,0.00,0.00,2170669
2022/10/20 5:23:36,0.00,0.00,23.00,920.94,21.24,74.92,60.99,122,0.00,0.00,0.00,2230983
2022/10/20 5:24:37,0.00,0.00,23.00,920.99,21.24,74.94,53.52,118,0.00,0.00,0.00,2291321
2022/10/20 5:25:37,0.00,0.00,23.00,921.08,21.24,74.98,68.54,124,0.00,0.00,0.00,2351633
2022/10/20 5:26:38,0.00,0.00,23.00,920.83,21.24,75.00,76.95,126,0.00,0.00,0.00,2411972
2022/10/20 5:27:38,0.00,0.00,23.00,921.03,21.24,74.96,46.00,114,0.00,0.00,0.00,2472286
2022/10/20 5:28:39,0.00,0.00,23.00,921.19,21.24,74.97,92.35,134,0.00,0.00,0.00,2532622
2022/10/20 5:29:39,0.00,0.00,23.00,921.08,21.24,74.94,41.79,114,0.00,0.00,0.00,2592937
2022/10/20 5:30:39,0.00,0.00,23.00,920.90,21.24,74.97,75.58,128,0.00,0.00,0.00,2653272
2022/10/20 5:31:40,0.00,0.00,23.00,920.72,21.24,75.00,83.72,130,0.00,0.00,0.00,2713586
2022/10/20 5:32:40,0.00,0.00,23.00,921.12,21.24,74.99,53.82,120,0.00,0.00,0.00,2773924
2022/10/20 5:33:41,0.00,0.00,23.00,921.28,21.23,74.99,69.98,126,0.00,0.00,0.00,2834237
2022/10/20 5:34:41,0.00,0.00,23.00,921.44,21.23,74.97,27.37,110,0.00,0.00,0.00,2894575
2022/10/20 5:35:42,0.00,0.00,23.00,921.33,21.23,74.98,117.49,142,0.00,0.00,0.00,2954890
2022/10/20 5:36:42,0.00,0.00,23.00,921.57,21.23,74.98,82.41,128,0.00,0.00,0.00,3015225
2022/10/20 5:37:43,0.00,0.00,23.00,921.33,21.23,75.01,76.47,127,0.00,0.00,0.00,3075540
2022/10/20 5:38:43,0.00,0.00,23.00,921.60,21.23,74.93,48.01,116,0.00,0.00,0.00,3135877
2022/10/20 5:39:44,0.00,0.00,23.00,921.48,21.23,74.93,89.67,133,0.00,0.00,0.00,3196189
2022/10/20 5:40:44,0.00,0.00,23.00,921.24,21.24,74.96,58.61,121,0.00,0.00,0.00,3256527
2022/10/20 5:41:45,0.00,0.00,23.00,921.46,21.24,74.96,55.94,119,0.00,0.00,0.00,3316840
2022/10/20 5:42:45,0.00,0.00,23.00,921.21,21.23,74.94,79.31,128,0.00,0.00,0.00,3377178
2022/10/20 5:43:45,0.00,0.00,23.00,921.71,21.23,74.96,74.33,127,0.00,0.00,0.00,3437494
2022/10/20 5:44:46,0.00,0.00,23.00,921.80,21.23,75.02,61.03,122,0.00,0.00,0.00,3497828
2022/10/20 5:45:46,0.00,0.00,23.00,921.71,21.23,74.98,77.30,127,0.00,0.00,0.00,3558145
2022/10/20 5:47:29,0.00,0.00,23.00,921.80,21.23,74.88,87.06,133,0.00,0.00,0.00,60016
2022/10/20 5:48:29,0.00,0.00,23.00,921.75,21.23,74.75,80.64,129,0.00,0.00,0.00,120267
2022/10/20 5:49:29,0.00,0.00,23.00,921.94,21.24,74.71,57.34,119,0.00,0.00,0.00,180564
2022/10/20 5:50:30,0.00,0.00,23.00,921.96,21.24,74.74,85.39,131,0.00,0.00,0.00,240815
2022/10/20 5:51:30,0.00,0.00,23.00,922.09,21.24,74.85,58.01,120,0.00,0.00,0.00,301066
2022/10/20 5:52:31,0.00,0.00,23.00,922.00,21.24,74.71,81.15,129,0.00,0.00,0.00,361317
2022/10/20 5:53:31,0.00,0.00,23.00,922.12,21.24,74.67,103.54,138,0.00,0.00,0.00,421568
2022/10/20 5:54:31,0.00,0.00,23.00,922.03,21.24,74.63,43.93,116,0.00,0.00,0.00,481817
2022/10/20 5:55:32,0.00,0.00,23.00,922.14,21.24,74.65,79.33,128,0.00,0.00,0.00,542115
2022/10/20 5:56:32,0.00,0.00,23.00,922.18,21.23,74.71,77.91,128,0.00,0.00,0.00,602366
2022/10/20 5:57:33,0.00,0.00,23.00,922.02,21.23,74.71,160.55,159,0.00,0.00,0.00,662619
2022/10/20 5:58:33,0.00,0.00,23.00,922.00,21.23,74.64,55.20,119,0.00,0.00,0.00,722870
2022/10/20 5:59:33,0.00,0.00,23.00,922.16,21.23,74.62,53.01,120,0.00,0.00,0.00,783172
2022/10/20 6:0:34,0.00,0.00,23.00,922.18,21.23,74.67,42.13,115,0.00,0.00,0.00,843506
2022/10/20 6:1:34,0.00,0.00,23.00,922.32,21.23,74.69,30.54,108,0.00,0.00,0.00,903822
2022/10/20 6:2:35,0.00,0.00,23.00,922.07,21.23,74.71,118.15,140,0.00,0.00,0.00,964159
2022/10/20 6:3:35,0.00,0.00,23.00,922.43,21.23,74.72,70.77,127,0.00,0.00,0.00,1024473
2022/10/20 6:4:36,0.00,0.00,23.00,922.61,21.23,74.69,25.18,109,0.00,0.00,0.00,1084810
2022/10/20 6:5:36,0.00,0.00,23.00,922.48,21.23,74.71,83.25,128,0.00,0.00,0.00,1145122
2022/10/20 6:6:37,0.00,0.00,23.00,922.48,21.23,74.72,73.48,125,0.00,0.00,0.00,1205459
2022/10/20 6:7:37,0.00,0.00,23.00,922.66,21.23,74.75,91.08,134,0.00,0.00,0.00,1265774
2022/10/20 6:8:38,0.00,0.00,23.00,922.72,21.23,74.69,43.69,115,0.00,0.00,0.00,1326111
2022/10/20 6:9:38,0.00,0.00,23.00,922.34,21.23,74.68,63.94,123,0.00,0.00,0.00,1386425
2022/10/20 6:10:38,0.00,0.00,23.00,922.32,21.24,74.64,71.99,126,0.00,0.00,0.00,1446762
2022/10/20 6:11:39,0.00,0.00,23.00,922.52,21.25,74.59,62.56,122,0.00,0.00,0.00,1507077
2022/10/20 6:12:39,0.00,0.00,23.00,922.48,21.26,74.54,87.66,133,0.00,0.00,0.00,1567414
2022/10/20 6:13:40,0.00,0.00,23.00,922.59,21.27,74.54,73.41,126,0.00,0.00,0.00,1627728
2022/10/20 6:14:40,0.00,0.00,23.00,922.77,21.28,74.53,55.96,119,0.00,0.00,0.00,1688064
2022/10/20 6:15:41,0.00,0.00,23.00,922.75,21.28,74.47,61.84,122,0.00,0.00,0.00,1748378
2022/10/20 6:16:41,0.00,0.00,23.00,922.75,21.27,74.43,83.13,130,0.00,0.00,0.00,1808715
2022/10/20 6:17:42,0.00,0.00,23.00,922.75,21.27,74.46,61.58,121,0.00,0.00,0.00,1869029
2022/10/20 6:18:42,0.00,0.00,23.00,922.68,21.27,74.45,55.79,119,0.00,0.00,0.00,1929367
2022/10/20 6:19:43,0.00,0.00,23.00,922.00,21.27,74.46,80.08,129,0.00,0.00,0.00,1989680
2022/10/20 6:21:44,0.00,0.00,23.00,922.41,21.27,74.46,44.26,115,0.00,0.00,0.00,2110331
2022/10/20 6:22:44,0.00,0.00,23.00,922.45,21.27,74.45,65.44,123,0.00,0.00,0.00,2170667
2022/10/20 6:23:44,0.00,0.00,23.00,922.41,21.27,74.42,81.45,129,0.00,0.00,0.00,2230982
2022/10/20 6:24:45,0.00,0.00,23.00,922.63,21.27,74.42,100.46,137,0.00,0.00,0.00,2291319
2022/10/20 6:25:45,0.00,0.00,23.00,922.63,21.27,74.44,58.06,123,0.00,0.00,0.00,2351632
2022/10/20 6:26:46,0.00,0.00,23.00,922.54,21.26,74.48,86.26,132,0.00,0.00,0.00,2411970
2022/10/20 6:27:46,0.00,0.00,23.00,922.61,21.26,74.52,54.69,118,0.00,0.00,0.00,2472283
2022/10/20 6:28:47,0.00,0.00,23.00,922.81,21.26,74.54,73.44,126,0.00,0.00,0.00,2532622
2022/10/20 6:29:47,0.00,0.00,23.00,922.77,21.26,74.55,68.57,127,0.00,0.00,0.00,2592939
2022/10/20 6:30:48,0.00,0.00,23.00,922.14,21.25,74.57,45.24,115,0.00,0.00,0.00,2653272
2022/10/20 6:31:48,0.00,0.00,23.00,922.34,21.25,74.56,69.81,126,0.00,0.00,0.00,2713586
2022/10/20 6:32:49,0.00,0.00,23.00,922.41,21.25,74.59,60.70,121,0.00,0.00,0.00,2773924
2022/10/20 6:33:49,0.00,0.00,23.00,922.66,21.25,74.60,55.94,119,0.00,0.00,0.00,2834238
2022/10/20 6:34:50,0.00,0.00,23.00,922.70,21.25,74.61,74.16,127,0.00,0.00,0.00,2894576
2022/10/20 6:35:50,0.00,0.00,23.00,922.68,21.25,74.62,95.04,135,0.00,0.00,0.00,2954892
2022/10/20 6:36:51,0.00,0.00,23.00,923.04,21.25,74.60,58.82,121,0.00,0.00,0.00,3015227
2022/10/20 6:37:51,0.00,0.00,23.00,922.90,21.24,74.60,100.83,137,0.00,0.00,0.00,3075544
2022/10/20 6:38:51,0.00,0.00,23.00,922.75,21.24,74.62,65.57,123,0.00,0.00,0.00,3135878
2022/10/20 6:39:52,0.00,0.00,23.00,922.77,21.24,74.63,97.33,136,0.00,0.00,0.00,3196191
2022/10/20 6:40:52,0.00,0.00,23.00,922.47,21.24,74.73,68.59,125,0.00,0.00,0.00,3256529
2022/10/20 6:41:53,0.00,0.00,23.00,922.70,21.24,74.79,69.48,125,0.00,0.00,0.00,3316843
2022/10/20 6:42:53,0.00,0.00,23.00,922.72,21.24,74.74,60.29,121,0.00,0.00,0.00,3377179
2022/10/20 6:43:54,0.00,0.00,23.00,922.81,21.24,74.68,66.10,124,0.00,0.00,0.00,3437495
2022/10/20 6:44:54,0.00,0.00,23.00,922.95,21.24,74.65,83.16,130,0.00,0.00,0.00,3497830
2022/10/20 6:45:55,0.00,0.00,23.00,923.13,21.24,74.59,-1.31,98,0.00,0.00,0.00,3558145
2022/10/20 6:47:37,0.00,0.00,23.00,922.70,21.24,74.71,77.09,128,0.00,0.00,0.00,60016
2022/10/20 6:48:37,0.00,0.00,23.00,922.72,21.24,74.69,57.32,120,0.00,0.00,0.00,120268
2022/10/20 6:49:38,0.00,0.00,23.00,922.72,21.24,74.64,76.14,127,0.00,0.00,0.00,180519
2022/10/20 6:50:38,0.00,0.00,23.00,922.90,21.24,74.58,45.67,116,0.00,0.00,0.00,240818
2022/10/20 6:51:38,0.00,0.00,23.00,922.90,21.23,74.56,86.57,132,0.00,0.00,0.00,301068
2022/10/20 6:52:39,0.00,0.00,23.00,923.17,21.23,74.56,64.48,124,0.00,0.00,0.00,361317
2022/10/20 6:53:39,0.00,0.00,23.00,923.17,21.23,74.55,80.97,129,0.00,0.00,0.00,421567
2022/10/20 6:54:40,0.00,0.00,23.00,923.22,21.23,74.53,51.48,118,0.00,0.00,0.00,481817
2022/10/20 6:55:40,0.00,0.00,23.00,923.22,21.23,74.54,92.72,134,0.00,0.00,0.00,542068
2022/10/20 6:56:40,0.00,0.00,23.00,923.33,21.23,74.53,66.91,124,0.00,0.00,0.00,602369
2022/10/20 6:57:41,0.00,0.00,23.00,923.06,21.23,74.49,63.43,123,0.00,0.00,0.00,662620
2022/10/20 6:58:41,0.00,0.00,23.00,922.97,21.23,74.52,69.57,126,0.00,0.00,0.00,722871
2022/10/20 6:59:42,0.00,0.00,23.00,923.02,21.23,74.50,56.59,118,0.00,0.00,0.00,783174
2022/10/20 7:0:42,0.00,0.00,23.00,923.17,21.23,74.53,69.55,125,0.00,0.00,0.00,843509
2022/10/20 7:1:43,0.00,0.00,23.00,923.24,21.23,74.51,56.53,120,0.00,0.00,0.00,903823
2022/10/20 7:2:43,0.00,0.00,23.00,923.24,21.23,74.53,68.19,124,0.00,0.00,0.00,964161
2022/10/20 7:3:44,0.00,0.00,23.00,923.20,21.23,74.50,48.36,116,0.00,0.00,0.00,1024474
2022/10/20 7:4:44,0.00,0.00,23.00,923.29,21.23,74.51,59.68,121,0.00,0.00,0.00,1084811
2022/10/20 7:5:44,0.00,0.00,23.00,923.35,21.23,74.50,68.89,124,0.00,0.00,0.00,1145125
2022/10/20 7:6:45,0.00,0.00,23.00,923.22,21.23,74.51,59.17,120,0.00,0.00,0.00,1205462
2022/10/20 7:7:45,0.00,0.00,23.00,923.20,21.23,74.50,76.82,128,0.00,0.00,0.00,1265776
2022/10/20 7:8:46,0.00,0.00,23.00,923.29,21.23,74.51,65.12,123,0.00,0.00,0.00,1326112
2022/10/20 7:9:46,0.00,0.00,23.00,923.08,21.23,74.48,69.33,125,0.00,0.00,0.00,1386426
2022/10/20 7:10:47,0.00,0.00,23.00,923.38,21.23,74.49,65.60,123,0.00,0.00,0.00,1446765
2022/10/20 7:11:47,0.00,0.00,23.00,923.20,21.23,74.51,69.11,124,0.00,0.00,0.00,1507080
2022/10/20 7:12:48,0.00,0.00,23.00,923.29,21.23,74.51,67.41,124,0.00,0.00,0.00,1567415
2022/10/20 7:13:48,0.00,0.00,23.00,923.33,21.23,74.48,61.84,122,0.00,0.00,0.00,1627729
2022/10/20 7:14:49,0.00,0.00,23.00,923.53,21.23,74.46,65.71,123,0.00,0.00,0.00,1688066
2022/10/20 7:15:49,0.00,0.00,23.00,923.42,21.23,74.55,71.75,125,0.00,0.00,0.00,1748380
2022/10/20 7:16:50,0.00,0.00,23.00,923.53,21.23,74.62,61.40,120,0.00,0.00,0.00,1808718
2022/10/20 7:17:50,0.00,0.00,23.00,923.53,21.23,74.56,57.97,120,0.00,0.00,0.00,1869030
2022/10/20 7:18:50,0.00,0.00,23.00,923.24,21.23,74.53,67.04,124,0.00,0.00,0.00,1929368
2022/10/20 7:19:51,0.00,0.00,23.00,923.08,21.23,74.50,63.45,123,0.00,0.00,0.00,1989683
2022/10/20 7:20:51,0.00,0.00,23.00,922.99,21.23,74.51,71.58,125,0.00,0.00,0.00,2050018
2022/10/20 7:21:52,0.00,0.00,23.00,922.97,21.23,74.50,66.77,123,0.00,0.00,0.00,2110334
2022/10/20 7:22:52,0.00,0.00,23.00,923.26,21.23,74.50,64.83,122,0.00,0.00,0.00,2170669
2022/10/20 7:23:53,0.00,0.00,23.00,923.42,21.23,74.48,65.53,123,0.00,0.00,0.00,2230983
2022/10/20 7:24:53,0.00,0.00,23.00,923.29,21.22,74.49,62.27,121,0.00,0.00,0.00,2291321
2022/10/20 7:26:54,0.00,0.00,23.00,923.42,21.23,74.53,62.97,122,0.00,0.00,0.00,2411972
2022/10/20 7:27:55,0.00,0.00,23.00,923.69,21.23,74.52,64.83,122,0.00,0.00,0.00,2472286
2022/10/20 7:28:55,0.00,0.00,23.00,923.44,21.23,74.58,63.13,122,0.00,0.00,0.00,2532622
2022/10/20 7:29:56,0.00,0.00,23.00,923.20,21.23,74.54,65.92,123,0.00,0.00,0.00,2592937
2022/10/20 7:30:56,0.00,0.00,23.00,922.99,21.23,74.57,73.44,127,0.00,0.00,0.00,2653272
2022/10/20 7:31:57,0.00,0.00,23.00,923.29,21.23,74.61,65.07,123,0.00,0.00,0.00,2713586
2022/10/20 7:32:57,0.00,0.00,23.00,923.24,21.23,74.59,65.81,123,0.00,0.00,0.00,2773924
2022/10/20 7:33:57,0.00,0.00,23.00,923.35,21.23,74.59,81.13,131,0.00,0.00,0.00,2834237
2022/10/20 7:34:58,0.00,0.00,23.00,923.78,21.23,74.58,38.44,115,0.00,0.00,0.00,2894575
2022/10/20 7:35:58,0.00,0.00,23.00,923.62,21.22,74.57,25.75,107,0.00,0.00,0.00,2954889
2022/10/20 7:36:59,0.00,0.00,23.00,923.44,21.22,74.58,113.95,142,0.00,0.00,0.00,3015226
2022/10/20 7:37:59,0.00,0.00,23.00,923.24,21.22,74.59,145.48,152,0.00,0.00,0.00,3075542
2022/10/20 7:39:0,0.00,0.00,23.00,923.60,21.22,74.64,81.69,129,0.00,0.00,0.00,3135875
2022/10/20 7:40:0,0.00,0.00,23.00,923.44,21.21,74.61,51.97,118,0.00,0.00,0.00,3196188
2022/10/20 7:41:1,0.00,0.00,23.00,923.04,21.21,74.64,56.25,121,0.00,0.00,0.00,3256526
2022/10/20 7:42:1,0.00,0.00,23.00,923.06,21.22,74.60,57.88,121,0.00,0.00,0.00,3316839
2022/10/20 7:43:2,0.00,0.00,23.00,923.26,21.22,74.61,73.02,127,0.00,0.00,0.00,3377177
2022/10/20 7:44:2,0.00,0.00,23.00,923.35,21.22,74.63,79.12,129,0.00,0.00,0.00,3437493
2022/10/20 7:45:3,0.00,0.00,23.00,923.26,21.21,74.66,57.05,120,0.00,0.00,0.00,3497827
2022/10/20 7:46:3,0.00,0.00,23.00,923.29,21.21,74.63,80.73,130,0.00,0.00,0.00,3558142
2022/10/20 7:47:45,0.00,0.00,23.00,923.04,21.21,74.71,72.37,126,0.00,0.00,0.00,60016
2022/10/20 7:48:46,0.00,0.00,23.00,922.97,21.21,74.69,57.19,120,0.00,0.00,0.00,120269
2022/10/20 7:49:46,0.00,0.00,23.00,923.24,21.21,74.72,88.79,132,0.00,0.00,0.00,180519
2022/10/20 7:50:46,0.00,0.00,23.00,923.17,21.21,74.73,63.67,122,0.00,0.00,0.00,240771
2022/10/20 7:51:47,0.00,0.00,23.00,923.29,21.21,74.72,55.52,120,0.00,0.00,0.00,301069
2022/10/20 7:52:47,0.00,0.00,23.00,923.35,21.21,74.74,66.16,124,0.00,0.00,0.00,361319
2022/10/20 7:53:48,0.00,0.00,23.00,923.29,21.21,74.74,30.17,108,0.00,0.00,0.00,421568
2022/10/20 7:54:48,0.00,0.00,23.00,923.53,21.20,74.71,72.83,126,0.00,0.00,0.00,481819
2022/10/20 7:55:48,0.00,0.00,23.00,923.53,21.20,74.72,61.93,122,0.00,0.00,0.00,542070
2022/10/20 7:56:49,0.00,0.00,23.00,923.51,21.21,74.67,68.39,124,0.00,0.00,0.00,602321
2022/10/20 7:57:49,0.00,0.00,23.00,923.53,21.21,74.66,65.66,123,0.00,0.00,0.00,662623
2022/10/20 7:58:50,0.00,0.00,23.00,923.04,21.21,74.75,70.66,124,0.00,0.00,0.00,722873
2022/10/20 7:59:50,0.00,0.00,23.00,923.04,21.21,74.91,69.75,125,0.00,0.00,0.00,783174
2022/10/20 8:0:50,0.00,0.00,23.00,923.56,21.22,74.98,55.37,120,0.00,0.00,0.00,843509
2022/10/20 8:1:51,0.00,0.00,23.00,923.60,21.22,75.04,90.32,135,0.00,0.00,0.00,903823
2022/10/20 8:2:51,0.00,0.00,23.00,923.42,21.23,75.05,116.51,143,0.00,0.00,0.00,964162
2022/10/20 8:3:52,0.00,0.00,23.04,923.80,21.23,75.03,15.47,106,0.00,0.00,0.00,1024474
2022/10/20 8:4:52,0.00,0.00,23.00,923.47,21.24,74.95,142.29,153,0.00,0.00,0.00,1084812
2022/10/20 8:6:53,0.00,0.00,23.55,923.89,21.24,74.90,52.27,121,0.00,0.00,0.00,1205460
2022/10/20 8:7:54,0.00,0.00,23.55,923.56,21.25,74.85,80.08,131,0.00,0.00,0.00,1265776
2022/10/20 8:8:54,0.00,0.00,23.60,923.47,21.25,74.83,56.77,121,0.00,0.00,0.00,1326112
2022/10/20 8:9:55,0.00,0.00,23.15,923.11,21.25,74.77,74.81,128,0.00,0.00,0.00,1386426
2022/10/20 8:10:55,0.00,0.00,23.34,923.22,21.26,74.73,64.63,124,0.00,0.00,0.00,1446765
2022/10/20 8:11:56,0.00,0.00,23.23,923.20,21.26,74.72,63.74,124,0.00,0.00,0.00,1507080
2022/10/20 8:12:56,0.00,0.00,23.00,923.22,21.26,74.71,66.36,124,0.00,0.00,0.00,1567415
2022/10/20 8:13:56,0.00,0.00,23.00,923.44,21.26,74.67,73.61,127,0.00,0.00,0.00,1627729
2022/10/20 8:14:57,0.00,0.00,23.00,923.40,21.26,74.64,64.00,123,0.00,0.00,0.00,1688066
2022/10/20 8:15:57,0.00,0.00,23.00,923.47,21.26,74.63,65.79,124,0.00,0.00,0.00,1748380
2022/10/20 8:16:58,0.00,0.00,23.00,923.08,21.26,74.70,73.52,127,0.00,0.00,0.00,1808718
2022/10/20 8:17:58,0.00,0.00,23.00,923.31,21.26,74.71,63.93,123,0.00,0.00,0.00,1869030
2022/10/20 8:18:59,0.00,0.00,23.00,923.29,21.26,74.70,73.81,126,0.00,0.00,0.00,1929368
2022/10/20 8:19:59,0.00,0.00,23.00,922.88,21.26,74.71,41.35,114,0.00,0.00,0.00,1989683
2022/10/20 8:21:0,0.00,0.00,23.00,923.04,21.26,74.77,69.13,125,0.00,0.00,0.00,2050017
2022/10/20 8:22:0,0.00,0.00,23.00,923.04,21.26,74.78,85.23,132,0.00,0.00,0.00,2110333
2022/10/20 8:23:1,0.00,0.00,23.00,922.93,21.26,74.78,63.04,122,0.00,0.00,0.00,2170668
2022/10/20 8:24:1,0.00,0.00,23.00,923.08,21.26,74.75,67.02,124,0.00,0.00,0.00,2230982
2022/10/20 8:25:2,0.00,0.00,23.00,922.93,21.26,74.72,66.08,124,0.00,0.00,0.00,2291320
2022/10/20 8:26:2,0.00,0.00,23.00,923.11,21.26,74.74,65.29,123,0.00,0.00,0.00,2351632
2022/10/20 8:27:2,0.00,0.00,23.00,922.99,21.27,74.83,68.67,125,0.00,0.00,0.00,2411971
2022/10/20 8:28:3,0.00,0.00,23.00,923.26,21.27,74.82,63.80,123,0.00,0.00,0.00,2472285
2022/10/20 8:29:3,0.00,0.00,23.00,923.26,21.27,74.78,73.94,127,0.00,0.00,0.00,2532621
2022/10/20 8:30:4,0.00,0.00,23.00,923.06,21.28,74.79,62.21,122,0.00,0.00,0.00,2592936
2022/10/20 8:31:4,0.00,0.00,23.00,923.02,21.28,74.81,62.52,122,0.00,0.00,0.00,2653271
2022/10/20 8:32:5,0.00,0.00,23.00,923.04,21.28,74.81,41.04,113,0.00,0.00,0.00,2713585
2022/10/20 8:33:5,0.00,0.00,23.00,922.97,21.28,74.90,55.83,120,0.00,0.00,0.00,2773923
2022/10/20 8:34:6,0.00,0.00,23.00,923.11,21.28,74.91,64.79,123,0.00,0.00,0.00,2834236
2022/10/20 8:35:6,0.00,0.00,23.00,923.26,21.28,74.96,58.74,121,0.00,0.00,0.00,2894574
2022/10/20 8:36:7,0.00,0.00,23.00,923.04,21.29,74.86,-12.78,91,0.00,0.00,0.00,2954888
2022/10/20 8:37:7,0.00,0.00,23.00,923.26,21.29,74.89,82.79,131,0.00,0.00,0.00,3015224
2022/10/20 8:38:8,0.00,0.00,23.00,923.11,21.29,74.95,120.79,145,0.00,0.00,0.00,3075540
2022/10/20 8:39:8,0.00,0.00,23.00,923.17,21.29,74.87,47.94,116,0.00,0.00,0.00,3135876
2022/10/20 8:40:9,0.00,0.00,23.00,922.97,21.29,74.90,141.80,151,0.00,0.00,0.00,3196189
2022/10/20 8:41:9,0.00,0.00,23.00,922.90,21.29,74.87,-27.83,87,0.00,0.00,0.00,3256526
2022/10/20 8:42:9,0.00,0.00,23.00,922.99,21.29,74.81,-2.12,98,0.00,0.00,0.00,3316838
2022/10/20 8:43:10,0.00,0.00,23.00,922.90,21.29,74.85,67.61,124,0.00,0.00,0.00,3377178
2022/10/20 8:44:10,0.00,0.00,23.00,922.95,21.30,74.82,112.51,141,0.00,0.00,0.00,3437495
2022/10/20 8:45:11,0.00,0.00,23.00,922.90,21.30,74.82,66.38,121,0.00,0.00,0.00,3497830
2022/10/20 8:46:11,0.00,0.00,23.00,922.86,21.30,74.72,14.79,105,0.00,0.00,0.00,3558146
2022/10/20 8:47:53,0.00,0.00,23.00,922.70,21.30,74.76,104.78,140,0.00,0.00,0.00,60017
2022/10/20 8:48:54,0.00,0.00,23.00,922.93,21.31,74.77,16.05,103,0.00,0.00,0.00,120269
2022/10/20 8:50:55,0.00,0.00,23.00,922.66,21.31,74.69,65.59,123,0.00,0.00,0.00,240771
2022/10/20 8:51:55,0.00,0.00,23.00,922.79,21.31,74.66,75.62,127,0.00,0.00,0.00,301069
2022/10/20 8:52:55,0.00,0.00,23.00,922.90,21.31,74.64,59.87,121,0.00,0.00,0.00,361318
2022/10/20 8:53:56,0.00,0.00,23.00,922.79,21.32,74.62,73.20,126,0.00,0.00,0.00,421568
2022/10/20 8:54:56,0.00,0.00,23.00,922.93,21.32,74.54,40.12,115,0.00,0.00,0.00,481820
2022/10/20 8:55:57,0.00,0.00,23.00,922.90,21.32,74.45,99.87,137,0.00,0.00,0.00,542071
2022/10/20 8:56:57,0.00,0.00,23.00,922.97,21.32,74.37,84.84,131,0.00,0.00,0.00,602323
2022/10/20 8:57:57,0.00,0.00,23.00,922.72,21.32,74.27,66.75,124,0.00,0.00,0.00,662623
2022/10/20 8:58:58,0.00,0.00,23.00,922.66,21.33,74.22,61.31,121,0.00,0.00,0.00,722873
2022/10/20 8:59:58,0.00,0.00,23.00,922.61,21.33,74.17,72.47,126,0.00,0.00,0.00,783175
2022/10/20 9:0:59,0.00,0.00,23.00,922.70,21.33,74.18,71.03,125,0.00,0.00,0.00,843512
2022/10/20 9:1:59,0.00,0.00,23.00,922.84,21.32,74.21,64.17,122,0.00,0.00,0.00,903824
2022/10/20 9:3:0,0.00,0.00,23.00,922.70,21.32,74.17,61.58,121,0.00,0.00,0.00,964162
2022/10/20 9:4:0,0.00,0.00,23.00,922.72,21.32,74.15,59.59,120,0.00,0.00,0.00,1024476
2022/10/20 9:5:1,0.00,0.00,23.00,923.04,21.32,74.12,73.26,126,0.00,0.00,0.00,1084812
2022/10/20 9:6:1,0.00,0.00,23.00,922.68,21.32,74.08,40.48,113,0.00,0.00,0.00,1145129
2022/10/20 9:7:2,0.00,0.00,23.00,922.84,21.32,74.07,63.78,122,0.00,0.00,0.00,1205465
2022/10/20 9:8:2,0.00,0.00,23.00,922.81,21.32,74.08,48.80,116,0.00,0.00,0.00,1265778
2022/10/20 9:9:2,0.00,0.00,23.00,922.59,21.32,74.09,68.13,123,0.00,0.00,0.00,1326116
2022/10/20 9:10:3,0.00,0.00,23.00,922.16,21.32,74.08,66.56,123,0.00,0.00,0.00,1386429
2022/10/20 9:11:3,0.00,0.00,23.00,922.30,21.32,74.07,62.12,121,0.00,0.00,0.00,1446767
2022/10/20 9:12:4,0.00,0.00,23.00,922.30,21.32,74.08,63.67,122,0.00,0.00,0.00,1507083
2022/10/20 9:13:4,0.00,0.00,23.00,922.39,21.32,74.07,72.30,125,0.00,0.00,0.00,1567418
2022/10/20 9:14:5,0.00,0.00,23.00,922.50,21.32,74.08,53.93,118,0.00,0.00,0.00,1627734
2022/10/20 9:15:5,0.00,0.00,23.00,922.36,21.32,74.08,73.07,125,0.00,0.00,0.00,1688069
2022/10/20 9:16:6,0.00,0.00,23.00,922.27,21.32,74.12,56.31,118,0.00,0.00,0.00,1748382
2022/10/20 9:17:6,0.00,0.00,23.00,922.59,21.32,74.11,59.55,119,0.00,0.00,0.00,1808720
2022/10/20 9:18:7,0.00,0.00,23.00,922.54,21.32,74.13,60.27,120,0.00,0.00,0.00,1869034
2022/10/20 9:19:7,0.00,0.00,23.00,922.43,21.32,74.16,75.71,126,0.00,0.00,0.00,1929370
2022/10/20 9:20:8,0.00,0.00,23.00,922.14,21.32,74.19,66.08,123,0.00,0.00,0.00,1989686
2022/10/20 9:21:8,0.00,0.00,23.00,922.07,21.32,74.27,78.00,124,0.00,0.00,0.00,2050021
2022/10/20 9:22:8,0.00,0.00,23.00,922.21,21.32,74.41,85.56,127,0.00,0.00,0.00,2110337
2022/10/20 9:23:9,0.00,0.00,23.00,922.09,21.32,74.42,79.27,124,0.00,0.00,0.00,2170674
2022/10/20 9:24:9,0.00,0.00,23.00,922.07,21.32,74.40,87.76,129,0.00,0.00,0.00,2230985
2022/10/20 9:25:10,0.00,0.00,23.00,922.09,21.32,74.39,93.29,132,0.00,0.00,0.00,2291324
2022/10/20 9:26:10,0.00,0.00,23.00,922.36,21.32,74.40,75.91,123,0.00,0.00,0.00,2351638
2022/10/20 9:27:11,0.00,0.00,23.00,922.30,21.32,74.40,89.54,129,0.00,0.00,0.00,2411974
2022/10/20 9:28:11,0.00,0.00,23.00,922.27,21.32,74.38,81.48,126,0.00,0.00,0.00,2472291
2022/10/20 9:29:12,0.00,0.00,23.00,922.32,21.32,74.36,84.73,128,0.00,0.00,0.00,2532625
2022/10/20 9:30:12,0.00,0.00,23.00,922.30,21.32,74.35,84.73,127,0.00,0.00,0.00,2592941
2022/10/20 9:31:13,0.00,0.00,23.00,921.91,21.32,74.35,82.20,125,0.00,0.00,0.00,2653278
2022/10/20 9:32:13,0.00,0.00,23.00,921.78,21.32,74.33,91.74,130,0.00,0.00,0.00,2713589
2022/10/20 9:33:14,0.00,0.00,23.00,922.00,21.32,74.32,103.06,135,0.00,0.00,0.00,2773929
2022/10/20 9:34:14,0.00,0.00,23.00,922.21,21.31,74.32,74.37,122,0.00,0.00,0.00,2834241
2022/10/20 9:35:15,0.00,0.00,23.00,922.07,21.31,74.29,103.67,135,0.00,0.00,0.00,2894579
2022/10/20 9:36:15,0.00,0.00,23.00,922.03,21.31,74.28,78.98,124,0.00,0.00,0.00,2954894
2022/10/20 9:37:15,0.00,0.00,23.00,922.07,21.31,74.28,69.63,120,0.00,0.00,0.00,3015228
2022/10/20 9:38:16,0.00,0.00,23.00,921.89,21.31,74.25,90.32,129,0.00,0.00,0.00,3075544
2022/10/20 9:39:16,0.00,0.00,23.00,922.00,21.31,74.27,54.83,113,0.00,0.00,0.00,3135881
2022/10/20 9:40:17,0.00,0.00,23.00,921.91,21.31,74.24,81.45,122,0.00,0.00,0.00,3196194
2022/10/20 9:41:17,0.00,0.00,23.00,921.82,21.31,74.24,62.84,116,0.00,0.00,0.00,3256531
2022/10/20 9:42:18,0.00,0.00,23.00,921.80,21.31,74.24,50.50,109,0.00,0.00,0.00,3316844
2022/10/20 9:43:18,0.00,0.00,23.00,921.80,21.31,74.27,103.01,135,0.00,0.00,0.00,3377182
2022/10/20 9:44:19,0.00,0.00,23.00,921.80,21.31,74.35,88.07,130,0.00,0.00,0.00,3437497
2022/10/20 9:45:19,0.00,0.00,23.00,921.96,21.32,74.41,75.20,122,0.00,0.00,0.00,3497833
2022/10/20 9:46:20,0.00,0.00,23.00,922.12,21.31,74.39,86.48,128,0.00,0.00,0.00,3558147
2022/10/20 9:48:2,0.00,0.00,23.00,921.73,21.31,74.38,83.88,126,0.00,0.00,0.00,60015
2022/10/20 9:49:2,0.00,0.00,23.00,921.69,21.31,74.37,86.06,127,0.00,0.00,0.00,120266
2022/10/20 9:50:2,0.00,0.00,23.00,921.84,21.31,74.35,87.52,128,0.00,0.00,0.00,180516
2022/10/20 9:51:3,0.00,0.00,23.00,921.87,21.31,74.35,90.84,130,0.00,0.00,0.00,240765
2022/10/20 9:52:3,0.00,0.00,23.00,921.71,21.31,74.33,83.83,127,0.00,0.00,0.00,301016
2022/10/20 9:53:4,0.00,0.00,23.00,921.94,21.31,74.31,84.71,127,0.00,0.00,0.00,361313
2022/10/20 9:54:4,0.00,0.00,23.00,921.91,21.31,74.32,84.77,127,0.00,0.00,0.00,421562
2022/10/20 9:55:4,0.00,0.00,23.00,921.73,21.31,74.34,90.72,129,0.00,0.00,0.00,481810
2022/10/20 9:56:5,0.00,0.00,23.00,921.71,21.31,74.34,66.73,118,0.00,0.00,0.00,542059
2022/10/20 9:57:5,0.00,0.00,23.00,921.89,21.31,74.34,105.63,138,0.00,0.00,0.00,602308
2022/10/20 9:58:6,0.00,0.00,23.00,921.71,21.31,74.35,45.28,107,0.00,0.00,0.00,662558
2022/10/20 9:59:6,0.00,0.00,23.00,921.42,21.31,74.35,136.78,149,0.00,0.00,0.00,722857
2022/10/20 10:0:7,0.00,0.00,23.00,921.64,21.31,74.34,96.96,133,0.00,0.00,0.00,783171
2022/10/20 10:1:7,0.00,0.00,23.00,921.51,21.31,74.33,84.51,127,0.00,0.00,0.00,843506
2022/10/20 10:2:7,0.00,0.00,23.00,921.42,21.31,74.30,89.75,129,0.00,0.00,0.00,903822
2022/10/20 10:3:8,0.00,0.00,23.00,921.48,21.31,74.29,91.31,131,0.00,0.00,0.00,964158
2022/10/20 10:4:8,0.00,0.00,23.00,921.46,21.31,74.28,88.46,129,0.00,0.00,0.00,1024473
2022/10/20 10:5:9,0.00,0.00,23.00,921.44,21.31,74.29,63.08,117,0.00,0.00,0.00,1084810
2022/10/20 10:6:9,0.00,0.00,23.00,921.60,21.31,74.28,114.04,141,0.00,0.00,0.00,1145123
2022/10/20 10:7:10,0.00,0.00,23.00,921.60,21.31,74.31,127.87,146,0.00,0.00,0.00,1205464
2022/10/20 10:8:10,0.00,0.00,23.00,921.44,21.31,74.31,72.19,121,0.00,0.00,0.00,1265777
2022/10/20 10:9:11,0.00,0.00,23.00,921.46,21.31,74.31,83.70,126,0.00,0.00,0.00,1326113
2022/10/20 10:10:11,0.00,0.00,23.00,921.39,21.31,74.35,87.29,128,0.00,0.00,0.00,1386428
2022/10/20 10:11:12,0.00,0.00,23.00,921.53,21.31,74.42,77.11,123,0.00,0.00,0.00,1446766
2022/10/20 10:12:12,0.00,0.00,23.00,921.57,21.31,74.42,92.75,131,0.00,0.00,0.00,1507081
2022/10/20 10:13:13,0.00,0.00,23.00,921.57,21.31,74.44,91.33,131,0.00,0.00,0.00,1567418
2022/10/20 10:14:13,0.00,0.00,23.00,921.57,21.31,74.38,78.40,125,0.00,0.00,0.00,1627734
2022/10/20 10:15:14,0.00,0.00,23.00,921.53,21.31,74.42,83.46,127,0.00,0.00,0.00,1688070
2022/10/20 10:16:14,0.00,0.00,23.00,921.66,21.31,74.42,102.44,134,0.00,0.00,0.00,1748383
2022/10/20 10:17:14,0.00,0.00,23.00,921.44,21.31,74.41,128.81,146,0.00,0.00,0.00,1808721
2022/10/20 10:18:15,0.00,0.00,23.00,921.64,21.31,74.43,81.15,125,0.00,0.00,0.00,1869034
2022/10/20 10:19:15,0.00,0.00,23.00,921.71,21.32,74.48,90.67,130,0.00,0.00,0.00,1929371
2022/10/20 10:20:16,0.00,0.00,23.00,921.06,21.31,74.47,82.87,127,0.00,0.00,0.00,1989687
2022/10/20 10:21:16,0.00,0.00,23.00,921.35,21.31,74.45,71.82,123,0.00,0.00,0.00,2050021
2022/10/20 10:22:17,0.00,0.00,23.00,921.01,21.32,74.44,162.36,163,0.00,0.00,0.00,2110338
2022/10/20 10:23:17,0.00,0.00,23.00,920.94,21.31,74.50,119.66,143,0.00,0.00,0.00,2170674
2022/10/20 10:24:18,0.00,0.00,23.00,921.17,21.31,74.50,68.85,119,0.00,0.00,0.00,2230985
2022/10/20 10:26:19,0.00,0.00,23.00,921.12,21.31,74.56,78.83,125,0.00,0.00,0.00,2351636
2022/10/20 10:27:19,0.00,0.00,23.00,921.08,21.31,74.54,89.40,129,0.00,0.00,0.00,2411974
2022/10/20 10:28:20,0.00,0.00,23.00,921.08,21.32,74.57,76.15,124,0.00,0.00,0.00,2472290
2022/10/20 10:29:20,0.00,0.00,23.00,921.10,21.32,74.57,95.61,133,0.00,0.00,0.00,2532624
2022/10/20 10:30:20,0.00,0.00,23.00,921.08,21.32,74.57,80.25,126,0.00,0.00,0.00,2592941
2022/10/20 10:31:21,0.00,0.00,23.00,920.63,21.32,74.59,81.13,126,0.00,0.00,0.00,2653276
2022/10/20 10:32:21,0.00,0.00,23.00,920.79,21.32,74.61,79.90,126,0.00,0.00,0.00,2713589
2022/10/20 10:33:22,0.00,0.00,23.00,920.76,21.32,74.62,76.93,124,0.00,0.00,0.00,2773927
2022/10/20 10:34:22,0.00,0.00,23.00,920.74,21.32,74.62,85.58,128,0.00,0.00,0.00,2834239
2022/10/20 10:35:23,0.00,0.00,23.00,920.76,21.32,74.57,88.49,129,0.00,0.00,0.00,2894577
2022/10/20 10:36:23,0.00,0.00,23.00,920.79,21.32,74.58,75.60,123,0.00,0.00,0.00,2954893
2022/10/20 10:37:24,0.00,0.00,23.00,920.94,21.32,74.57,92.02,131,0.00,0.00,0.00,3015228
2022/10/20 10:38:24,0.00,0.00,23.00,920.72,21.32,74.57,73.46,122,0.00,0.00,0.00,3075544
2022/10/20 10:39:25,0.00,0.00,23.00,920.83,21.32,74.58,88.05,129,0.00,0.00,0.00,3135879
2022/10/20 10:40:25,0.00,0.00,23.00,920.76,21.32,74.61,77.74,124,0.00,0.00,0.00,3196192
2022/10/20 10:41:26,0.00,0.00,23.00,920.61,21.32,74.63,76.74,124,0.00,0.00,0.00,3256530
2022/10/20 10:42:26,0.00,0.00,23.00,920.58,21.32,74.66,93.47,131,0.00,0.00,0.00,3316844
2022/10/20 10:43:27,0.00,0.00,23.00,920.63,21.33,74.76,83.07,124,0.00,0.00,0.00,3377180
2022/10/20 10:44:27,0.00,0.00,23.00,920.72,21.33,74.86,90.23,128,0.00,0.00,0.00,3437496
2022/10/20 10:45:27,0.00,0.00,23.32,920.79,21.33,74.90,96.90,131,0.00,0.00,0.00,3497831
2022/10/20 10:46:28,0.00,0.00,24.00,920.85,21.34,74.92,65.24,119,0.00,0.00,0.00,3558165
2022/10/20 10:48:10,0.00,0.00,24.00,920.84,21.34,74.81,112.92,137,0.00,0.00,0.00,60018
2022/10/20 10:49:10,0.00,0.00,24.00,920.85,21.34,74.88,87.05,130,0.00,0.00,0.00,120272
2022/10/20 10:50:11,0.00,0.00,24.00,920.74,21.35,74.94,73.89,127,0.00,0.00,0.00,180525
2022/10/20 10:51:11,0.00,0.00,24.00,921.08,21.35,74.96,66.34,122,0.00,0.00,0.00,240777
2022/10/20 10:52:12,0.00,0.00,24.00,920.83,21.35,74.95,82.74,129,0.00,0.00,0.00,301029
2022/10/20 10:53:12,0.00,0.00,24.00,921.21,21.36,74.91,71.14,125,0.00,0.00,0.00,361331
2022/10/20 10:54:12,0.00,0.00,24.00,920.92,21.36,74.79,65.94,123,0.00,0.00,0.00,421585
2022/10/20 10:55:13,0.00,0.00,24.00,921.08,21.36,74.84,83.90,131,0.00,0.00,0.00,481840
2022/10/20 10:56:13,0.00,0.00,24.00,921.06,21.37,74.90,68.85,124,0.00,0.00,0.00,542094
2022/10/20 10:57:14,0.00,0.00,24.00,921.08,21.37,75.07,70.51,125,0.00,0.00,0.00,602347
2022/10/20 10:58:14,0.00,0.00,24.00,921.08,21.38,75.12,70.97,125,0.00,0.00,0.00,662601
2022/10/20 10:59:14,0.00,0.00,24.00,920.63,21.38,75.16,82.54,131,0.00,0.00,0.00,722904
2022/10/20 11:0:15,0.00,0.00,24.00,920.76,21.38,75.21,62.01,123,0.00,0.00,0.00,783175
2022/10/20 11:1:15,0.00,0.00,24.00,920.54,21.39,75.11,66.32,124,0.00,0.00,0.00,843512
2022/10/20 11:2:16,0.00,0.00,24.00,920.56,21.39,75.09,90.43,135,0.00,0.00,0.00,903825
2022/10/20 11:3:16,0.00,0.00,24.00,920.61,21.39,75.21,68.32,126,0.00,0.00,0.00,964164
2022/10/20 11:4:17,0.00,0.00,24.00,920.65,21.40,75.02,59.32,122,0.00,0.00,0.00,1024481
2022/10/20 11:5:17,0.00,0.00,24.00,920.74,21.40,74.79,39.80,116,0.00,0.00,0.00,1084815
2022/10/20 11:6:18,0.00,0.00,24.00,920.72,21.40,74.80,80.58,130,0.00,0.00,0.00,1145132
2022/10/20 11:7:18,0.00,0.00,24.00,920.92,21.41,74.86,60.29,122,0.00,0.00,0.00,1205466
2022/10/20 11:8:19,0.00,0.00,24.00,920.72,21.41,75.07,88.84,132,0.00,0.00,0.00,1265780
2022/10/20 11:9:19,0.00,0.00,24.00,920.67,21.42,75.00,57.80,120,0.00,0.00,0.00,1326118
2022/10/20 11:10:19,0.00,0.00,24.00,920.61,21.42,75.03,74.77,128,0.00,0.00,0.00,1386431
2022/10/20 11:11:20,0.00,0.00,24.00,920.61,21.42,75.06,67.71,125,0.00,0.00,0.00,1446769
2022/10/20 11:12:20,0.00,0.00,24.00,920.72,21.43,74.97,61.25,122,0.00,0.00,0.00,1507085
2022/10/20 11:13:21,0.00,0.00,24.00,920.65,21.43,75.00,78.81,128,0.00,0.00,0.00,1567420
2022/10/20 11:14:21,0.00,0.00,24.00,920.70,21.44,74.94,68.57,124,0.00,0.00,0.00,1627736
2022/10/20 11:15:22,0.00,0.00,24.00,920.83,21.44,74.94,65.94,124,0.00,0.00,0.00,1688071
2022/10/20 11:16:22,0.00,0.00,24.00,920.97,21.45,75.04,70.44,126,0.00,0.00,0.00,1748384
2022/10/20 11:17:23,0.00,0.00,24.00,920.83,21.45,75.05,65.53,124,0.00,0.00,0.00,1808722
2022/10/20 11:18:23,0.00,0.00,24.00,920.88,21.45,75.08,71.14,125,0.00,0.00,0.00,1869036
2022/10/20 11:19:24,0.00,0.00,24.00,920.74,21.46,75.12,28.55,108,0.00,0.00,0.00,1929372
2022/10/20 11:20:24,0.00,0.00,24.00,920.52,21.46,75.11,33.42,110,0.00,0.00,0.00,1989688
2022/10/20 11:21:25,0.00,0.00,24.00,920.54,21.47,75.16,66.05,124,0.00,0.00,0.00,2050022
2022/10/20 11:22:25,0.00,0.00,24.00,920.79,21.47,75.32,67.65,124,0.00,0.00,0.00,2110339
2022/10/20 11:23:26,0.00,0.00,24.00,920.76,21.47,75.60,68.76,125,0.00,0.00,0.00,2170676
2022/10/20 11:24:26,0.00,0.00,24.00,920.90,21.48,75.63,70.34,126,0.00,0.00,0.00,2230987
2022/10/20 11:25:26,0.00,0.00,24.00,920.92,21.48,75.64,35.08,112,0.00,0.00,0.00,2291325
2022/10/20 11:26:27,0.00,0.00,24.00,920.67,21.49,75.75,108.49,139,0.00,0.00,0.00,2351640
2022/10/20 11:27:27,0.00,0.00,24.00,920.92,21.49,75.82,28.05,109,0.00,0.00,0.00,2411975
2022/10/20 11:28:28,0.00,0.00,24.00,920.81,21.49,75.88,55.00,122,0.00,0.00,0.00,2472292
2022/10/20 11:29:28,0.00,0.00,24.00,920.88,21.50,75.78,30.10,111,0.00,0.00,0.00,2532626
2022/10/20 11:30:29,0.00,0.00,24.00,920.74,21.50,75.84,90.32,132,0.00,0.00,0.00,2592942
2022/10/20 11:31:29,0.00,0.00,24.00,920.79,21.51,75.92,92.51,135,0.00,0.00,0.00,2653278
2022/10/20 11:32:30,0.00,0.00,24.00,920.79,21.51,76.00,-16.71,94,0.00,0.00,0.00,2713590
2022/10/20 11:33:30,0.00,0.00,24.00,920.79,21.52,76.03,87.26,133,0.00,0.00,0.00,2773929
2022/10/20 11:34:31,0.00,0.00,24.00,920.83,21.52,76.03,52.80,121,0.00,0.00,0.00,2834242
2022/10/20 11:35:31,0.00,0.00,24.00,920.88,21.52,75.91,27.28,110,0.00,0.00,0.00,2894579
2022/10/20 11:36:32,0.00,0.00,24.00,921.01,21.53,75.88,36.92,115,0.00,0.00,0.00,2954895
2022/10/20 11:37:32,0.00,0.00,24.00,921.08,21.53,75.90,56.46,121,0.00,0.00,0.00,3015229
2022/10/20 11:38:33,0.00,0.00,24.00,920.92,21.54,75.93,70.57,126,0.00,0.00,0.00,3075545
2022/10/20 11:39:33,0.00,0.00,24.00,920.97,21.54,75.80,75.99,130,0.00,0.00,0.00,3135882
2022/10/20 11:40:33,0.00,0.00,24.00,921.19,21.54,75.71,95.87,136,0.00,0.00,0.00,3196195
2022/10/20 11:41:34,0.00,0.00,24.00,920.58,21.55,75.74,64.72,125,0.00,0.00,0.00,3256532
2022/10/20 11:42:34,0.00,0.00,24.00,920.81,21.55,75.76,80.99,132,0.00,0.00,0.00,3316845
2022/10/20 11:43:35,0.00,0.00,24.00,920.97,21.55,75.77,51.33,120,0.00,0.00,0.00,3377181
2022/10/20 11:44:35,0.00,0.00,24.00,921.15,21.56,75.91,40.87,115,0.00,0.00,0.00,3437498
2022/10/20 11:45:36,0.00,0.00,24.00,921.24,21.56,75.95,74.27,129,0.00,0.00,0.00,3497833
2022/10/20 11:46:36,0.00,0.00,24.00,921.26,21.56,75.94,60.50,124,0.00,0.00,0.00,3558148
2022/10/20 11:48:18,0.00,0.00,24.00,921.46,21.57,76.02,53.93,122,0.00,0.00,0.00,60017
2022/10/20 11:49:19,0.00,0.00,24.00,921.42,21.57,75.98,61.79,124,0.00,0.00,0.00,120272
2022/10/20 11:50:19,0.00,0.00,24.00,921.46,21.57,75.97,65.09,126,0.00,0.00,0.00,180528
2022/10/20 11:51:20,0.00,0.00,24.00,921.69,21.57,75.93,81.19,132,0.00,0.00,0.00,240782
2022/10/20 11:52:20,0.00,0.00,24.00,921.73,21.58,76.00,88.31,135,0.00,0.00,0.00,301035
2022/10/20 11:53:20,0.00,0.00,23.96,922.03,21.58,76.10,46.79,119,0.00,0.00,0.00,361336
2022/10/20 11:54:21,0.00,0.00,23.70,921.87,21.58,76.07,45.74,119,0.00,0.00,0.00,421592
2022/10/20 11:55:21,0.00,0.00,23.58,921.94,21.58,76.11,88.49,134,0.00,0.00,0.00,481846
2022/10/20 11:56:22,0.00,0.00,23.89,921.69,21.58,76.19,43.55,118,0.00,0.00,0.00,542100
2022/10/20 11:57:22,0.00,0.00,23.75,921.87,21.59,76.26,27.22,113,0.00,0.00,0.00,602354
2022/10/20 11:58:22,0.00,0.00,23.94,921.96,21.59,76.19,54.61,124,0.00,0.00,0.00,662609
2022/10/20 11:59:23,0.00,0.00,23.92,921.71,21.59,76.19,71.89,129,0.00,0.00,0.00,722912
2022/10/20 12:0:23,0.00,0.00,23.96,921.80,21.59,76.22,78.94,133,0.00,0.00,0.00,783176
2022/10/20 12:1:24,0.00,0.00,24.00,921.71,21.59,76.33,94.91,138,0.00,0.00,0.00,843515
2022/10/20 12:2:24,0.00,0.00,23.77,922.16,21.59,76.26,10.31,105,0.00,0.00,0.00,903827
2022/10/20 12:3:25,0.00,0.00,23.23,921.96,21.60,76.21,138.70,155,0.00,0.00,0.00,964166
2022/10/20 12:4:25,0.00,0.00,23.38,921.98,21.60,76.51,11.60,108,0.00,0.00,0.00,1024481
2022/10/20 12:5:26,0.00,0.00,23.55,922.00,21.60,76.48,98.10,139,0.00,0.00,0.00,1084815
2022/10/20 12:6:26,0.00,0.00,23.70,921.94,21.60,76.37,37.05,118,0.00,0.00,0.00,1145132
2022/10/20 12:7:26,0.00,0.00,23.81,922.09,21.60,76.32,13.33,108,0.00,0.00,0.00,1205466
2022/10/20 12:8:27,0.00,0.00,23.92,921.91,21.60,76.37,80.32,133,0.00,0.00,0.00,1265780
2022/10/20 12:9:27,0.00,0.00,24.00,921.84,21.60,76.33,2.18,103,0.00,0.00,0.00,1326117
2022/10/20 12:10:28,0.00,0.00,24.00,921.64,21.60,76.28,52.21,123,0.00,0.00,0.00,1386431
2022/10/20 12:11:28,0.00,0.00,24.00,921.87,21.60,76.19,63.61,127,0.00,0.00,0.00,1446769
2022/10/20 12:12:29,0.00,0.00,24.00,921.87,21.60,76.18,54.63,124,0.00,0.00,0.00,1507085
2022/10/20 12:13:29,0.00,0.00,24.00,921.80,21.60,76.17,71.91,130,0.00,0.00,0.00,1567420
2022/10/20 12:14:30,0.00,0.00,24.00,921.87,21.61,76.16,58.82,125,0.00,0.00,0.00,1627737
2022/10/20 12:15:30,0.00,0.00,24.00,921.89,21.61,76.14,55.72,124,0.00,0.00,0.00,1688074
2022/10/20 12:16:31,0.00,0.00,24.00,922.09,21.61,76.15,31.87,114,0.00,0.00,0.00,1748387
2022/10/20 12:17:31,0.00,0.00,24.00,921.94,21.61,76.23,66.08,128,0.00,0.00,0.00,1808724
2022/10/20 12:18:32,0.00,0.00,24.00,921.96,21.61,76.31,66.56,128,0.00,0.00,0.00,1869037
2022/10/20 12:19:32,0.00,0.00,24.00,921.87,21.61,76.30,63.96,127,0.00,0.00,0.00,1929374
2022/10/20 12:20:32,0.00,0.00,24.00,921.62,21.61,76.28,61.92,127,0.00,0.00,0.00,1989690
2022/10/20 12:21:33,0.00,0.00,24.00,921.75,21.61,76.26,67.34,129,0.00,0.00,0.00,2050026
2022/10/20 12:22:33,0.00,0.00,24.00,921.80,21.61,76.34,60.68,126,0.00,0.00,0.00,2110340
2022/10/20 12:23:34,0.00,0.00,24.00,921.87,21.61,76.33,58.89,126,0.00,0.00,0.00,2170677
2022/10/20 12:24:34,0.00,0.00,24.00,921.82,21.61,76.35,59.04,126,0.00,0.00,0.00,2230990
2022/10/20 12:25:35,0.00,0.00,24.00,921.96,21.62,76.40,61.80,127,0.00,0.00,0.00,2291328
2022/10/20 12:26:35,0.00,0.00,24.00,922.05,21.62,76.49,63.76,128,0.00,0.00,0.00,2351642
2022/10/20 12:27:36,0.00,0.00,24.00,922.07,21.62,76.48,67.85,129,0.00,0.00,0.00,2411977
2022/10/20 12:28:36,0.00,0.00,24.00,921.91,21.62,76.53,61.36,127,0.00,0.00,0.00,2472293
2022/10/20 12:29:37,0.00,0.00,24.00,922.07,21.62,76.55,68.52,129,0.00,0.00,0.00,2532629
2022/10/20 12:30:37,0.00,0.00,24.00,922.09,21.62,76.53,59.74,126,0.00,0.00,0.00,2592943
2022/10/20 12:31:38,0.00,0.00,24.00,921.73,21.62,76.57,56.57,126,0.00,0.00,0.00,2653281
2022/10/20 12:32:38,0.00,0.00,24.00,921.78,21.62,76.65,69.46,130,0.00,0.00,0.00,2713593
2022/10/20 12:33:39,0.00,0.00,24.00,922.02,21.62,76.61,50.66,124,0.00,0.00,0.00,2773931
2022/10/20 12:34:39,0.00,0.00,24.00,921.84,21.62,76.62,79.82,134,0.00,0.00,0.00,2834247
2022/10/20 12:35:39,0.00,0.00,24.00,921.93,21.62,76.61,61.01,127,0.00,0.00,0.00,2894582
2022/10/20 12:36:40,0.00,0.00,24.00,922.05,21.62,76.62,67.41,130,0.00,0.00,0.00,2954897
2022/10/20 12:37:40,0.00,0.00,24.00,921.98,21.62,76.61,56.40,125,0.00,0.00,0.00,3015234
2022/10/20 12:38:41,0.00,0.00,24.00,922.09,21.62,76.69,74.24,132,0.00,0.00,0.00,3075548
2022/10/20 12:39:41,0.00,0.00,24.00,921.93,21.63,76.72,66.78,129,0.00,0.00,0.00,3135885
2022/10/20 12:40:42,0.00,0.00,24.00,922.14,21.63,76.67,58.84,127,0.00,0.00,0.00,3196199
2022/10/20 12:41:42,0.00,0.00,24.00,921.75,21.63,76.70,57.53,127,0.00,0.00,0.00,3256536
2022/10/20 12:42:43,0.00,0.00,24.00,921.91,21.63,76.71,67.50,130,0.00,0.00,0.00,3316851
2022/10/20 12:43:43,0.00,0.00,24.00,922.00,21.64,76.77,64.00,129,0.00,0.00,0.00,3377189
2022/10/20 12:44:44,0.00,0.00,24.00,922.14,21.64,76.68,64.09,129,0.00,0.00,0.00,3437502
2022/10/20 12:45:44,0.00,0.00,24.00,921.84,21.64,76.69,63.78,129,0.00,0.00,0.00,3497840
2022/10/20 12:46:45,0.00,0.00,24.00,922.25,21.64,76.59,63.02,129,0.00,0.00,0.00,3558154
2022/10/20 12:48:27,0.00,0.00,24.00,921.85,21.65,76.50,61.40,128,0.00,0.00,0.00,60017
2022/10/20 12:49:27,0.00,0.00,24.00,921.98,21.65,76.52,71.64,132,0.00,0.00,0.00,120273
2022/10/20 12:50:27,0.00,0.00,24.00,922.18,21.65,76.50,69.53,131,0.00,0.00,0.00,180529
2022/10/20 12:51:28,0.00,0.00,24.00,922.14,21.65,76.53,58.01,127,0.00,0.00,0.00,240783
2022/10/20 12:52:28,0.00,0.00,24.00,922.18,21.64,76.58,62.87,128,0.00,0.00,0.00,301036
2022/10/20 12:53:29,0.00,0.00,24.00,922.30,21.64,76.50,54.13,125,0.00,0.00,0.00,361338
2022/10/20 12:54:29,0.00,0.00,24.00,922.21,21.64,76.40,58.01,127,0.00,0.00,0.00,421594
2022/10/20 12:55:29,0.00,0.00,24.00,922.36,21.64,76.49,58.45,126,0.00,0.00,0.00,481849
2022/10/20 12:56:30,0.00,0.00,24.00,922.18,21.64,76.53,73.04,132,0.00,0.00,0.00,542103
2022/10/20 12:57:30,0.00,0.00,24.00,922.41,21.64,76.54,62.97,128,0.00,0.00,0.00,602358
2022/10/20 12:58:31,0.00,0.00,24.00,922.25,21.64,76.48,68.04,130,0.00,0.00,0.00,662612
2022/10/20 12:59:31,0.00,0.00,24.00,921.93,21.64,76.48,52.56,125,0.00,0.00,0.00,722915
2022/10/20 13:0:31,0.00,0.00,24.00,922.07,21.64,76.47,61.58,128,0.00,0.00,0.00,783176
2022/10/20 13:1:32,0.00,0.00,24.00,922.12,21.64,76.48,58.49,126,0.00,0.00,0.00,843514
2022/10/20 13:2:32,0.00,0.00,24.00,921.98,21.64,76.44,68.13,129,0.00,0.00,0.00,903827
2022/10/20 13:4:33,0.00,0.00,24.00,922.14,21.64,76.44,69.59,131,0.00,0.00,0.00,1024481
2022/10/20 13:5:34,0.00,0.00,24.00,922.27,21.64,76.47,65.16,129,0.00,0.00,0.00,1084815
2022/10/20 13:6:34,0.00,0.00,24.00,922.59,21.64,76.43,57.36,126,0.00,0.00,0.00,1145132
2022/10/20 13:7:35,0.00,0.00,24.00,922.54,21.64,76.37,63.08,128,0.00,0.00,0.00,1205466
2022/10/20 13:8:35,0.00,0.00,24.00,922.48,21.64,76.35,66.16,129,0.00,0.00,0.00,1265780
2022/10/20 13:9:36,0.00,0.00,24.00,922.34,21.64,76.39,58.21,126,0.00,0.00,0.00,1326118
2022/10/20 13:10:36,0.00,0.00,24.00,921.98,21.64,76.40,64.46,128,0.00,0.00,0.00,1386431
2022/10/20 13:11:37,0.00,0.00,24.00,922.16,21.64,76.37,66.56,129,0.00,0.00,0.00,1446769
2022/10/20 13:12:37,0.00,0.00,24.00,922.16,21.63,76.36,64.22,128,0.00,0.00,0.00,1507085
2022/10/20 13:13:38,0.00,0.00,24.00,922.25,21.63,76.34,61.64,128,0.00,0.00,0.00,1567420
2022/10/20 13:14:38,0.00,0.00,24.00,922.32,21.63,76.35,61.03,128,0.00,0.00,0.00,1627736
2022/10/20 13:15:38,0.00,0.00,24.00,922.12,21.63,76.34,67.63,131,0.00,0.00,0.00,1688070
2022/10/20 13:16:39,0.00,0.00,24.00,922.34,21.63,76.41,62.52,128,0.00,0.00,0.00,1748384
2022/10/20 13:17:39,0.00,0.00,24.00,922.34,21.63,76.35,60.42,127,0.00,0.00,0.00,1808722
2022/10/20 13:18:40,0.00,0.00,24.00,922.27,21.63,76.29,67.23,130,0.00,0.00,0.00,1869036
2022/10/20 13:19:40,0.00,0.00,24.00,922.23,21.63,76.26,53.54,125,0.00,0.00,0.00,1929374
2022/10/20 13:20:41,0.00,0.00,24.00,921.87,21.63,76.26,63.59,129,0.00,0.00,0.00,1989690
2022/10/20 13:21:41,0.00,0.00,24.00,922.12,21.63,76.30,59.32,127,0.00,0.00,0.00,2050026
2022/10/20 13:22:42,0.00,0.00,24.00,922.00,21.63,76.17,61.71,127,0.00,0.00,0.00,2110340
2022/10/20 13:23:42,0.00,0.00,24.00,922.02,21.63,76.19,67.49,130,0.00,0.00,0.00,2170676
2022/10/20 13:24:43,0.00,0.00,24.00,922.18,21.63,76.23,55.81,126,0.00,0.00,0.00,2230990
2022/10/20 13:25:43,0.00,0.00,24.00,922.12,21.63,76.25,67.82,130,0.00,0.00,0.00,2291328
2022/10/20 13:26:44,0.00,0.00,24.00,922.21,21.63,76.34,54.83,124,0.00,0.00,0.00,2351642
2022/10/20 13:27:44,0.00,0.00,24.00,922.05,21.63,76.21,73.30,132,0.00,0.00,0.00,2411977
2022/10/20 13:28:45,0.00,0.00,24.00,922.27,21.63,76.26,69.16,130,0.00,0.00,0.00,2472293
2022/10/20 13:29:45,0.00,0.00,24.00,922.00,21.63,76.24,67.41,130,0.00,0.00,0.00,2532629
2022/10/20 13:30:45,0.00,0.00,24.00,922.07,21.63,76.13,59.50,127,0.00,0.00,0.00,2592943
2022/10/20 13:31:46,0.00,0.00,24.00,921.73,21.63,76.06,64.59,129,0.00,0.00,0.00,2653281
2022/10/20 13:32:46,0.00,0.00,24.00,921.85,21.63,75.94,67.98,130,0.00,0.00,0.00,2713593
2022/10/20 13:33:47,0.00,0.00,24.00,921.96,21.63,75.93,29.29,116,0.00,0.00,0.00,2773929
2022/10/20 13:34:47,0.00,0.00,24.00,922.00,21.63,75.94,38.71,120,0.00,0.00,0.00,2834245
2022/10/20 13:35:48,0.00,0.00,24.00,922.05,21.63,75.99,78.37,133,0.00,0.00,0.00,2894580
2022/10/20 13:36:48,0.00,0.00,24.00,922.07,21.63,75.90,-12.10,100,0.00,0.00,0.00,2954897
2022/10/20 13:37:49,0.00,0.00,24.00,921.98,21.63,75.92,66.58,130,0.00,0.00,0.00,3015232
2022/10/20 13:38:49,0.00,0.00,24.00,921.84,21.63,75.93,92.03,139,0.00,0.00,0.00,3075547
2022/10/20 13:39:50,0.00,0.00,24.00,921.82,21.63,75.96,59.85,127,0.00,0.00,0.00,3135884
2022/10/20 13:40:50,0.00,0.00,24.00,921.91,21.63,75.93,93.38,139,0.00,0.00,0.00,3196196
2022/10/20 13:41:51,0.00,0.00,24.00,921.60,21.63,75.84,23.53,115,0.00,0.00,0.00,3256534
2022/10/20 13:42:51,0.00,0.00,24.00,921.85,21.63,75.82,71.80,132,0.00,0.00,0.00,3316848
2022/10/20 13:43:52,0.00,0.00,24.00,921.75,21.63,75.82,45.61,120,0.00,0.00,0.00,3377185
2022/10/20 13:44:52,0.00,0.00,24.00,921.80,21.64,75.93,41.87,119,0.00,0.00,0.00,3437499
2022/10/20 13:45:52,0.00,0.00,24.00,921.73,21.64,75.93,69.90,130,0.00,0.00,0.00,3497835
2022/10/20 13:46:53,0.00,0.00,24.00,921.66,21.64,75.96,77.52,132,0.00,0.00,0.00,3558150
2022/10/20 13:48:35,0.00,0.00,24.00,921.76,21.64,75.97,66.98,129,0.00,0.00,0.00,60017
2022/10/20 13:49:35,0.00,0.00,24.00,921.96,21.64,75.97,62.62,126,0.00,0.00,0.00,120273
2022/10/20 13:50:36,0.00,0.00,24.00,921.64,21.64,75.94,55.66,124,0.00,0.00,0.00,180528
2022/10/20 13:51:36,0.00,0.00,24.00,921.48,21.64,75.93,104.32,143,0.00,0.00,0.00,240784
2022/10/20 13:52:37,0.00,0.00,24.00,921.71,21.64,76.09,76.80,132,0.00,0.00,0.00,301038
2022/10/20 13:53:37,0.00,0.00,24.00,921.62,21.64,76.09,90.89,137,0.00,0.00,0.00,361340
2022/10/20 13:54:37,0.00,0.00,24.00,921.82,21.65,76.04,74.14,131,0.00,0.00,0.00,421596
2022/10/20 13:55:38,0.00,0.00,24.00,921.66,21.65,76.05,44.65,120,0.00,0.00,0.00,481850
2022/10/20 13:56:38,0.00,0.00,24.00,921.73,21.65,75.99,63.76,127,0.00,0.00,0.00,542103
2022/10/20 13:57:39,0.00,0.00,24.00,921.71,21.66,75.95,72.00,129,0.00,0.00,0.00,602357
2022/10/20 13:58:39,0.00,0.00,24.00,921.62,21.66,75.93,75.34,131,0.00,0.00,0.00,662612
2022/10/20 13:59:39,0.00,0.00,24.00,921.51,21.67,75.90,77.32,132,0.00,0.00,0.00,722916
2022/10/20 14:0:40,0.00,0.00,24.00,921.39,21.67,75.88,72.76,130,0.00,0.00,0.00,783181
2022/10/20 14:1:40,0.00,0.00,24.00,921.57,21.68,76.04,67.39,128,0.00,0.00,0.00,843518
2022/10/20 14:2:41,0.00,0.00,24.00,921.57,21.68,76.12,77.56,132,0.00,0.00,0.00,903833
2022/10/20 14:3:41,0.00,0.00,24.00,921.48,21.68,76.04,75.32,131,0.00,0.00,0.00,964168
2022/10/20 14:4:42,0.00,0.00,24.00,921.37,21.69,76.21,72.94,131,0.00,0.00,0.00,1024484
2022/10/20 14:5:42,0.00,0.00,24.00,921.51,21.69,76.09,69.77,130,0.00,0.00,0.00,1084820
2022/10/20 14:6:43,0.00,0.00,24.00,921.60,21.70,76.02,71.25,131,0.00,0.00,0.00,1145134
2022/10/20 14:7:43,0.00,0.00,24.00,921.51,21.70,75.91,78.66,134,0.00,0.00,0.00,1205472
2022/10/20 14:8:44,0.00,0.00,24.00,921.42,21.71,75.82,68.44,129,0.00,0.00,0.00,1265784
2022/10/20 14:9:44,0.00,0.00,24.00,921.28,21.71,75.78,67.61,129,0.00,0.00,0.00,1326120
2022/10/20 14:10:44,0.00,0.00,24.00,920.79,21.71,75.74,74.44,132,0.00,0.00,0.00,1386437
2022/10/20 14:11:45,0.00,0.00,24.00,920.90,21.71,75.54,69.85,129,0.00,0.00,0.00,1446772
2022/10/20 14:12:45,0.00,0.00,24.00,920.83,21.72,75.52,72.87,131,0.00,0.00,0.00,1507088
2022/10/20 14:13:46,0.00,0.00,24.00,920.90,21.72,75.56,77.22,132,0.00,0.00,0.00,1567424
2022/10/20 14:14:46,0.00,0.00,24.00,921.17,21.73,75.64,70.49,129,0.00,0.00,0.00,1627739
2022/10/20 14:15:47,0.00,0.00,24.00,921.06,21.73,75.65,69.44,129,0.00,0.00,0.00,1688076
2022/10/20 14:16:47,0.00,0.00,24.00,921.01,21.73,75.63,72.45,131,0.00,0.00,0.00,1748388
2022/10/20 14:17:48,0.00,0.00,24.00,921.15,21.74,75.42,66.31,128,0.00,0.00,0.00,1808726
2022/10/20 14:18:48,0.00,0.00,24.00,921.01,21.74,75.29,66.80,128,0.00,0.00,0.00,1869040
2022/10/20 14:19:49,0.00,0.00,24.00,921.17,21.74,75.18,67.34,128,0.00,0.00,0.00,1929376
2022/10/20 14:20:49,0.00,0.00,24.00,920.49,21.74,75.17,61.44,126,0.00,0.00,0.00,1989691
2022/10/20 14:21:50,0.00,0.00,24.00,920.63,21.75,75.19,67.02,128,0.00,0.00,0.00,2050026
2022/10/20 14:22:50,0.00,0.00,24.00,920.94,21.75,75.25,60.00,125,0.00,0.00,0.00,2110342
2022/10/20 14:23:51,0.00,0.00,24.00,920.92,21.75,75.25,87.22,132,0.00,0.00,0.00,2170679
2022/10/20 14:24:51,0.00,0.00,24.00,921.06,21.75,75.25,92.70,133,0.00,0.00,0.00,2230993
2022/10/20 14:25:51,0.00,0.00,24.00,921.12,21.76,75.15,106.60,137,0.00,0.00,0.00,2291330
2022/10/20 14:26:52,0.00,0.00,24.00,921.30,21.76,75.11,94.45,134,0.00,0.00,0.00,2351643
2022/10/20 14:27:52,0.00,0.00,24.00,921.42,21.76,75.09,53.95,118,0.00,0.00,0.00,2411980
2022/10/20 14:28:53,0.00,0.00,24.00,921.48,21.77,75.04,86.28,131,0.00,0.00,0.00,2472294
2022/10/20 14:29:53,0.00,0.00,24.04,921.26,21.77,75.04,77.37,128,0.00,0.00,0.00,2532632
2022/10/20 14:30:54,0.00,0.00,24.38,921.55,21.77,75.08,82.48,130,0.00,0.00,0.00,2592945
2022/10/20 14:31:54,0.00,0.00,24.47,920.92,21.78,75.11,111.22,140,0.00,0.00,0.00,2653283
2022/10/20 14:32:55,0.00,0.00,25.00,921.03,21.78,75.21,95.58,135,0.00,0.00,0.00,2713596
2022/10/20 14:33:55,0.00,0.00,25.00,921.08,21.79,75.14,64.33,123,0.00,0.00,0.00,2773931
2022/10/20 14:34:56,0.00,0.00,25.00,921.26,21.80,75.24,94.38,135,0.00,0.00,0.00,2834248
2022/10/20 14:35:56,0.00,0.00,25.00,921.26,21.81,75.22,81.48,129,0.00,0.00,0.00,2894586
2022/10/20 20:57:23,0.00,0.00,22.00,918.94,21.11,77.30,59.91,167,0.00,0.00,0.00,120274
2022/10/20 20:58:24,0.00,0.00,22.00,919.17,21.12,77.28,49.96,162,0.00,0.00,0.00,180529
2022/10/20 20:59:24,0.00,0.00,22.00,919.08,21.12,77.18,27.65,154,0.00,0.00,0.00,240784
2022/10/20 21:0:25,0.00,0.00,22.00,919.14,21.12,77.16,45.04,159,0.00,0.00,0.00,301085
2022/10/20 21:1:25,0.00,0.00,22.00,919.21,21.13,77.10,79.73,171,0.00,0.00,0.00,361339
2022/10/20 21:2:25,0.00,0.00,22.00,919.10,21.13,77.11,-31.56,129,0.00,0.00,0.00,421596
2022/10/20 21:3:26,0.00,0.00,22.00,919.37,21.13,77.11,63.04,164,0.00,0.00,0.00,481850
2022/10/20 21:4:26,0.00,0.00,22.00,919.19,21.13,77.01,57.75,160,0.00,0.00,0.00,542104
2022/10/20 21:5:27,0.00,0.00,22.00,919.32,21.13,76.92,25.80,147,0.00,0.00,0.00,602358
2022/10/20 21:6:27,0.00,0.00,22.00,919.08,21.13,76.83,81.61,167,0.00,0.00,0.00,662659
2022/10/20 21:7:27,0.00,0.00,22.00,918.99,21.13,76.76,55.46,157,0.00,0.00,0.00,722912
2022/10/20 21:8:28,0.00,0.00,22.00,918.99,21.13,76.69,54.13,156,0.00,0.00,0.00,783178
2022/10/20 21:9:28,0.00,0.00,22.00,919.14,21.13,76.71,183.64,170,0.00,0.00,0.00,843517
2022/10/20 21:10:29,0.00,0.00,22.00,919.32,21.14,77.36,84.88,158,0.00,0.00,0.00,903831
2022/10/20 21:11:29,0.00,0.00,22.00,919.12,21.15,77.66,52.80,157,0.00,0.00,0.00,964167
2022/10/20 21:12:30,0.00,0.00,22.00,919.08,21.16,76.91,38.51,150,0.00,0.00,0.00,1024484
2022/10/20 21:13:30,0.00,0.00,22.00,919.26,21.16,76.91,43.34,152,0.00,0.00,0.00,1084818
2022/10/20 21:14:31,0.00,0.00,22.00,918.92,21.17,76.96,35.26,148,0.00,0.00,0.00,1145134
2022/10/20 21:15:31,0.00,0.00,22.00,919.19,21.17,76.93,56.68,156,0.00,0.00,0.00,1205471
2022/10/20 21:16:32,0.00,0.00,22.00,919.21,21.17,76.81,28.99,143,0.00,0.00,0.00,1265782
2022/10/20 21:17:32,0.00,0.00,22.00,919.01,21.17,76.67,47.42,150,0.00,0.00,0.00,1326121
2022/10/20 21:18:32,0.00,0.00,22.04,918.71,21.17,76.56,47.33,150,0.00,0.00,0.00,1386434
2022/10/20 21:19:33,0.00,0.00,22.47,918.87,21.17,76.44,47.27,149,0.00,0.00,0.00,1446771
2022/10/20 21:20:33,0.00,0.00,22.89,918.78,21.17,76.39,49.43,148,0.00,0.00,0.00,1507087
2022/10/20 21:21:34,0.00,0.00,23.00,919.01,21.17,76.38,56.66,151,0.00,0.00,0.00,1567421
2022/10/20 21:22:34,0.00,0.00,23.00,918.98,21.18,76.42,43.25,144,0.00,0.00,0.00,1627737
2022/10/20 21:23:35,0.00,0.00,23.00,919.10,21.18,76.62,53.93,149,0.00,0.00,0.00,1688074
2022/10/20 21:24:35,0.00,0.00,23.00,919.14,21.18,76.62,48.80,145,0.00,0.00,0.00,1748387
2022/10/20 21:25:36,0.00,0.00,23.00,919.17,21.18,76.51,46.40,143,0.00,0.00,0.00,1808724
2022/10/20 21:26:36,0.00,0.00,23.00,919.14,21.19,76.47,46.02,143,0.00,0.00,0.00,1869037
2022/10/20 21:27:37,0.00,0.00,23.00,919.50,21.19,76.40,47.27,144,0.00,0.00,0.00,1929374
2022/10/20 21:28:37,0.00,0.00,23.00,918.83,21.19,76.37,42.20,141,0.00,0.00,0.00,1989690
2022/10/20 21:29:38,0.00,0.00,23.00,918.78,21.19,76.30,64.15,150,0.00,0.00,0.00,2050027
2022/10/20 21:30:38,0.00,0.00,23.00,918.99,21.19,76.19,48.41,142,0.00,0.00,0.00,2110342
2022/10/20 21:31:39,0.00,0.00,23.00,919.35,21.20,76.07,41.90,139,0.00,0.00,0.00,2170679
2022/10/20 21:32:39,0.00,0.00,23.00,919.17,21.20,75.97,54.91,145,0.00,0.00,0.00,2230993
2022/10/20 21:33:39,0.00,0.00,23.00,919.28,21.20,75.90,49.15,142,0.00,0.00,0.00,2291329
2022/10/20 21:34:40,0.00,0.00,23.00,919.14,21.20,75.85,56.09,145,0.00,0.00,0.00,2351643
2022/10/20 21:35:40,0.00,0.00,23.00,919.41,21.20,75.78,50.52,141,0.00,0.00,0.00,2411980
2022/10/20 21:36:41,0.00,0.00,23.00,919.19,21.21,75.75,56.09,144,0.00,0.00,0.00,2472294
2022/10/20 21:37:41,0.00,0.00,23.00,919.30,21.21,75.71,56.86,144,0.00,0.00,0.00,2532632
2022/10/20 21:38:42,0.00,0.00,23.00,919.57,21.21,75.69,41.98,137,0.00,0.00,0.00,2592945
2022/10/20 21:39:42,0.00,0.00,23.00,919.19,21.22,75.66,58.26,144,0.00,0.00,0.00,2653282
2022/10/20 21:40:43,0.00,0.00,23.00,919.23,21.22,75.63,54.67,142,0.00,0.00,0.00,2713600
2022/10/20 21:41:43,0.00,0.00,23.00,919.35,21.22,75.61,41.52,135,0.00,0.00,0.00,2773934
2022/10/20 21:42:44,0.00,0.00,23.00,919.44,21.23,75.58,51.86,141,0.00,0.00,0.00,2834248
2022/10/20 21:43:44,0.00,0.00,23.00,919.28,21.23,75.57,54.67,142,0.00,0.00,0.00,2894586
2022/10/20 21:44:45,0.00,0.00,23.00,918.92,21.23,75.52,49.08,138,0.00,0.00,0.00,2954898
2022/10/20 21:45:45,0.00,0.00,23.00,919.05,21.23,75.49,64.74,145,0.00,0.00,0.00,3015237
2022/10/20 21:46:46,0.00,0.00,23.00,919.19,21.24,75.47,51.11,140,0.00,0.00,0.00,3075551
2022/10/20 21:47:46,0.00,0.00,23.00,919.44,21.24,75.43,78.24,152,0.00,0.00,0.00,3135887
2022/10/20 21:48:46,0.00,0.00,23.00,919.17,21.24,75.37,11.51,122,0.00,0.00,0.00,3196203
2022/10/20 21:49:47,0.00,0.00,23.00,919.01,21.25,75.33,28.59,129,0.00,0.00,0.00,3256537
2022/10/20 21:50:47,0.00,0.00,23.00,918.87,21.25,75.31,57.03,140,0.00,0.00,0.00,3316851
2022/10/20 21:51:48,0.00,0.00,23.00,918.98,21.25,75.29,51.99,138,0.00,0.00,0.00,3377189
2022/10/20 21:52:48,0.00,0.00,23.00,918.92,21.26,75.25,56.60,140,0.00,0.00,0.00,3437502
2022/10/20 21:53:49,0.00,0.00,23.00,918.94,21.26,75.22,14.48,120,0.00,0.00,0.00,3497840
2022/10/20 21:54:49,0.00,0.00,23.00,919.01,21.26,75.21,44.69,138,0.00,0.00,0.00,3558154
2022/10/20 21:56:31,0.00,0.00,23.00,919.23,21.27,75.17,9.21,124,0.00,0.00,0.00,60016
2022/10/20 21:57:32,0.00,0.00,23.00,918.92,21.27,75.16,61.34,141,0.00,0.00,0.00,120272
2022/10/20 21:58:32,0.00,0.00,23.00,918.74,21.28,75.11,145.93,173,0.00,0.00,0.00,180529
2022/10/20 21:59:33,0.00,0.00,23.00,918.99,21.28,75.06,30.34,127,0.00,0.00,0.00,240784
2022/10/20 22:0:33,0.00,0.00,23.00,919.03,21.29,74.92,25.43,127,0.00,0.00,0.00,301085
2022/10/20 22:1:33,0.00,0.00,23.00,919.01,21.29,74.92,62.19,141,0.00,0.00,0.00,361340
2022/10/20 22:2:34,0.00,0.00,23.00,919.21,21.30,74.85,31.59,124,0.00,0.00,0.00,421596
2022/10/20 22:3:34,0.00,0.00,23.00,918.98,21.31,74.89,52.36,135,0.00,0.00,0.00,481850
2022/10/20 22:4:35,0.00,0.00,23.00,918.85,21.31,74.75,92.31,150,0.00,0.00,0.00,542103
2022/10/20 22:5:35,0.00,0.00,23.00,919.01,21.32,74.73,65.40,138,0.00,0.00,0.00,602356
2022/10/20 22:6:35,0.00,0.00,23.34,919.01,21.33,74.72,67.54,139,0.00,0.00,0.00,662657
2022/10/20 22:7:36,0.00,0.00,24.00,918.38,21.34,74.70,67.54,139,0.00,0.00,0.00,722910
2022/10/20 22:8:36,0.00,0.00,24.00,918.53,21.34,74.65,57.62,136,0.00,0.00,0.00,783175
2022/10/20 22:9:37,0.00,0.00,23.58,918.51,21.35,74.63,78.39,143,0.00,0.00,0.00,843513
2022/10/20 22:10:37,0.00,0.00,24.00,918.65,21.36,74.62,50.59,133,0.00,0.00,0.00,903826
2022/10/20 22:11:38,0.00,0.00,24.00,918.65,21.37,74.54,71.60,141,0.00,0.00,0.00,964165
2022/10/20 22:12:38,0.00,0.00,24.00,918.85,21.38,74.40,56.14,134,0.00,0.00,0.00,1024479
2022/10/20 22:13:38,0.00,0.00,24.00,918.78,21.39,74.38,75.88,142,0.00,0.00,0.00,1084815
2022/10/20 22:14:39,0.00,0.00,24.00,918.92,21.40,74.39,60.83,136,0.00,0.00,0.00,1145131
2022/10/20 22:15:39,0.00,0.00,24.00,919.21,21.41,74.36,45.24,129,0.00,0.00,0.00,1205465
2022/10/20 22:16:40,0.00,0.00,24.00,919.01,21.42,74.40,98.69,150,0.00,0.00,0.00,1265779
2022/10/20 22:17:40,0.00,0.00,24.00,918.89,21.43,74.35,57.88,135,0.00,0.00,0.00,1326117
2022/10/20 22:18:41,0.00,0.00,24.00,918.42,21.44,74.35,61.79,136,0.00,0.00,0.00,1386430
2022/10/20 22:19:41,0.00,0.00,24.00,918.62,21.45,74.28,66.12,138,0.00,0.00,0.00,1446768
2022/10/20 22:20:42,0.00,0.00,24.00,918.71,21.46,74.32,68.28,139,0.00,0.00,0.00,1507082
2022/10/20 22:21:42,0.00,0.00,24.00,918.71,21.47,74.31,48.25,131,0.00,0.00,0.00,1567418
2022/10/20 22:22:43,0.00,0.00,24.00,918.80,21.48,74.26,76.98,140,0.00,0.00,0.00,1627735
2022/10/20 22:23:43,0.00,0.00,24.00,919.03,21.49,74.17,61.14,135,0.00,0.00,0.00,1688069
2022/10/20 22:24:44,0.00,0.00,24.00,918.96,21.50,74.08,78.83,143,0.00,0.00,0.00,1748382
2022/10/20 22:25:44,0.00,0.00,24.00,919.10,21.51,73.84,41.76,127,0.00,0.00,0.00,1808719
2022/10/20 22:26:45,0.00,0.00,24.00,919.32,21.52,73.77,-3.84,107,0.00,0.00,0.00,1869033
2022/10/20 22:27:45,0.00,0.00,24.00,919.21,21.53,73.84,83.37,147,0.00,0.00,0.00,1929371
2022/10/20 22:28:45,0.00,0.00,24.00,918.65,21.54,73.83,68.30,142,0.00,0.00,0.00,1989687
2022/10/20 22:29:46,0.00,0.00,24.00,918.74,21.55,73.68,79.25,142,0.00,0.00,0.00,2050021
2022/10/20 22:30:46,0.00,0.00,24.00,918.92,21.56,73.48,47.33,128,0.00,0.00,0.00,2110337
2022/10/20 22:31:47,0.00,0.00,24.00,919.05,21.57,73.55,73.07,138,0.00,0.00,0.00,2170672
2022/10/20 22:32:47,0.00,0.00,24.00,919.19,21.58,73.52,63.72,135,0.00,0.00,0.00,2230985
2022/10/20 22:33:48,0.00,0.00,24.00,919.28,21.59,73.40,65.49,134,0.00,0.00,0.00,2291324
2022/10/20 22:34:48,0.00,0.00,24.26,919.30,21.60,73.26,79.46,140,0.00,0.00,0.00,2351636
2022/10/20 22:35:49,0.00,0.00,24.62,919.30,21.61,73.27,61.95,133,0.00,0.00,0.00,2411974
2022/10/20 22:36:49,0.00,0.00,25.00,919.30,21.62,73.23,63.91,133,0.00,0.00,0.00,2472290
2022/10/20 22:37:50,0.00,0.00,25.00,919.23,21.63,73.24,63.63,133,0.00,0.00,0.00,2532624
