2022/8/31 0:0:54,0.00,4.78,19.00,794.00,17.12,57.58,222.32,106,0.00,0.00,0.00,360844
2022/8/31 0:1:54,0.00,4.78,19.00,794.00,17.13,57.59,222.19,106,0.00,0.00,0.00,420997
2022/8/31 0:2:54,0.00,4.79,19.00,794.00,17.13,57.51,216.94,103,0.00,0.00,0.00,481150
2022/8/31 0:3:54,0.00,4.79,19.00,794.00,17.13,57.46,222.00,106,0.00,0.00,0.00,541303
2022/8/31 0:4:54,0.00,4.79,19.00,794.00,17.13,57.48,230.66,109,0.00,0.00,0.00,601456
2022/8/31 0:5:55,0.00,4.79,19.00,794.00,17.13,57.66,225.98,107,0.00,0.00,0.00,661608
2022/8/31 0:6:55,0.00,4.77,19.00,794.00,17.14,57.54,222.30,105,0.00,0.00,0.00,721809
2022/8/31 0:7:55,0.00,4.77,19.00,794.00,17.14,57.58,217.38,103,0.00,0.00,0.00,782102
2022/8/31 0:8:55,0.00,4.77,19.00,794.00,17.14,57.41,219.69,104,0.00,0.00,0.00,842255
2022/8/31 0:9:56,0.00,4.77,19.00,794.00,17.14,57.38,220.51,105,0.00,0.00,0.00,902409
2022/8/31 0:10:56,0.00,4.76,19.00,794.00,17.14,57.39,217.19,103,0.00,0.00,0.00,962565
2022/8/31 0:11:56,0.00,4.76,19.00,794.00,17.13,57.40,215.28,102,0.00,0.00,0.00,1022720
2022/8/31 0:13:57,0.00,4.77,19.00,794.00,17.13,57.60,211.87,101,0.00,0.00,0.00,1143077
2022/8/31 0:14:57,0.00,4.78,19.00,794.00,17.13,57.48,212.57,102,0.00,0.00,0.00,1203359
2022/8/31 0:15:57,0.00,4.79,19.00,794.00,17.13,57.42,221.96,105,0.00,0.00,0.00,1263515
2022/8/31 0:16:57,0.00,4.78,19.00,794.00,17.13,57.37,215.09,102,0.00,0.00,0.00,1323669
2022/8/31 0:17:58,0.00,4.78,19.00,794.00,17.13,57.34,217.15,103,0.00,0.00,0.00,1383824
2022/8/31 0:18:58,0.00,4.79,19.00,794.00,17.12,57.36,217.38,103,0.00,0.00,0.00,1444028
2022/8/31 0:19:58,0.00,4.79,19.00,794.00,17.12,57.32,215.51,102,0.00,0.00,0.00,1504184
2022/8/31 0:20:58,0.00,4.79,19.00,794.00,17.12,57.26,219.58,104,0.00,0.00,0.00,1564341
2022/8/31 0:21:59,0.00,4.79,19.00,794.00,17.11,57.23,211.32,101,0.00,0.00,0.00,1624617
2022/8/31 0:22:59,0.00,4.79,19.00,794.00,17.11,57.20,220.46,104,0.00,0.00,0.00,1684774
2022/8/31 0:23:59,0.00,4.79,19.00,794.00,17.10,57.18,218.62,104,0.00,0.00,0.00,1744931
2022/8/31 0:24:59,0.00,4.80,19.00,794.00,17.10,57.14,211.28,101,0.00,0.00,0.00,1805133
2022/8/31 0:26:0,0.00,4.80,19.00,794.00,17.09,57.13,216.25,102,0.00,0.00,0.00,1865287
2022/8/31 0:27:0,0.00,4.80,19.00,794.00,17.09,57.09,221.30,105,0.00,0.00,0.00,1925440
2022/8/31 0:28:0,0.00,4.79,19.00,794.00,17.09,57.10,214.51,102,0.00,0.00,0.00,1985594
2022/8/31 0:29:0,0.00,4.79,19.00,794.00,17.08,57.06,217.85,103,0.00,0.00,0.00,2045881
2022/8/31 0:30:1,0.00,4.79,19.00,794.00,17.08,57.03,217.54,103,0.00,0.00,0.00,2106036
2022/8/31 0:31:1,0.00,4.79,19.00,794.00,17.07,57.01,214.19,102,0.00,0.00,0.00,2166238
2022/8/31 0:32:1,0.00,4.79,19.00,794.00,17.07,56.98,214.70,102,0.00,0.00,0.00,2226393
2022/8/31 0:33:1,0.00,4.79,19.00,794.00,17.06,56.96,219.09,104,0.00,0.00,0.00,2286546
2022/8/31 0:34:2,0.00,4.79,19.00,794.00,17.06,56.91,211.17,101,0.00,0.00,0.00,2346701
2022/8/31 0:35:2,0.00,4.79,19.00,794.00,17.05,56.92,219.17,104,0.00,0.00,0.00,2406856
2022/8/31 0:36:2,0.00,4.79,19.00,794.00,17.05,56.88,215.21,103,0.00,0.00,0.00,2467010
2022/8/31 0:37:2,0.00,4.79,19.00,794.00,17.05,56.87,210.85,100,0.00,0.00,0.00,2527212
2022/8/31 0:38:3,0.00,4.78,18.81,794.00,17.04,56.86,216.00,102,0.00,0.00,0.00,2587366
2022/8/31 0:39:3,0.00,4.78,18.70,794.00,17.04,56.82,219.85,104,0.00,0.00,0.00,2647521
2022/8/31 0:40:3,0.00,4.77,18.62,794.00,17.03,56.79,214.36,102,0.00,0.00,0.00,2707676
2022/8/31 0:41:3,0.00,4.78,18.42,794.00,17.03,56.78,219.70,104,0.00,0.00,0.00,2767848
2022/8/31 0:42:3,0.00,4.78,18.42,794.00,17.02,56.75,213.83,102,0.00,0.00,0.00,2828003
2022/8/31 0:43:4,0.00,4.79,18.49,794.00,17.02,56.75,215.49,102,0.00,0.00,0.00,2888207
2022/8/31 0:44:4,0.00,4.79,18.23,794.00,17.02,56.71,215.19,102,0.00,0.00,0.00,2948363
2022/8/31 0:45:4,0.00,4.79,18.60,794.00,17.01,56.69,215.15,102,0.00,0.00,0.00,3008518
2022/8/31 0:46:4,0.00,4.79,18.49,794.00,17.01,56.71,213.13,102,0.00,0.00,0.00,3068674
2022/8/31 0:47:5,0.00,4.79,18.60,794.00,17.00,56.67,212.17,101,0.00,0.00,0.00,3128827
2022/8/31 0:48:5,0.00,4.77,18.35,794.00,16.99,56.69,218.71,104,0.00,0.00,0.00,3188982
2022/8/31 0:49:5,0.00,4.77,18.49,794.00,16.99,56.74,220.85,105,0.00,0.00,0.00,3249187
2022/8/31 0:50:5,0.00,4.77,18.49,794.00,16.99,56.74,213.26,101,0.00,0.00,0.00,3309341
2022/8/31 0:51:6,0.00,4.77,18.40,794.00,16.98,56.79,212.43,101,0.00,0.00,0.00,3369494
2022/8/31 0:52:6,0.00,4.77,18.74,794.00,16.98,56.81,219.92,104,0.00,0.00,0.00,3429648
2022/8/31 0:53:6,0.00,4.78,18.62,794.00,16.98,56.84,211.70,101,0.00,0.00,0.00,3489823
2022/8/31 0:54:6,0.00,4.78,18.52,794.00,16.97,56.85,219.27,104,0.00,0.00,0.00,3549976
2022/8/31 0:55:56,0.00,4.77,18.15,794.00,16.97,56.81,217.25,103,0.00,0.00,0.00,60016
2022/8/31 0:56:57,0.00,4.77,18.15,794.00,16.96,56.83,214.74,102,0.00,0.00,0.00,120173
2022/8/31 0:57:57,0.00,4.77,18.19,794.00,16.96,56.84,220.25,105,0.00,0.00,0.00,180328
2022/8/31 0:58:57,0.00,4.77,18.04,794.00,16.96,56.85,213.70,102,0.00,0.00,0.00,240482
2022/8/31 0:59:57,0.00,4.77,18.04,794.00,16.96,56.87,218.81,104,0.00,0.00,0.00,300636
2022/8/31 1:0:58,0.00,4.77,18.00,794.00,16.95,56.84,217.02,103,0.00,0.00,0.00,360841
2022/8/31 1:1:58,0.00,4.77,18.00,794.00,16.95,56.87,214.13,102,0.00,0.00,0.00,421022
2022/8/31 1:2:58,0.00,4.77,18.00,794.00,16.94,56.85,213.53,102,0.00,0.00,0.00,481174
2022/8/31 1:3:58,0.00,4.78,18.00,794.00,16.94,56.85,213.66,102,0.00,0.00,0.00,541327
2022/8/31 1:4:59,0.00,4.79,18.00,794.00,16.94,56.83,212.36,101,0.00,0.00,0.00,601481
2022/8/31 1:5:59,0.00,4.79,18.00,794.00,16.93,56.83,217.25,103,0.00,0.00,0.00,661634
2022/8/31 1:6:59,0.00,4.79,18.00,794.00,16.93,56.82,218.30,104,0.00,0.00,0.00,721836
2022/8/31 1:7:59,0.00,4.79,18.00,794.00,16.93,56.83,218.89,104,0.00,0.00,0.00,782126
2022/8/31 1:9:0,0.00,4.79,18.00,794.00,16.92,56.83,209.94,100,0.00,0.00,0.00,842278
2022/8/31 1:10:0,0.00,4.79,18.00,794.00,16.92,56.83,217.72,103,0.00,0.00,0.00,902432
2022/8/31 1:11:0,0.00,4.79,18.00,794.00,16.92,56.82,214.47,102,0.00,0.00,0.00,962586
2022/8/31 1:12:0,0.00,4.79,18.00,794.00,16.92,56.84,217.64,104,0.00,0.00,0.00,1022739
2022/8/31 1:13:1,0.00,4.79,18.00,794.00,16.91,56.83,217.57,103,0.00,0.00,0.00,1082941
2022/8/31 1:14:1,0.00,4.79,18.00,794.00,16.91,56.79,214.55,102,0.00,0.00,0.00,1143096
2022/8/31 1:15:1,0.00,4.79,18.00,794.00,16.91,56.77,217.68,103,0.00,0.00,0.00,1203383
2022/8/31 1:16:1,0.00,4.79,18.00,794.00,16.90,56.76,212.02,101,0.00,0.00,0.00,1263538
2022/8/31 1:17:2,0.00,4.79,18.00,794.00,16.90,56.78,218.55,104,0.00,0.00,0.00,1323693
2022/8/31 1:18:2,0.00,4.79,18.00,794.00,16.90,56.82,207.06,98,0.00,0.00,0.00,1383846
2022/8/31 1:19:2,0.00,4.78,18.00,794.00,16.90,56.79,220.11,105,0.00,0.00,0.00,1444051
2022/8/31 1:20:2,0.00,4.79,18.00,794.00,16.89,56.78,216.91,103,0.00,0.00,0.00,1504207
2022/8/31 1:21:2,0.00,4.79,18.00,794.00,16.89,56.74,213.26,101,0.00,0.00,0.00,1564362
2022/8/31 1:22:3,0.00,4.79,18.00,794.00,16.89,56.72,218.15,103,0.00,0.00,0.00,1624643
2022/8/31 1:23:3,0.00,4.79,18.00,794.00,16.88,56.72,211.56,101,0.00,0.00,0.00,1684798
2022/8/31 1:24:3,0.00,4.79,18.00,794.03,16.88,56.71,216.19,103,0.00,0.00,0.00,1744953
2022/8/31 1:25:4,0.00,4.79,18.00,794.00,16.88,56.69,214.72,102,0.00,0.00,0.00,1805155
2022/8/31 1:26:4,0.00,4.79,18.00,794.00,16.88,56.68,216.42,102,0.00,0.00,0.00,1865310
2022/8/31 1:27:4,0.00,4.79,18.00,794.00,16.88,56.68,212.66,101,0.00,0.00,0.00,1925465
2022/8/31 1:28:4,0.00,4.79,18.00,794.00,16.87,56.65,216.79,103,0.00,0.00,0.00,1985618
2022/8/31 1:29:5,0.00,4.78,18.00,794.00,16.87,56.67,213.75,102,0.00,0.00,0.00,2045903
2022/8/31 1:30:5,0.00,4.78,18.00,794.00,16.87,56.67,223.58,106,0.00,0.00,0.00,2106057
2022/8/31 1:31:5,0.00,4.78,18.00,794.00,16.87,56.67,213.74,102,0.00,0.00,0.00,2166260
2022/8/31 1:32:5,0.00,4.79,18.00,794.00,16.86,56.66,217.58,103,0.00,0.00,0.00,2226415
2022/8/31 1:33:6,0.00,4.79,18.00,794.00,16.86,56.63,213.09,102,0.00,0.00,0.00,2286569
2022/8/31 1:34:6,0.00,4.79,18.00,794.00,16.86,56.65,218.89,104,0.00,0.00,0.00,2346724
2022/8/31 1:35:6,0.00,4.79,18.00,794.00,16.85,56.64,213.58,102,0.00,0.00,0.00,2406879
2022/8/31 1:36:6,0.00,4.79,18.00,794.00,16.85,56.63,211.12,100,0.00,0.00,0.00,2467035
2022/8/31 1:37:6,0.00,4.79,18.00,794.00,16.85,56.65,214.17,102,0.00,0.00,0.00,2527239
2022/8/31 1:38:7,0.00,4.77,18.00,794.00,16.85,56.64,213.55,102,0.00,0.00,0.00,2587393
2022/8/31 1:39:7,0.00,4.77,18.00,794.00,16.84,56.60,210.91,100,0.00,0.00,0.00,2647546
2022/8/31 1:40:7,0.00,4.77,18.00,794.00,16.84,56.59,215.21,102,0.00,0.00,0.00,2707701
2022/8/31 1:41:7,0.00,4.77,18.00,794.00,16.84,56.64,218.89,104,0.00,0.00,0.00,2767876
2022/8/31 1:42:8,0.00,4.77,18.00,794.00,16.84,56.62,211.35,101,0.00,0.00,0.00,2828030
2022/8/31 1:43:8,0.00,4.77,18.00,794.00,16.83,56.61,211.96,101,0.00,0.00,0.00,2888232
2022/8/31 1:44:8,0.00,4.77,18.00,794.00,16.83,56.61,221.25,105,0.00,0.00,0.00,2948387
2022/8/31 1:45:8,0.00,4.77,18.00,794.00,16.83,56.59,214.53,102,0.00,0.00,0.00,3008543
2022/8/31 1:46:9,0.00,4.78,18.00,794.00,16.82,56.60,215.15,102,0.00,0.00,0.00,3068699
2022/8/31 1:47:9,0.00,4.78,18.00,794.00,16.82,56.58,214.38,102,0.00,0.00,0.00,3128854
2022/8/31 1:48:9,0.00,4.77,18.00,794.00,16.82,56.58,209.67,100,0.00,0.00,0.00,3189007
2022/8/31 1:49:9,0.00,4.77,18.00,794.00,16.82,56.59,217.36,104,0.00,0.00,0.00,3249211
2022/8/31 1:50:9,0.00,4.77,18.00,794.00,16.82,56.56,224.06,106,0.00,0.00,0.00,3309365
2022/8/31 1:51:10,0.00,4.77,18.00,794.00,16.81,56.56,218.72,104,0.00,0.00,0.00,3369520
2022/8/31 1:52:10,0.00,4.77,18.00,794.00,16.81,56.56,219.15,104,0.00,0.00,0.00,3429676
2022/8/31 1:53:10,0.00,4.78,18.00,794.00,16.81,56.56,216.58,103,0.00,0.00,0.00,3489848
2022/8/31 1:54:10,0.00,4.78,18.00,794.00,16.81,56.54,213.37,102,0.00,0.00,0.00,3550004
2022/8/31 1:56:1,0.00,4.77,18.00,794.00,16.80,56.57,216.12,103,0.00,0.00,0.00,60015
2022/8/31 1:57:1,0.00,4.77,18.00,794.00,16.80,56.54,216.11,103,0.00,0.00,0.00,120169
2022/8/31 1:58:1,0.00,4.77,18.00,794.00,16.80,56.50,219.40,104,0.00,0.00,0.00,180323
2022/8/31 1:59:1,0.00,4.77,18.00,794.00,16.80,56.54,216.75,103,0.00,0.00,0.00,240477
2022/8/31 2:0:1,0.00,4.78,18.00,794.00,16.79,56.52,218.87,104,0.00,0.00,0.00,300631
2022/8/31 2:1:2,0.00,4.78,18.00,794.00,16.79,56.51,216.02,103,0.00,0.00,0.00,360840
2022/8/31 2:2:2,0.00,4.78,18.00,794.00,16.79,56.50,213.06,101,0.00,0.00,0.00,421153
2022/8/31 2:3:2,0.00,4.78,18.00,794.00,16.79,56.49,214.44,102,0.00,0.00,0.00,481307
2022/8/31 2:4:3,0.00,4.79,18.00,794.00,16.79,56.51,216.08,103,0.00,0.00,0.00,541459
2022/8/31 2:5:3,0.00,4.79,18.00,794.00,16.78,56.47,214.28,102,0.00,0.00,0.00,601611
2022/8/31 2:6:3,0.00,4.79,18.00,794.00,16.78,56.44,215.15,102,0.00,0.00,0.00,661763
2022/8/31 2:7:3,0.00,4.77,18.00,794.00,16.78,56.45,214.04,102,0.00,0.00,0.00,721915
2022/8/31 2:8:3,0.00,4.77,18.00,794.00,16.77,56.47,219.92,104,0.00,0.00,0.00,782115
2022/8/31 2:9:4,0.00,4.77,18.00,794.00,16.77,56.46,211.48,101,0.00,0.00,0.00,842268
2022/8/31 2:10:4,0.00,4.78,18.00,794.00,16.77,56.45,219.42,104,0.00,0.00,0.00,902421
2022/8/31 2:11:4,0.00,4.78,18.00,794.00,16.77,56.46,218.51,104,0.00,0.00,0.00,962574
2022/8/31 2:12:4,0.00,4.78,18.00,794.00,16.76,56.45,211.04,101,0.00,0.00,0.00,1022728
2022/8/31 2:13:5,0.00,4.79,18.00,794.00,16.76,56.45,215.70,102,0.00,0.00,0.00,1082883
2022/8/31 2:14:5,0.00,4.79,18.00,794.00,16.76,56.44,217.70,103,0.00,0.00,0.00,1143086
2022/8/31 2:15:5,0.00,4.79,18.00,794.00,16.76,56.43,219.17,104,0.00,0.00,0.00,1203371
2022/8/31 2:16:5,0.00,4.78,18.00,794.00,16.76,56.43,211.13,100,0.00,0.00,0.00,1263525
2022/8/31 2:17:6,0.00,4.76,18.00,794.00,16.76,56.42,214.08,101,0.00,0.00,0.00,1323680
2022/8/31 2:18:6,0.00,4.76,18.00,794.00,16.75,56.43,219.43,104,0.00,0.00,0.00,1383836
2022/8/31 2:19:6,0.00,4.75,18.00,794.00,16.75,56.44,211.74,101,0.00,0.00,0.00,1443990
2022/8/31 2:20:6,0.00,4.76,18.00,794.00,16.75,56.43,216.60,103,0.00,0.00,0.00,1504192
2022/8/31 2:21:7,0.00,4.76,18.00,794.00,16.74,56.40,214.25,101,0.00,0.00,0.00,1564346
2022/8/31 2:22:7,0.00,4.77,18.00,794.00,16.74,56.40,214.02,102,0.00,0.00,0.00,1624631
2022/8/31 2:23:7,0.00,4.77,18.00,794.00,16.74,56.43,217.81,103,0.00,0.00,0.00,1684787
2022/8/31 2:24:7,0.00,4.78,18.00,794.00,16.74,56.41,216.17,103,0.00,0.00,0.00,1744943
2022/8/31 2:25:8,0.00,4.79,18.00,794.00,16.74,56.41,214.42,101,0.00,0.00,0.00,1805099
2022/8/31 2:26:8,0.00,4.79,18.00,794.00,16.73,56.39,216.51,102,0.00,0.00,0.00,1865303
2022/8/31 2:27:8,0.00,4.79,18.00,794.00,16.73,56.41,218.00,103,0.00,0.00,0.00,1925457
2022/8/31 2:28:8,0.00,4.78,18.00,794.00,16.73,56.38,217.83,104,0.00,0.00,0.00,1985613
2022/8/31 2:29:9,0.00,4.78,18.00,794.00,16.73,56.35,213.19,101,0.00,0.00,0.00,2045892
2022/8/31 2:30:9,0.00,4.78,18.00,794.00,16.73,56.34,217.33,103,0.00,0.00,0.00,2106047
2022/8/31 2:31:9,0.00,4.79,18.00,794.00,16.72,56.31,215.38,102,0.00,0.00,0.00,2166201
2022/8/31 2:32:9,0.00,4.79,18.00,794.00,16.72,56.32,213.21,101,0.00,0.00,0.00,2226403
2022/8/31 2:33:10,0.00,4.79,18.00,794.00,16.72,56.30,221.70,105,0.00,0.00,0.00,2286559
2022/8/31 2:34:10,0.00,4.79,18.00,794.00,16.72,56.31,213.64,101,0.00,0.00,0.00,2346715
2022/8/31 2:35:10,0.00,4.79,18.00,794.00,16.72,56.32,220.11,105,0.00,0.00,0.00,2406870
2022/8/31 2:36:10,0.00,4.79,18.00,794.00,16.71,56.32,215.32,102,0.00,0.00,0.00,2467152
2022/8/31 2:37:11,0.00,4.79,18.00,794.00,16.71,56.32,218.29,103,0.00,0.00,0.00,2527308
2022/8/31 2:38:11,0.00,4.77,18.00,794.00,16.71,56.31,220.94,105,0.00,0.00,0.00,2587512
2022/8/31 2:39:11,0.00,4.77,18.00,794.00,16.71,56.26,214.94,102,0.00,0.00,0.00,2647668
2022/8/31 2:40:11,0.00,4.77,18.00,794.00,16.70,56.23,218.77,104,0.00,0.00,0.00,2707824
2022/8/31 2:41:12,0.00,4.77,18.00,794.00,16.70,56.23,223.02,105,0.00,0.00,0.00,2767980
2022/8/31 2:42:12,0.00,4.77,18.00,794.00,16.70,56.26,215.49,103,0.00,0.00,0.00,2828136
2022/8/31 2:43:12,0.00,4.77,18.00,794.00,16.70,56.28,218.73,104,0.00,0.00,0.00,2888293
2022/8/31 2:44:12,0.00,4.77,18.00,794.00,16.69,56.30,213.36,102,0.00,0.00,0.00,2948495
2022/8/31 2:45:12,0.00,4.78,18.00,794.00,16.69,56.33,218.23,104,0.00,0.00,0.00,3008651
2022/8/31 2:46:13,0.00,4.79,18.00,794.00,16.69,56.33,212.49,101,0.00,0.00,0.00,3068807
2022/8/31 2:47:13,0.00,4.79,18.00,794.00,16.69,56.30,216.40,102,0.00,0.00,0.00,3128963
2022/8/31 2:48:13,0.00,4.77,18.00,794.00,16.69,56.29,216.45,103,0.00,0.00,0.00,3189131
2022/8/31 2:49:13,0.00,4.77,18.00,794.00,16.68,56.25,212.06,101,0.00,0.00,0.00,3249288
2022/8/31 2:51:14,0.00,4.78,18.00,794.00,16.68,56.29,218.30,104,0.00,0.00,0.00,3369650
2022/8/31 2:52:14,0.00,4.78,18.00,794.00,16.68,56.26,214.06,102,0.00,0.00,0.00,3429807
2022/8/31 2:53:14,0.00,4.78,18.00,794.00,16.68,56.26,218.40,103,0.00,0.00,0.00,3489963
2022/8/31 2:54:15,0.00,4.78,18.00,794.00,16.67,56.24,217.83,103,0.00,0.00,0.00,3550120
2022/8/31 2:56:5,0.00,4.77,18.00,794.00,16.67,56.20,215.94,102,0.00,0.00,0.00,60015
2022/8/31 2:57:5,0.00,4.77,18.00,794.00,16.67,56.20,211.57,101,0.00,0.00,0.00,120169
2022/8/31 2:58:5,0.00,4.77,18.00,794.00,16.66,56.21,218.32,104,0.00,0.00,0.00,180323
2022/8/31 2:59:5,0.00,4.77,18.00,794.00,16.66,56.20,215.21,102,0.00,0.00,0.00,240477
2022/8/31 3:0:5,0.00,4.77,18.00,794.00,16.66,56.17,217.74,103,0.00,0.00,0.00,300630
2022/8/31 3:1:6,0.00,4.78,18.00,794.00,16.66,56.16,215.62,103,0.00,0.00,0.00,360840
2022/8/31 3:2:6,0.00,4.78,18.00,794.00,16.66,56.17,217.81,103,0.00,0.00,0.00,421153
2022/8/31 3:3:6,0.00,4.79,18.00,794.00,16.65,56.15,213.29,102,0.00,0.00,0.00,481307
2022/8/31 3:4:7,0.00,4.79,18.00,794.00,16.65,56.12,215.49,102,0.00,0.00,0.00,541460
2022/8/31 3:5:7,0.00,4.79,18.00,794.00,16.65,56.12,216.79,103,0.00,0.00,0.00,601613
2022/8/31 3:6:7,0.00,4.79,18.00,794.00,16.65,56.11,214.98,102,0.00,0.00,0.00,661768
2022/8/31 3:7:7,0.00,4.77,18.00,794.00,16.64,56.11,211.66,101,0.00,0.00,0.00,721921
2022/8/31 3:8:8,0.00,4.77,18.00,794.00,16.64,56.08,219.74,104,0.00,0.00,0.00,782120
2022/8/31 3:9:8,0.00,4.77,18.00,794.00,16.64,56.08,217.15,102,0.00,0.00,0.00,842273
2022/8/31 3:10:8,0.00,4.77,18.00,794.00,16.64,56.08,215.64,102,0.00,0.00,0.00,902427
2022/8/31 3:11:8,0.00,4.76,18.00,794.00,16.63,56.10,213.66,102,0.00,0.00,0.00,962580
2022/8/31 3:12:8,0.00,4.77,18.00,794.00,16.63,56.10,214.40,101,0.00,0.00,0.00,1022734
2022/8/31 3:13:9,0.00,4.77,18.00,794.00,16.63,56.08,213.34,102,0.00,0.00,0.00,1082889
2022/8/31 3:14:9,0.00,4.77,18.00,794.00,16.63,56.06,214.34,102,0.00,0.00,0.00,1143091
2022/8/31 3:15:9,0.00,4.77,18.00,794.00,16.63,56.05,219.55,104,0.00,0.00,0.00,1203380
2022/8/31 3:16:9,0.00,4.78,18.00,794.00,16.63,56.03,210.15,100,0.00,0.00,0.00,1263535
2022/8/31 3:17:10,0.00,4.77,18.00,794.00,16.62,56.07,221.11,105,0.00,0.00,0.00,1323691
2022/8/31 3:18:10,0.00,4.77,18.00,794.00,16.62,56.06,216.81,103,0.00,0.00,0.00,1383846
2022/8/31 3:19:10,0.00,4.77,18.00,794.00,16.62,56.04,216.28,102,0.00,0.00,0.00,1444002
2022/8/31 3:20:10,0.00,4.77,18.00,794.00,16.62,56.03,214.06,102,0.00,0.00,0.00,1504207
2022/8/31 3:21:11,0.00,4.77,18.00,794.00,16.62,56.04,220.08,104,0.00,0.00,0.00,1564363
2022/8/31 3:22:11,0.00,4.78,18.00,794.00,16.61,56.03,212.49,101,0.00,0.00,0.00,1624643
2022/8/31 3:23:11,0.00,4.78,18.00,794.00,16.61,56.00,217.02,103,0.00,0.00,0.00,1684799
2022/8/31 3:24:11,0.00,4.78,18.00,794.00,16.61,55.98,219.15,104,0.00,0.00,0.00,1744955
2022/8/31 3:25:12,0.00,4.79,18.00,794.00,16.61,55.99,219.32,104,0.00,0.00,0.00,1805112
2022/8/31 3:26:12,0.00,4.79,18.00,794.00,16.60,55.99,215.42,103,0.00,0.00,0.00,1865317
2022/8/31 3:27:12,0.00,4.79,18.00,794.00,16.60,56.00,220.85,105,0.00,0.00,0.00,1925474
2022/8/31 3:28:12,0.00,4.77,18.00,794.00,16.60,55.99,211.79,101,0.00,0.00,0.00,1985631
2022/8/31 3:29:13,0.00,4.77,18.00,794.00,16.60,55.98,220.04,104,0.00,0.00,0.00,2045906
2022/8/31 3:30:13,0.00,4.77,18.00,794.06,16.60,55.94,215.87,103,0.00,0.00,0.00,2106063
2022/8/31 3:31:13,0.00,4.78,18.00,794.00,16.60,55.95,218.75,104,0.00,0.00,0.00,2166220
2022/8/31 3:32:13,0.00,4.78,18.00,794.00,16.60,55.94,216.60,103,0.00,0.00,0.00,2226425
2022/8/31 3:33:14,0.00,4.78,18.00,794.03,16.60,55.95,219.58,104,0.00,0.00,0.00,2286581
2022/8/31 3:34:14,0.00,4.78,18.00,794.00,16.59,55.94,214.23,102,0.00,0.00,0.00,2346737
2022/8/31 3:35:14,0.00,4.78,18.00,794.00,16.59,55.92,217.47,103,0.00,0.00,0.00,2406892
2022/8/31 3:36:14,0.00,4.79,18.00,794.00,16.59,55.90,216.06,104,0.00,0.00,0.00,2467171
2022/8/31 3:37:15,0.00,4.79,18.00,794.00,16.59,55.93,220.85,104,0.00,0.00,0.00,2527327
2022/8/31 3:38:15,0.00,4.77,18.00,794.00,16.59,55.93,211.75,101,0.00,0.00,0.00,2587530
2022/8/31 3:39:15,0.00,4.77,18.00,794.00,16.59,55.93,225.79,108,0.00,0.00,0.00,2647686
2022/8/31 3:40:15,0.00,4.77,18.00,794.00,16.58,55.90,206.34,99,0.00,0.00,0.00,2707842
2022/8/31 3:41:16,0.00,4.77,18.00,794.00,16.58,55.88,213.49,102,0.00,0.00,0.00,2767997
2022/8/31 3:42:16,0.00,4.78,18.00,794.00,16.58,55.89,214.26,101,0.00,0.00,0.00,2828154
2022/8/31 3:43:16,0.00,4.78,18.00,794.00,16.58,55.89,208.81,100,0.00,0.00,0.00,2888310
2022/8/31 3:44:16,0.00,4.79,18.00,794.00,16.58,55.86,218.25,104,0.00,0.00,0.00,2948517
2022/8/31 3:45:17,0.00,4.79,18.00,794.00,16.57,55.89,220.47,104,0.00,0.00,0.00,3008674
2022/8/31 3:46:17,0.00,4.79,18.00,794.00,16.57,55.92,215.55,102,0.00,0.00,0.00,3068830
2022/8/31 3:47:17,0.00,4.79,18.00,794.00,16.57,55.94,224.72,107,0.00,0.00,0.00,3128985
2022/8/31 3:48:17,0.00,4.77,18.00,794.00,16.57,55.91,216.32,102,0.00,0.00,0.00,3189155
2022/8/31 3:49:18,0.00,4.77,18.00,794.00,16.57,55.92,213.98,102,0.00,0.00,0.00,3249311
2022/8/31 3:50:18,0.00,4.77,18.00,794.00,16.57,55.90,214.92,102,0.00,0.00,0.00,3309515
2022/8/31 3:51:18,0.00,4.77,18.00,794.00,16.57,55.88,214.11,101,0.00,0.00,0.00,3369671
2022/8/31 3:52:18,0.00,4.77,18.00,794.00,16.56,55.86,214.58,103,0.00,0.00,0.00,3429827
2022/8/31 3:53:18,0.00,4.78,18.00,794.00,16.56,55.87,214.23,102,0.00,0.00,0.00,3489983
2022/8/31 3:54:19,0.00,4.78,18.00,794.00,16.56,55.90,213.81,101,0.00,0.00,0.00,3550139
2022/8/31 3:56:9,0.00,4.77,18.00,794.00,16.56,55.92,216.63,102,0.00,0.00,0.00,60015
2022/8/31 3:57:9,0.00,4.77,18.00,794.00,16.55,55.89,210.23,100,0.00,0.00,0.00,120220
2022/8/31 3:58:9,0.00,4.77,18.00,794.00,16.55,55.91,220.23,104,0.00,0.00,0.00,180373
2022/8/31 3:59:9,0.00,4.77,18.00,794.00,16.55,55.90,217.62,103,0.00,0.00,0.00,240526
2022/8/31 4:0:10,0.00,4.77,18.00,794.00,16.55,55.88,212.36,101,0.00,0.00,0.00,300679
2022/8/31 4:2:10,0.00,4.78,18.00,794.00,16.54,55.87,211.56,100,0.00,0.00,0.00,421009
2022/8/31 4:3:10,0.00,4.78,18.00,794.00,16.54,55.88,213.68,102,0.00,0.00,0.00,481209
2022/8/31 4:4:11,0.00,4.79,18.00,794.00,16.54,55.85,211.66,100,0.00,0.00,0.00,541363
2022/8/31 4:5:11,0.00,4.79,18.00,794.00,16.54,55.82,212.28,101,0.00,0.00,0.00,601517
2022/8/31 4:6:11,0.00,4.79,18.00,794.00,16.54,55.77,215.08,102,0.00,0.00,0.00,661670
2022/8/31 4:7:11,0.00,4.78,18.00,794.00,16.53,55.78,215.96,103,0.00,0.00,0.00,721825
2022/8/31 4:8:11,0.00,4.78,18.00,794.00,16.53,55.77,218.77,105,0.00,0.00,0.00,781979
2022/8/31 4:9:12,0.00,4.78,18.00,794.00,16.53,55.81,214.57,101,0.00,0.00,0.00,842181
2022/8/31 4:10:12,0.00,4.78,18.00,794.00,16.53,55.82,215.51,102,0.00,0.00,0.00,902336
2022/8/31 4:11:12,0.00,4.78,18.00,794.00,16.53,55.80,210.43,101,0.00,0.00,0.00,962490
2022/8/31 4:12:12,0.00,4.78,18.00,794.00,16.53,55.82,219.77,104,0.00,0.00,0.00,1022645
2022/8/31 4:13:13,0.00,4.79,18.00,794.00,16.53,55.83,219.06,104,0.00,0.00,0.00,1082817
2022/8/31 4:14:13,0.00,4.79,18.00,794.00,16.52,55.85,210.92,100,0.00,0.00,0.00,1143131
2022/8/31 4:15:13,0.00,4.79,18.00,794.00,16.52,55.84,217.96,103,0.00,0.00,0.00,1203288
2022/8/31 4:16:13,0.00,4.79,18.00,794.00,16.52,55.85,216.85,102,0.00,0.00,0.00,1263444
2022/8/31 4:17:14,0.00,4.79,18.00,794.00,16.52,55.87,215.81,102,0.00,0.00,0.00,1323601
2022/8/31 4:18:14,0.00,4.78,18.00,794.00,16.52,55.86,214.70,102,0.00,0.00,0.00,1383758
2022/8/31 4:19:14,0.00,4.78,18.00,794.00,16.51,55.90,216.91,103,0.00,0.00,0.00,1443915
2022/8/31 4:20:14,0.00,4.78,18.00,794.00,16.51,55.91,211.96,101,0.00,0.00,0.00,1504120
2022/8/31 4:21:15,0.00,4.78,18.00,794.03,16.51,55.96,216.13,102,0.00,0.00,0.00,1564395
2022/8/31 4:22:15,0.00,4.78,18.00,794.00,16.51,55.99,216.10,102,0.00,0.00,0.00,1624551
2022/8/31 4:23:15,0.00,4.79,18.00,794.00,16.51,55.97,215.11,102,0.00,0.00,0.00,1684708
2022/8/31 4:24:15,0.00,4.79,18.00,794.00,16.50,55.97,216.70,103,0.00,0.00,0.00,1744865
2022/8/31 4:25:16,0.00,4.79,18.00,794.00,16.50,55.98,209.92,100,0.00,0.00,0.00,1805021
2022/8/31 4:26:16,0.00,4.79,18.00,794.00,16.50,56.00,215.51,102,0.00,0.00,0.00,1865225
2022/8/31 4:27:16,0.00,4.79,18.00,794.00,16.50,55.97,215.83,103,0.00,0.00,0.00,1925381
2022/8/31 4:28:17,0.00,4.78,18.00,794.00,16.50,55.93,212.89,101,0.00,0.00,0.00,1985659
2022/8/31 4:29:17,0.00,4.78,18.00,794.00,16.50,55.94,213.19,101,0.00,0.00,0.00,2045814
2022/8/31 4:30:17,0.00,4.78,18.00,794.00,16.49,55.91,218.77,104,0.00,0.00,0.00,2105970
2022/8/31 4:31:17,0.00,4.78,18.00,794.00,16.49,55.93,212.66,101,0.00,0.00,0.00,2166125
2022/8/31 4:32:17,0.00,4.78,18.00,794.00,16.49,55.93,215.30,103,0.00,0.00,0.00,2226328
2022/8/31 4:33:18,0.00,4.79,18.00,794.00,16.49,55.91,219.42,105,0.00,0.00,0.00,2286484
2022/8/31 4:34:18,0.00,4.79,18.00,794.00,16.49,55.92,208.98,99,0.00,0.00,0.00,2346638
2022/8/31 4:35:18,0.00,4.79,18.00,794.00,16.49,55.91,223.75,106,0.00,0.00,0.00,2406921
2022/8/31 4:36:18,0.00,4.79,18.00,794.00,16.49,55.87,215.58,103,0.00,0.00,0.00,2467078
2022/8/31 4:37:19,0.00,4.79,18.00,794.03,16.48,55.86,215.74,102,0.00,0.00,0.00,2527235
2022/8/31 4:38:19,0.00,4.77,18.00,794.00,16.48,55.87,215.94,103,0.00,0.00,0.00,2587438
2022/8/31 4:39:19,0.00,4.77,18.00,794.00,16.48,55.86,216.58,103,0.00,0.00,0.00,2647593
2022/8/31 4:40:19,0.00,4.77,18.00,794.00,16.48,55.87,218.96,104,0.00,0.00,0.00,2707749
2022/8/31 4:41:20,0.00,4.77,18.00,794.00,16.47,55.81,217.96,103,0.00,0.00,0.00,2767905
2022/8/31 4:42:20,0.00,4.77,18.00,794.00,16.47,55.80,207.15,99,0.00,0.00,0.00,2828185
2022/8/31 4:43:20,0.00,4.78,18.00,794.00,16.47,55.82,211.04,101,0.00,0.00,0.00,2888340
2022/8/31 4:44:20,0.00,4.78,18.00,794.00,16.47,55.80,222.79,105,0.00,0.00,0.00,2948545
2022/8/31 4:45:21,0.00,4.79,18.00,794.00,16.47,55.79,220.77,105,0.00,0.00,0.00,3008701
2022/8/31 4:46:21,0.00,4.79,18.00,794.00,16.47,55.78,223.42,105,0.00,0.00,0.00,3068858
2022/8/31 4:47:21,0.00,4.79,18.00,794.00,16.46,55.77,218.26,105,0.00,0.00,0.00,3129014
2022/8/31 4:48:21,0.00,4.77,18.00,794.00,16.46,55.80,219.98,104,0.00,0.00,0.00,3189182
2022/8/31 4:49:22,0.00,4.77,18.00,794.00,16.46,55.82,212.58,102,0.00,0.00,0.00,3249338
2022/8/31 4:50:22,0.00,4.77,18.00,794.00,16.46,55.78,213.91,102,0.00,0.00,0.00,3309541
2022/8/31 4:51:22,0.00,4.78,18.00,794.00,16.46,55.77,217.83,104,0.00,0.00,0.00,3369697
2022/8/31 4:52:22,0.00,4.78,18.00,794.00,16.45,55.80,211.32,100,0.00,0.00,0.00,3429853
2022/8/31 4:53:23,0.00,4.78,18.00,794.00,16.45,55.75,212.64,102,0.00,0.00,0.00,3490009
2022/8/31 4:54:23,0.00,4.78,18.00,794.00,16.45,55.75,215.45,102,0.00,0.00,0.00,3550164
2022/8/31 4:56:13,0.00,4.77,18.00,794.00,16.45,55.74,216.15,102,0.00,0.00,0.00,60016
2022/8/31 4:57:13,0.00,4.77,18.00,794.00,16.45,55.75,213.19,102,0.00,0.00,0.00,120221
2022/8/31 4:58:13,0.00,4.77,18.00,794.00,16.44,55.73,215.55,102,0.00,0.00,0.00,180376
2022/8/31 4:59:13,0.00,4.76,18.00,794.00,16.44,55.75,214.81,102,0.00,0.00,0.00,240531
2022/8/31 5:0:14,0.00,4.77,18.00,794.00,16.44,55.77,215.94,103,0.00,0.00,0.00,300686
2022/8/31 5:1:14,0.00,4.77,18.00,794.00,16.44,55.76,214.32,103,0.00,0.00,0.00,360856
2022/8/31 5:2:14,0.00,4.77,18.00,794.00,16.44,55.79,221.92,105,0.00,0.00,0.00,421009
2022/8/31 5:3:14,0.00,4.77,18.00,794.00,16.44,55.84,217.89,103,0.00,0.00,0.00,481210
2022/8/31 5:4:15,0.00,4.77,18.00,794.00,16.43,55.87,220.19,103,0.00,0.00,0.00,541364
2022/8/31 5:5:15,0.00,4.77,18.00,794.00,16.43,55.88,219.43,106,0.00,0.00,0.00,601518
2022/8/31 5:6:15,0.00,4.77,18.00,794.00,16.43,55.87,214.79,102,0.00,0.00,0.00,661671
2022/8/31 5:7:15,0.00,4.76,18.00,794.00,16.43,55.81,215.21,102,0.00,0.00,0.00,721826
2022/8/31 5:8:16,0.00,4.76,18.00,794.00,16.43,55.76,213.56,102,0.00,0.00,0.00,781980
2022/8/31 5:9:16,0.00,4.77,18.00,794.00,16.42,55.78,216.28,102,0.00,0.00,0.00,842182
2022/8/31 5:10:16,0.00,4.77,18.00,794.00,16.42,55.78,218.92,104,0.00,0.00,0.00,902337
2022/8/31 5:11:16,0.00,4.77,18.00,794.00,16.42,55.80,215.32,103,0.00,0.00,0.00,962491
2022/8/31 5:12:16,0.00,4.77,18.00,794.00,16.42,55.77,211.17,101,0.00,0.00,0.00,1022647
2022/8/31 5:13:17,0.00,4.77,18.00,794.00,16.42,55.79,217.75,104,0.00,0.00,0.00,1082819
2022/8/31 5:14:17,0.00,4.77,18.00,794.00,16.42,55.79,212.58,101,0.00,0.00,0.00,1143134
2022/8/31 5:15:17,0.00,4.78,18.00,794.00,16.42,55.75,216.56,103,0.00,0.00,0.00,1203290
2022/8/31 5:16:18,0.00,4.78,18.00,794.00,16.41,55.74,215.32,103,0.00,0.00,0.00,1263446
2022/8/31 5:17:18,0.00,4.77,18.00,794.00,16.41,55.72,216.06,102,0.00,0.00,0.00,1323601
2022/8/31 5:18:18,0.00,4.77,18.00,794.00,16.41,55.70,217.75,103,0.00,0.00,0.00,1383757
2022/8/31 5:19:18,0.00,4.76,18.00,794.00,16.41,55.67,213.49,101,0.00,0.00,0.00,1443913
2022/8/31 5:20:18,0.00,4.77,18.00,794.00,16.41,55.67,216.87,103,0.00,0.00,0.00,1504118
2022/8/31 5:21:19,0.00,4.77,18.00,794.00,16.41,55.66,216.79,104,0.00,0.00,0.00,1564396
2022/8/31 5:22:19,0.00,4.77,18.00,794.00,16.41,55.66,213.37,101,0.00,0.00,0.00,1624552
2022/8/31 5:23:19,0.00,4.77,18.00,794.00,16.40,55.67,219.87,104,0.00,0.00,0.00,1684709
2022/8/31 5:24:20,0.00,4.77,18.00,794.00,16.40,55.65,212.23,101,0.00,0.00,0.00,1744865
2022/8/31 5:25:20,0.00,4.77,18.00,794.00,16.40,55.62,214.04,102,0.00,0.00,0.00,1805023
2022/8/31 5:26:20,0.00,4.77,18.00,794.00,16.40,55.58,218.53,104,0.00,0.00,0.00,1865227
2022/8/31 5:27:20,0.00,4.77,18.00,794.00,16.40,55.56,217.28,103,0.00,0.00,0.00,1925383
2022/8/31 5:28:21,0.00,4.76,18.00,794.00,16.39,55.51,215.45,102,0.00,0.00,0.00,1985664
2022/8/31 5:29:21,0.00,4.76,18.00,794.00,16.39,55.48,217.79,103,0.00,0.00,0.00,2045819
2022/8/31 5:30:21,0.00,4.76,18.00,794.00,16.39,55.46,215.45,102,0.00,0.00,0.00,2105975
2022/8/31 5:31:21,0.00,4.76,18.00,794.00,16.39,55.46,222.92,106,0.00,0.00,0.00,2166131
2022/8/31 5:32:22,0.00,4.76,18.00,794.00,16.39,55.44,212.89,101,0.00,0.00,0.00,2226334
2022/8/31 5:33:22,0.00,4.77,18.00,794.00,16.39,55.43,216.58,103,0.00,0.00,0.00,2286489
2022/8/31 5:34:22,0.00,4.77,18.00,794.00,16.38,55.42,217.21,103,0.00,0.00,0.00,2346644
2022/8/31 5:35:22,0.00,4.78,18.00,794.00,16.38,55.40,218.44,104,0.00,0.00,0.00,2406799
2022/8/31 5:36:22,0.00,4.79,18.00,794.00,16.38,55.43,219.09,104,0.00,0.00,0.00,2466956
2022/8/31 5:37:23,0.00,4.79,18.00,794.00,16.38,55.43,213.43,101,0.00,0.00,0.00,2527113
2022/8/31 5:38:23,0.00,4.77,18.00,794.00,16.38,55.40,220.91,105,0.00,0.00,0.00,2587317
2022/8/31 5:39:23,0.00,4.77,18.00,794.00,16.38,55.40,219.58,104,0.00,0.00,0.00,2647474
2022/8/31 5:40:23,0.00,4.77,18.00,794.00,16.37,55.38,207.89,99,0.00,0.00,0.00,2707630
2022/8/31 5:41:24,0.00,4.77,18.00,794.00,16.37,55.35,218.62,103,0.00,0.00,0.00,2767904
2022/8/31 5:42:24,0.00,4.77,18.00,794.00,16.37,55.31,208.63,99,0.00,0.00,0.00,2828060
2022/8/31 5:43:24,0.00,4.78,18.00,794.00,16.37,55.28,220.83,104,0.00,0.00,0.00,2888216
2022/8/31 5:44:24,0.00,4.78,18.00,794.00,16.37,55.24,220.42,105,0.00,0.00,0.00,2948422
2022/8/31 5:45:25,0.00,4.78,18.00,794.00,16.37,55.26,213.70,101,0.00,0.00,0.00,3008578
2022/8/31 5:46:25,0.00,4.78,18.00,794.00,16.37,55.28,218.87,104,0.00,0.00,0.00,3068734
2022/8/31 5:47:25,0.00,4.79,18.00,794.00,16.36,55.30,209.26,100,0.00,0.00,0.00,3128890
2022/8/31 5:48:25,0.00,4.77,18.00,794.00,16.36,55.25,218.30,104,0.00,0.00,0.00,3189167
2022/8/31 5:49:26,0.00,4.77,18.00,794.00,16.36,55.20,214.00,101,0.00,0.00,0.00,3249323
2022/8/31 5:50:26,0.00,4.77,18.00,794.00,16.36,55.24,207.87,98,0.00,0.00,0.00,3309528
2022/8/31 5:51:26,0.00,4.77,18.00,794.00,16.36,55.23,217.25,103,0.00,0.00,0.00,3369684
2022/8/31 5:52:26,0.00,4.77,18.00,794.00,16.36,55.20,218.91,103,0.00,0.00,0.00,3429840
2022/8/31 5:53:27,0.00,4.78,18.00,794.00,16.36,55.19,221.55,105,0.00,0.00,0.00,3489996
2022/8/31 5:54:27,0.00,4.78,18.00,794.00,16.35,55.18,214.43,102,0.00,0.00,0.00,3550152
2022/8/31 5:56:17,0.00,4.77,18.00,794.00,16.35,55.17,219.96,104,0.00,0.00,0.00,60016
2022/8/31 5:57:17,0.00,4.77,18.00,794.00,16.35,55.14,213.25,101,0.00,0.00,0.00,120219
2022/8/31 5:58:17,0.00,4.77,18.00,794.00,16.35,55.10,217.06,103,0.00,0.00,0.00,180373
2022/8/31 5:59:18,0.00,4.77,18.00,794.00,16.35,55.12,216.53,103,0.00,0.00,0.00,240527
2022/8/31 6:0:18,0.00,4.77,18.00,794.00,16.35,55.10,215.91,102,0.00,0.00,0.00,300681
2022/8/31 6:1:18,0.00,4.78,18.00,794.00,16.35,55.12,217.83,103,0.00,0.00,0.00,360854
2022/8/31 6:2:18,0.00,4.78,18.00,794.00,16.34,55.08,214.00,101,0.00,0.00,0.00,421007
2022/8/31 6:4:19,0.00,4.79,18.00,794.00,16.34,55.12,212.38,102,0.00,0.00,0.00,541366
2022/8/31 6:5:19,0.00,4.79,18.00,794.00,16.34,55.11,217.68,103,0.00,0.00,0.00,601521
2022/8/31 6:6:19,0.00,4.79,18.00,794.00,16.34,55.11,218.09,103,0.00,0.00,0.00,661676
2022/8/31 6:7:19,0.00,4.77,18.00,794.00,16.34,55.11,214.77,102,0.00,0.00,0.00,721831
2022/8/31 6:8:20,0.00,4.77,18.00,794.03,16.34,55.10,218.25,104,0.00,0.00,0.00,781985
2022/8/31 6:9:20,0.00,4.77,18.00,794.00,16.33,55.06,210.60,100,0.00,0.00,0.00,842186
2022/8/31 6:10:20,0.00,4.78,18.00,794.00,16.33,55.01,221.45,105,0.00,0.00,0.00,902340
2022/8/31 6:11:20,0.00,4.78,18.00,794.00,16.33,55.03,221.75,106,0.00,0.00,0.00,962494
2022/8/31 6:12:21,0.00,4.78,18.00,794.00,16.33,55.05,209.74,101,0.00,0.00,0.00,1022649
2022/8/31 6:13:21,0.00,4.79,18.00,794.00,16.33,55.05,208.96,99,0.00,0.00,0.00,1082822
2022/8/31 6:14:21,0.00,4.79,18.00,794.00,16.33,55.08,217.09,102,0.00,0.00,0.00,1143140
2022/8/31 6:15:21,0.00,4.79,18.00,794.00,16.33,55.12,210.98,100,0.00,0.00,0.00,1203296
2022/8/31 6:16:22,0.00,4.79,18.00,794.00,16.32,55.13,213.75,102,0.00,0.00,0.00,1263452
2022/8/31 6:17:22,0.00,4.77,18.00,794.00,16.32,55.13,219.85,104,0.00,0.00,0.00,1323608
2022/8/31 6:18:22,0.00,4.77,18.00,794.00,16.32,55.11,209.08,99,0.00,0.00,0.00,1383762
2022/8/31 6:19:22,0.00,4.77,18.00,794.00,16.32,55.06,219.92,104,0.00,0.00,0.00,1443919
2022/8/31 6:20:23,0.00,4.77,18.00,794.00,16.32,55.04,220.30,104,0.00,0.00,0.00,1504123
2022/8/31 6:21:23,0.00,4.77,18.00,794.00,16.32,55.05,211.19,101,0.00,0.00,0.00,1564404
2022/8/31 6:22:23,0.00,4.76,18.00,794.00,16.31,55.06,213.69,102,0.00,0.00,0.00,1624561
2022/8/31 6:23:23,0.00,4.76,18.00,794.00,16.31,55.04,214.34,102,0.00,0.00,0.00,1684717
2022/8/31 6:24:24,0.00,4.76,18.00,794.00,16.31,55.01,215.26,102,0.00,0.00,0.00,1744873
2022/8/31 6:25:24,0.00,4.76,18.00,794.00,16.31,54.96,214.85,102,0.00,0.00,0.00,1805029
2022/8/31 6:26:24,0.00,4.77,18.00,794.00,16.31,54.95,219.53,104,0.00,0.00,0.00,1865234
2022/8/31 6:27:24,0.00,4.77,18.00,794.00,16.31,54.98,214.32,102,0.00,0.00,0.00,1925391
2022/8/31 6:28:25,0.00,4.76,18.00,794.00,16.30,55.03,213.89,102,0.00,0.00,0.00,1985669
2022/8/31 6:29:25,0.00,4.76,18.00,794.00,16.31,55.05,213.19,101,0.00,0.00,0.00,2045826
2022/8/31 6:30:25,0.00,4.76,18.00,794.00,16.30,55.04,211.25,101,0.00,0.00,0.00,2105981
2022/8/31 6:31:25,0.00,4.77,18.00,794.00,16.30,55.04,219.28,104,0.00,0.00,0.00,2166137
2022/8/31 6:32:26,0.00,4.77,18.00,794.00,16.30,55.06,209.89,100,0.00,0.00,0.00,2226344
2022/8/31 6:33:26,0.00,4.77,18.00,794.00,16.30,55.05,217.28,103,0.00,0.00,0.00,2286501
2022/8/31 6:34:26,0.00,4.78,18.00,794.00,16.30,55.04,219.72,104,0.00,0.00,0.00,2346657
2022/8/31 6:35:26,0.00,4.78,18.00,794.00,16.30,55.03,209.11,100,0.00,0.00,0.00,2406931
2022/8/31 6:36:27,0.00,4.78,18.00,794.00,16.29,55.04,216.13,102,0.00,0.00,0.00,2467087
2022/8/31 6:37:27,0.00,4.79,18.00,794.00,16.29,55.04,217.66,103,0.00,0.00,0.00,2527243
2022/8/31 6:38:27,0.00,4.77,18.00,794.00,16.29,55.04,217.06,103,0.00,0.00,0.00,2587447
2022/8/31 6:39:27,0.00,4.77,18.00,794.00,16.29,55.03,212.08,101,0.00,0.00,0.00,2647603
2022/8/31 6:40:28,0.00,4.77,18.00,794.00,16.29,55.04,216.06,103,0.00,0.00,0.00,2707759
2022/8/31 6:41:28,0.00,4.78,18.00,794.00,16.29,55.03,210.26,100,0.00,0.00,0.00,2767916
2022/8/31 6:42:28,0.00,4.78,18.00,794.00,16.29,55.04,219.77,104,0.00,0.00,0.00,2828194
2022/8/31 6:43:28,0.00,4.78,18.00,794.00,16.28,55.02,213.42,101,0.00,0.00,0.00,2888350
2022/8/31 6:44:29,0.00,4.79,18.00,794.00,16.28,55.02,219.17,103,0.00,0.00,0.00,2948555
2022/8/31 6:45:29,0.00,4.79,18.00,794.00,16.28,55.01,215.17,103,0.00,0.00,0.00,3008712
2022/8/31 6:46:29,0.00,4.79,18.00,794.00,16.28,55.00,213.89,102,0.00,0.00,0.00,3068868
2022/8/31 6:47:29,0.00,4.79,18.00,794.00,16.27,55.00,216.57,103,0.00,0.00,0.00,3129023
2022/8/31 6:48:30,0.00,4.77,18.00,794.00,16.27,55.02,215.96,103,0.00,0.00,0.00,3189191
2022/8/31 6:49:30,0.00,4.77,18.00,794.00,16.27,55.01,216.06,102,0.00,0.00,0.00,3249346
2022/8/31 6:50:30,0.00,4.77,18.00,794.00,16.27,54.99,217.13,103,0.00,0.00,0.00,3309548
2022/8/31 6:51:30,0.00,4.77,18.00,794.00,16.27,54.97,215.77,102,0.00,0.00,0.00,3369704
2022/8/31 6:52:30,0.00,4.77,18.00,794.00,16.27,55.00,212.34,101,0.00,0.00,0.00,3429860
2022/8/31 6:53:31,0.00,4.77,18.00,794.00,16.26,55.01,218.98,104,0.00,0.00,0.00,3490017
2022/8/31 6:54:31,0.00,4.78,18.00,794.00,16.26,54.98,215.92,102,0.00,0.00,0.00,3550175
2022/8/31 6:56:21,0.00,4.77,18.00,794.00,16.26,54.96,217.62,103,0.00,0.00,0.00,60016
2022/8/31 6:57:21,0.00,4.76,18.00,794.00,16.25,54.95,214.87,102,0.00,0.00,0.00,120220
2022/8/31 6:58:21,0.00,4.76,18.00,794.03,16.25,54.95,214.87,102,0.00,0.00,0.00,180375
2022/8/31 6:59:22,0.00,4.76,18.00,794.00,16.25,54.95,214.53,102,0.00,0.00,0.00,240529
2022/8/31 7:0:22,0.00,4.76,18.00,794.00,16.25,54.94,214.75,102,0.00,0.00,0.00,300684
2022/8/31 7:1:22,0.00,4.76,18.00,794.00,16.25,54.93,214.81,102,0.00,0.00,0.00,360854
2022/8/31 7:2:22,0.00,4.76,18.00,794.00,16.25,54.93,214.77,102,0.00,0.00,0.00,421007
2022/8/31 7:3:23,0.00,4.77,18.00,794.00,16.25,54.92,214.15,102,0.00,0.00,0.00,481208
2022/8/31 7:4:23,0.00,4.77,18.00,794.00,16.24,54.92,210.92,100,0.00,0.00,0.00,541363
2022/8/31 7:5:23,0.00,4.78,18.00,794.00,16.24,54.89,221.94,106,0.00,0.00,0.00,601518
2022/8/31 7:6:23,0.00,4.79,18.00,794.00,16.24,54.87,211.30,100,0.00,0.00,0.00,661671
2022/8/31 7:7:23,0.00,4.77,18.00,794.00,16.24,54.86,212.19,101,0.00,0.00,0.00,721826
2022/8/31 7:8:24,0.00,4.77,18.00,794.00,16.24,54.84,214.15,102,0.00,0.00,0.00,781982
2022/8/31 7:9:24,0.00,4.77,18.00,794.00,16.23,54.82,212.66,100,0.00,0.00,0.00,842184
2022/8/31 7:10:24,0.00,4.78,18.00,794.00,16.23,54.80,220.45,104,0.00,0.00,0.00,902338
2022/8/31 7:11:24,0.00,4.78,18.00,794.00,16.23,54.80,213.43,101,0.00,0.00,0.00,962492
2022/8/31 7:12:25,0.00,4.78,18.00,794.00,16.23,54.76,218.74,103,0.00,0.00,0.00,1022647
2022/8/31 7:13:25,0.00,4.79,18.00,794.00,16.23,54.74,212.45,101,0.00,0.00,0.00,1082821
2022/8/31 7:14:25,0.00,4.79,18.00,794.00,16.23,54.71,220.32,104,0.00,0.00,0.00,1143139
2022/8/31 7:15:25,0.00,4.79,18.00,794.00,16.22,54.70,213.12,101,0.00,0.00,0.00,1203297
2022/8/31 7:16:26,0.00,4.79,18.00,794.00,16.22,54.74,217.04,103,0.00,0.00,0.00,1263454
2022/8/31 7:17:26,0.00,4.77,18.00,794.00,16.22,54.70,212.83,101,0.00,0.00,0.00,1323612
2022/8/31 7:18:26,0.00,4.77,18.00,794.00,16.22,54.68,212.04,101,0.00,0.00,0.00,1383769
2022/8/31 7:19:26,0.00,4.77,18.00,794.00,16.22,54.70,220.47,104,0.00,0.00,0.00,1443926
2022/8/31 7:20:27,0.00,4.77,18.00,794.00,16.21,54.72,211.51,100,0.00,0.00,0.00,1504131
2022/8/31 7:21:27,0.00,4.77,18.00,794.00,16.21,54.72,219.38,104,0.00,0.00,0.00,1564404
2022/8/31 7:22:27,0.00,4.77,18.00,794.00,16.21,54.71,215.00,102,0.00,0.00,0.00,1624560
2022/8/31 7:23:27,0.00,4.78,18.00,794.00,16.21,54.72,209.91,100,0.00,0.00,0.00,1684715
2022/8/31 7:24:28,0.00,4.78,18.00,794.00,16.20,54.76,218.60,104,0.00,0.00,0.00,1744870
2022/8/31 7:25:28,0.00,4.78,18.00,794.00,16.20,54.81,212.75,101,0.00,0.00,0.00,1805026
2022/8/31 7:26:28,0.00,4.78,18.00,794.00,16.20,54.82,217.85,103,0.00,0.00,0.00,1865230
2022/8/31 7:27:28,0.00,4.78,18.00,794.00,16.20,54.82,212.96,101,0.00,0.00,0.00,1925386
2022/8/31 7:28:29,0.00,4.77,18.00,794.00,16.20,54.80,216.11,103,0.00,0.00,0.00,1985667
2022/8/31 7:29:29,0.00,4.76,18.00,794.00,16.19,54.79,214.60,102,0.00,0.00,0.00,2045824
2022/8/31 7:30:29,0.00,4.76,18.00,794.00,16.19,54.79,217.96,104,0.00,0.00,0.00,2105979
2022/8/31 7:31:29,0.00,4.76,18.00,794.00,16.19,54.79,220.36,104,0.00,0.00,0.00,2166136
2022/8/31 7:32:30,0.00,4.76,18.00,794.00,16.19,54.83,217.32,103,0.00,0.00,0.00,2226341
2022/8/31 7:33:30,0.00,4.77,18.00,794.00,16.19,54.84,212.53,101,0.00,0.00,0.00,2286498
2022/8/31 7:34:30,0.00,4.77,18.00,794.00,16.19,54.86,217.28,103,0.00,0.00,0.00,2346655
2022/8/31 7:35:30,0.00,4.77,18.00,794.00,16.19,54.83,212.92,101,0.00,0.00,0.00,2406929
2022/8/31 7:36:31,0.00,4.77,18.00,794.00,16.19,54.80,215.73,102,0.00,0.00,0.00,2467085
2022/8/31 7:37:31,0.00,4.77,18.00,794.00,16.19,54.77,219.13,103,0.00,0.00,0.00,2527242
2022/8/31 7:38:31,0.00,4.77,18.00,794.00,16.19,54.75,215.77,102,0.00,0.00,0.00,2587448
2022/8/31 7:39:31,0.00,4.77,18.00,794.00,16.18,54.75,211.28,101,0.00,0.00,0.00,2647605
2022/8/31 7:40:32,0.00,4.77,18.00,794.00,16.18,54.76,218.30,103,0.00,0.00,0.00,2707762
2022/8/31 7:41:32,0.00,4.77,18.00,794.00,16.18,54.78,212.23,101,0.00,0.00,0.00,2767920
2022/8/31 7:42:32,0.00,4.77,18.00,794.00,16.18,54.76,218.11,104,0.00,0.00,0.00,2828194
2022/8/31 7:43:32,0.00,4.77,18.00,794.00,16.18,54.74,216.37,103,0.00,0.00,0.00,2888350
2022/8/31 7:44:33,0.00,4.77,18.00,794.00,16.17,54.75,216.23,102,0.00,0.00,0.00,2948556
2022/8/31 7:45:33,0.00,4.77,18.00,794.00,16.17,54.67,212.58,101,0.00,0.00,0.00,3008714
2022/8/31 7:46:33,0.00,4.78,18.00,794.00,16.17,54.65,219.70,104,0.00,0.00,0.00,3068871
2022/8/31 7:47:33,0.00,4.78,18.00,794.00,16.17,54.62,213.00,101,0.00,0.00,0.00,3129026
2022/8/31 7:48:34,0.00,4.77,18.00,794.00,16.17,54.60,219.58,104,0.00,0.00,0.00,3189191
2022/8/31 7:49:34,0.00,4.77,18.00,794.00,16.17,54.58,214.62,102,0.00,0.00,0.00,3249346
2022/8/31 7:50:34,0.00,4.77,18.00,794.00,16.16,54.56,211.75,100,0.00,0.00,0.00,3309549
2022/8/31 7:51:34,0.00,4.78,18.00,794.00,16.16,54.56,217.49,103,0.00,0.00,0.00,3369704
2022/8/31 7:52:35,0.00,4.78,17.96,794.00,16.16,54.57,216.83,103,0.00,0.00,0.00,3429860
2022/8/31 7:53:35,0.00,4.79,18.00,794.00,16.16,54.59,212.60,101,0.00,0.00,0.00,3490016
2022/8/31 7:54:35,0.00,4.79,17.96,794.00,16.16,54.64,218.57,104,0.00,0.00,0.00,3550173
2022/8/31 7:56:25,0.00,4.77,17.96,794.00,16.15,54.68,215.48,102,0.00,0.00,0.00,60016
2022/8/31 7:57:25,0.00,4.77,17.89,794.00,16.15,54.69,219.53,104,0.00,0.00,0.00,120220
2022/8/31 7:58:25,0.00,4.77,17.92,794.00,16.15,54.72,212.40,101,0.00,0.00,0.00,180374
2022/8/31 7:59:26,0.00,4.77,18.00,794.00,16.15,54.77,213.26,102,0.00,0.00,0.00,240529
2022/8/31 8:0:26,0.00,4.78,18.00,794.00,16.15,54.79,223.53,106,0.00,0.00,0.00,300683
2022/8/31 8:1:26,0.00,4.78,18.00,794.00,16.15,54.77,210.32,100,0.00,0.00,0.00,360856
2022/8/31 8:2:26,0.00,4.78,18.00,794.00,16.14,54.81,219.92,104,0.00,0.00,0.00,421010
2022/8/31 8:3:27,0.00,4.78,18.00,794.00,16.14,54.85,212.43,101,0.00,0.00,0.00,481213
2022/8/31 8:4:27,0.00,4.78,18.00,794.00,16.14,54.86,215.28,102,0.00,0.00,0.00,541369
2022/8/31 8:5:27,0.00,4.79,18.00,794.00,16.14,54.87,209.92,100,0.00,0.00,0.00,601524
2022/8/31 8:6:27,0.00,4.79,18.00,794.00,16.14,54.91,218.64,104,0.00,0.00,0.00,661678
2022/8/31 8:7:28,0.00,4.77,18.00,794.00,16.14,54.92,210.77,101,0.00,0.00,0.00,721831
2022/8/31 8:8:28,0.00,4.77,17.92,794.00,16.14,54.89,217.56,103,0.00,0.00,0.00,781985
2022/8/31 8:9:28,0.00,4.77,17.85,794.00,16.14,54.83,212.28,101,0.00,0.00,0.00,842187
2022/8/31 8:10:28,0.00,4.77,17.70,794.00,16.13,54.77,218.11,103,0.00,0.00,0.00,902342
2022/8/31 8:11:28,0.00,4.77,17.58,794.00,16.13,54.76,213.75,101,0.00,0.00,0.00,962496
2022/8/31 8:12:29,0.00,4.77,17.36,794.00,16.13,54.78,215.28,102,0.00,0.00,0.00,1022651
2022/8/31 8:13:29,0.00,4.77,17.45,794.00,16.13,54.83,216.72,103,0.00,0.00,0.00,1082826
2022/8/31 8:14:29,0.00,4.77,17.60,794.00,16.13,54.81,215.81,102,0.00,0.00,0.00,1143141
2022/8/31 8:15:30,0.00,4.77,17.35,794.00,16.13,54.80,212.10,101,0.00,0.00,0.00,1203298
2022/8/31 8:16:30,0.00,4.77,17.45,794.00,16.13,54.81,214.40,102,0.00,0.00,0.00,1263455
2022/8/31 8:17:30,0.00,4.76,17.30,794.00,16.12,54.85,214.23,101,0.00,0.00,0.00,1323612
2022/8/31 8:18:30,0.00,4.77,17.47,794.00,16.12,54.88,221.81,105,0.00,0.00,0.00,1383769
2022/8/31 8:19:30,0.00,4.77,17.55,794.00,16.12,54.89,212.34,101,0.00,0.00,0.00,1443926
2022/8/31 8:20:31,0.00,4.77,17.43,794.00,16.11,54.87,217.21,103,0.00,0.00,0.00,1504131
2022/8/31 8:21:31,0.00,4.77,17.43,794.00,16.11,55.01,219.74,104,0.00,0.00,0.00,1564405
2022/8/31 8:22:31,0.00,4.78,17.46,794.00,16.11,55.05,217.98,104,0.00,0.00,0.00,1624562
2022/8/31 8:23:32,0.00,4.79,17.85,794.00,16.11,55.50,218.47,104,0.00,0.00,0.00,1684718
2022/8/31 8:24:32,0.00,4.79,18.00,794.00,16.11,55.45,222.75,106,0.00,0.00,0.00,1744874
2022/8/31 8:25:32,0.00,4.79,18.00,794.00,16.12,55.43,218.89,104,0.00,0.00,0.00,1805030
2022/8/31 8:26:32,0.00,4.79,18.00,794.00,16.12,55.54,223.09,106,0.00,0.00,0.00,1865236
2022/8/31 8:27:32,0.00,4.79,18.00,794.00,16.12,56.09,215.40,102,0.00,0.00,0.00,1925392
2022/8/31 8:28:33,0.00,4.78,18.00,794.00,16.12,56.01,219.30,104,0.00,0.00,0.00,1985669
2022/8/31 8:29:33,0.00,4.77,18.00,794.00,16.13,55.86,217.69,103,0.00,0.00,0.00,2045826
2022/8/31 8:30:33,0.00,4.78,18.00,794.00,16.13,55.93,211.64,101,0.00,0.00,0.00,2105982
2022/8/31 8:31:33,0.00,4.78,18.00,794.00,16.13,55.92,220.00,104,0.00,0.00,0.00,2166140
2022/8/31 8:32:34,0.00,4.78,18.00,794.00,16.13,55.85,213.26,102,0.00,0.00,0.00,2226344
2022/8/31 8:33:34,0.00,4.78,18.00,794.00,16.13,55.80,214.68,102,0.00,0.00,0.00,2286500
2022/8/31 8:34:34,0.00,4.78,18.00,794.00,16.13,55.75,216.70,103,0.00,0.00,0.00,2346657
2022/8/31 8:35:35,0.00,4.79,18.00,794.00,16.13,55.75,215.42,103,0.00,0.00,0.00,2406934
2022/8/31 8:36:35,0.00,4.79,18.00,794.00,16.13,55.67,218.71,104,0.00,0.00,0.00,2467090
2022/8/31 8:37:35,0.00,4.79,18.00,794.00,16.13,55.62,214.25,101,0.00,0.00,0.00,2527246
2022/8/31 8:38:35,0.00,4.77,18.00,794.00,16.13,55.42,219.08,104,0.00,0.00,0.00,2587449
2022/8/31 8:39:36,0.00,4.77,18.00,794.00,16.12,55.31,214.49,102,0.00,0.00,0.00,2647606
2022/8/31 8:40:36,0.00,4.76,18.00,794.00,16.12,55.16,214.58,102,0.00,0.00,0.00,2707763
2022/8/31 8:41:36,0.00,4.76,18.00,794.00,16.12,55.25,217.75,103,0.00,0.00,0.00,2767920
2022/8/31 8:43:37,0.00,4.76,18.00,794.00,16.12,55.13,219.87,104,0.00,0.00,0.00,2888352
2022/8/31 8:44:37,0.00,4.76,18.00,794.00,16.12,55.27,220.09,104,0.00,0.00,0.00,2948558
2022/8/31 8:45:37,0.00,4.76,18.00,794.00,16.12,55.02,214.62,102,0.00,0.00,0.00,3008714
2022/8/31 8:46:37,0.00,4.77,18.00,794.00,16.12,54.72,215.87,102,0.00,0.00,0.00,3068870
2022/8/31 8:47:37,0.00,4.77,18.00,794.00,16.12,54.40,212.42,101,0.00,0.00,0.00,3129026
2022/8/31 8:48:38,0.00,4.77,18.00,794.00,16.12,54.20,221.34,105,0.00,0.00,0.00,3189194
2022/8/31 8:49:38,0.00,4.77,18.00,794.00,16.12,54.14,212.56,101,0.00,0.00,0.00,3249351
2022/8/31 8:50:38,0.00,4.77,18.00,794.00,16.11,54.05,212.96,100,0.00,0.00,0.00,3309555
2022/8/31 8:51:38,0.00,4.77,18.00,794.00,16.11,53.91,214.06,101,0.00,0.00,0.00,3369713
2022/8/31 8:53:39,0.00,4.78,18.00,794.00,16.11,53.57,218.36,104,0.00,0.00,0.00,3490026
2022/8/31 8:54:39,0.00,4.78,18.00,794.00,16.11,53.87,215.00,103,0.00,0.00,0.00,3550182
2022/8/31 8:56:29,0.00,4.77,18.00,794.00,16.10,54.25,216.96,103,0.00,0.00,0.00,60016
2022/8/31 8:57:29,0.00,4.77,18.00,794.00,16.10,54.39,218.83,104,0.00,0.00,0.00,120221
2022/8/31 8:58:30,0.00,4.77,17.96,794.03,16.10,54.50,214.08,102,0.00,0.00,0.00,180375
2022/8/31 8:59:30,0.00,4.76,18.00,794.00,16.10,54.49,219.68,104,0.00,0.00,0.00,240529
2022/8/31 9:0:30,0.00,4.76,18.00,794.00,16.10,54.57,216.21,103,0.00,0.00,0.00,300684
2022/8/31 9:1:30,0.00,4.76,18.00,794.00,16.10,54.73,219.06,104,0.00,0.00,0.00,360856
2022/8/31 9:2:30,0.00,4.76,18.00,794.00,16.10,54.88,219.94,106,0.00,0.00,0.00,421010
2022/8/31 9:3:31,0.00,4.77,18.00,794.00,16.09,54.89,219.77,104,0.00,0.00,0.00,481211
2022/8/31 9:4:31,0.00,4.77,18.00,794.00,16.09,54.81,216.49,103,0.00,0.00,0.00,541366
2022/8/31 9:5:31,0.00,4.77,17.92,794.00,16.06,52.76,224.11,108,0.00,0.00,0.00,601521
2022/8/31 9:6:31,0.00,4.77,17.57,794.00,16.04,52.68,223.17,107,0.00,0.00,0.00,661676
2022/8/31 9:7:32,0.00,4.75,17.04,794.03,16.03,53.55,216.49,104,0.00,0.00,0.00,721829
2022/8/31 9:8:32,0.00,4.75,17.11,794.03,16.02,53.90,220.60,106,0.00,0.00,0.00,782162
2022/8/31 9:9:32,0.00,4.76,17.44,794.00,16.03,54.24,225.58,107,0.00,0.00,0.00,842317
2022/8/31 9:10:32,0.00,4.76,18.00,794.00,16.03,54.47,221.23,105,0.00,0.00,0.00,902473
2022/8/31 9:11:33,0.00,4.76,18.00,794.00,16.03,54.46,226.17,107,0.00,0.00,0.00,962630
2022/8/31 9:12:33,0.00,4.76,18.00,794.00,16.03,53.91,211.53,101,0.00,0.00,0.00,1022785
2022/8/31 9:14:33,0.00,4.77,18.00,794.00,16.03,54.35,222.15,107,0.00,0.00,0.00,1143147
2022/8/31 9:15:34,0.00,4.77,18.00,794.00,16.04,54.43,224.92,107,0.00,0.00,0.00,1203425
2022/8/31 9:16:34,0.00,4.78,18.00,794.00,16.04,54.23,228.77,112,0.00,0.00,0.00,1263582
2022/8/31 9:17:34,0.00,4.77,18.00,794.00,16.04,54.01,231.40,111,0.00,0.00,0.00,1323739
2022/8/31 9:18:34,0.00,4.77,18.00,794.00,16.05,53.83,228.91,109,0.00,0.00,0.00,1383897
2022/8/31 9:19:35,0.00,4.77,18.00,794.00,16.05,53.89,220.34,105,0.00,0.00,0.00,1444055
2022/8/31 9:20:35,0.00,4.77,18.00,794.00,16.05,53.66,209.72,100,0.00,0.00,0.00,1504260
2022/8/31 9:21:35,0.00,4.78,18.00,794.00,16.05,53.67,216.43,104,0.00,0.00,0.00,1564417
2022/8/31 9:22:35,0.00,4.78,18.00,794.00,16.06,53.65,212.43,101,0.00,0.00,0.00,1624689
2022/8/31 9:23:36,0.00,4.78,18.00,794.00,16.07,54.82,225.15,106,0.00,0.00,0.00,1684845
2022/8/31 9:24:36,0.00,4.78,18.00,794.00,16.08,54.76,223.98,105,0.00,0.00,0.00,1745000
2022/8/31 9:25:36,0.00,4.78,18.00,794.00,16.09,54.98,220.11,104,0.00,0.00,0.00,1805157
2022/8/31 9:26:36,0.00,4.78,18.00,794.00,16.10,55.27,227.42,108,0.00,0.00,0.00,1865359
2022/8/31 9:27:37,0.00,4.78,18.00,794.00,16.10,55.26,219.02,104,0.00,0.00,0.00,1925515
2022/8/31 9:28:37,0.00,4.77,18.00,794.00,16.11,55.23,222.47,105,0.00,0.00,0.00,1985672
2022/8/31 9:29:37,0.00,4.77,18.00,794.00,16.12,55.11,216.30,103,0.00,0.00,0.00,2045950
2022/8/31 9:30:37,0.00,4.77,18.00,794.00,16.13,54.82,220.19,105,0.00,0.00,0.00,2106108
2022/8/31 9:31:38,0.00,4.77,18.00,794.00,16.13,55.27,217.70,102,0.00,0.00,0.00,2166264
2022/8/31 9:32:38,0.00,4.77,18.00,794.00,16.14,54.59,221.74,105,0.00,0.00,0.00,2226471
2022/8/31 9:33:38,0.00,4.77,18.00,794.00,16.14,54.62,217.25,103,0.00,0.00,0.00,2286628
2022/8/31 9:34:38,0.00,4.78,18.00,794.00,16.15,54.83,220.34,104,0.00,0.00,0.00,2346784
2022/8/31 9:35:39,0.00,4.79,18.00,794.00,16.16,55.13,219.94,104,0.00,0.00,0.00,2406940
2022/8/31 9:36:39,0.00,4.79,18.00,794.00,16.17,55.17,224.92,106,0.00,0.00,0.00,2467214
2022/8/31 9:37:39,0.00,4.79,18.00,794.00,16.18,55.10,219.17,104,0.00,0.00,0.00,2527370
2022/8/31 9:38:39,0.00,4.77,18.00,794.00,16.18,55.12,224.04,105,0.00,0.00,0.00,2587574
2022/8/31 9:39:40,0.00,4.77,18.00,794.00,16.19,55.19,216.64,103,0.00,0.00,0.00,2647731
2022/8/31 9:40:40,0.00,4.77,18.00,794.00,16.20,55.35,222.96,105,0.00,0.00,0.00,2707889
2022/8/31 9:41:40,0.00,4.77,18.00,794.00,16.20,55.25,220.70,105,0.00,0.00,0.00,2768046
2022/8/31 9:42:40,0.00,4.77,18.00,794.00,16.21,55.02,221.87,105,0.00,0.00,0.00,2828204
2022/8/31 9:43:41,0.00,4.77,18.00,794.06,16.22,54.85,220.23,104,0.00,0.00,0.00,2888360
2022/8/31 9:44:41,0.00,4.77,18.00,794.00,16.22,54.73,222.28,105,0.00,0.00,0.00,2948568
2022/8/31 9:45:41,0.00,4.78,18.00,794.00,16.23,54.74,221.49,104,0.00,0.00,0.00,3008723
2022/8/31 9:46:41,0.00,4.79,18.00,794.00,16.23,54.95,216.81,102,0.00,0.00,0.00,3068879
2022/8/31 9:47:42,0.00,4.79,18.00,794.00,16.24,55.01,220.43,104,0.00,0.00,0.00,3129036
2022/8/31 9:48:42,0.00,4.77,18.00,794.00,16.24,55.14,219.51,104,0.00,0.00,0.00,3189203
2022/8/31 9:49:42,0.00,4.77,18.00,794.00,16.24,54.85,213.87,102,0.00,0.00,0.00,3249360
2022/8/31 9:50:42,0.00,4.77,18.00,794.00,16.24,54.82,213.09,101,0.00,0.00,0.00,3309564
2022/8/31 9:51:43,0.00,4.78,18.00,794.00,16.24,54.42,218.43,103,0.00,0.00,0.00,3369721
2022/8/31 9:52:43,0.00,4.78,18.00,794.00,16.24,54.56,215.13,102,0.00,0.00,0.00,3429877
2022/8/31 9:53:43,0.00,4.78,18.00,794.00,16.24,54.69,220.30,105,0.00,0.00,0.00,3490034
2022/8/31 9:54:43,0.00,4.79,18.00,794.00,16.24,55.17,223.89,106,0.00,0.00,0.00,3550190
2022/8/31 9:56:33,0.00,4.77,18.00,794.00,16.25,55.31,225.17,106,0.00,0.00,0.00,60016
2022/8/31 9:57:33,0.00,4.77,18.00,794.00,16.25,55.05,225.72,107,0.00,0.00,0.00,120223
2022/8/31 9:58:34,0.00,4.77,18.00,794.00,16.26,55.14,223.85,106,0.00,0.00,0.00,180380
2022/8/31 9:59:34,0.00,4.77,18.00,794.00,16.26,54.88,214.98,102,0.00,0.00,0.00,240534
2022/8/31 10:0:34,0.00,4.77,18.00,794.00,16.27,54.91,220.77,114,0.00,0.00,0.00,300688
2022/8/31 10:1:34,0.00,4.78,18.00,794.00,16.27,55.52,214.45,178,0.00,0.00,0.00,360860
2022/8/31 10:2:35,0.00,4.78,18.00,794.00,16.28,55.28,220.51,106,0.00,0.00,0.00,421177
2022/8/31 10:3:35,0.00,4.78,18.00,794.00,16.28,55.38,218.67,105,0.00,0.00,0.00,481332
2022/8/31 10:4:35,0.00,4.78,18.00,794.00,16.28,55.23,217.91,105,0.00,0.00,0.00,541488
2022/8/31 10:5:35,0.00,4.79,18.00,794.00,16.28,55.09,222.09,106,0.00,0.00,0.00,601644
2022/8/31 10:6:36,0.00,4.79,18.00,794.00,16.29,55.30,221.26,106,0.00,0.00,0.00,661798
2022/8/31 10:7:36,0.00,4.77,18.00,794.00,16.29,55.12,212.75,102,0.00,0.00,0.00,721954
2022/8/31 10:8:36,0.00,4.77,18.00,794.00,16.29,54.64,212.62,102,0.00,0.00,0.00,782157
2022/8/31 10:9:36,0.00,4.77,18.00,794.00,16.30,54.40,212.96,101,0.00,0.00,0.00,842439
2022/8/31 10:10:37,0.00,4.77,18.00,794.00,16.29,53.85,208.04,99,0.00,0.00,0.00,902594
2022/8/31 10:11:37,0.00,4.76,18.00,794.00,16.29,54.24,216.91,103,0.00,0.00,0.00,962750
2022/8/31 10:12:37,0.00,4.77,18.00,794.00,16.29,54.98,220.94,105,0.00,0.00,0.00,1022907
2022/8/31 10:13:37,0.00,4.77,18.00,794.00,16.29,55.22,217.28,104,0.00,0.00,0.00,1083065
2022/8/31 10:14:38,0.00,4.77,18.00,794.00,16.30,55.46,225.49,107,0.00,0.00,0.00,1143270
2022/8/31 10:15:38,0.00,4.77,18.00,794.00,16.30,55.42,213.96,102,0.00,0.00,0.00,1203429
2022/8/31 10:16:38,0.00,4.78,18.00,794.00,16.31,55.59,222.85,106,0.00,0.00,0.00,1263704
2022/8/31 10:17:38,0.00,4.77,18.00,794.00,16.32,55.68,218.65,105,0.00,0.00,0.00,1323863
2022/8/31 10:18:39,0.00,4.77,18.00,794.00,16.32,55.23,210.28,102,0.00,0.00,0.00,1384022
2022/8/31 10:19:39,0.00,4.77,18.00,794.00,16.32,54.80,218.23,104,0.00,0.00,0.00,1444180
2022/8/31 10:20:39,0.00,4.77,18.00,794.00,16.32,54.86,221.40,106,0.00,0.00,0.00,1504388
2022/8/31 10:21:39,0.00,4.77,18.00,794.00,16.32,54.80,211.30,101,0.00,0.00,0.00,1564546
2022/8/31 10:22:40,0.00,4.77,18.00,794.00,16.32,54.75,217.43,103,0.00,0.00,0.00,1624705
2022/8/31 10:23:40,0.00,4.77,18.00,794.00,16.32,54.27,211.60,99,0.00,0.00,0.00,1684971
2022/8/31 10:24:40,0.00,4.77,18.00,794.00,16.31,53.87,219.83,104,0.00,0.00,0.00,1745129
2022/8/31 10:26:41,0.00,4.77,18.00,794.00,16.30,54.34,218.98,103,0.00,0.00,0.00,1865490
2022/8/31 10:27:41,0.00,4.78,18.00,794.00,16.30,54.42,207.43,98,0.00,0.00,0.00,1925647
2022/8/31 10:28:41,0.00,4.77,18.00,794.00,16.30,54.32,218.00,103,0.00,0.00,0.00,1985805
2022/8/31 10:29:41,0.00,4.77,18.00,794.00,16.30,53.94,208.79,99,0.00,0.00,0.00,2045962
2022/8/31 10:30:42,0.00,4.77,18.00,794.00,16.31,54.33,216.42,102,0.00,0.00,0.00,2106240
2022/8/31 10:31:42,0.00,4.77,18.00,794.00,16.31,54.53,210.46,100,0.00,0.00,0.00,2166397
2022/8/31 10:32:42,0.00,4.77,18.00,794.00,16.31,54.59,211.11,101,0.00,0.00,0.00,2226603
2022/8/31 10:33:42,0.00,4.77,18.00,794.00,16.31,54.32,215.30,102,0.00,0.00,0.00,2286760
2022/8/31 10:34:43,0.00,4.77,18.00,794.00,16.30,54.06,215.17,102,0.00,0.00,0.00,2346919
2022/8/31 10:35:43,0.00,4.77,18.00,794.00,16.30,53.98,224.36,106,0.00,0.00,0.00,2407077
2022/8/31 10:36:43,0.00,4.77,18.00,794.00,16.30,54.20,217.51,103,0.00,0.00,0.00,2467238
2022/8/31 10:37:43,0.00,4.77,18.00,794.00,16.30,54.28,211.12,101,0.00,0.00,0.00,2527397
2022/8/31 10:38:44,0.00,4.75,18.00,794.00,16.30,53.86,217.47,103,0.00,0.00,0.00,2587603
2022/8/31 10:39:44,0.00,4.75,18.00,794.00,16.30,54.32,211.96,101,0.00,0.00,0.00,2647760
2022/8/31 10:40:44,0.00,4.75,18.00,794.00,16.29,54.39,223.36,106,0.00,0.00,0.00,2707918
2022/8/31 10:41:44,0.00,4.75,18.00,794.00,16.29,54.38,215.09,102,0.00,0.00,0.00,2768075
2022/8/31 10:42:44,0.00,4.76,18.00,794.00,16.29,54.34,222.08,105,0.00,0.00,0.00,2828233
2022/8/31 10:43:45,0.00,4.76,18.00,794.00,16.29,53.78,213.49,101,0.00,0.00,0.00,2888554
2022/8/31 10:44:45,0.00,4.77,18.00,794.00,16.28,53.60,208.96,99,0.00,0.00,0.00,2948712
2022/8/31 10:45:45,0.00,4.77,18.00,794.00,16.28,53.68,214.47,101,0.00,0.00,0.00,3008870
2022/8/31 10:46:46,0.00,4.78,18.00,794.00,16.28,53.67,219.96,104,0.00,0.00,0.00,3069029
2022/8/31 10:47:46,0.00,4.78,18.00,794.00,16.27,53.40,212.75,101,0.00,0.00,0.00,3129187
2022/8/31 10:48:46,0.00,4.77,18.00,794.00,16.27,53.78,214.55,102,0.00,0.00,0.00,3189346
2022/8/31 10:49:46,0.00,4.77,18.00,794.00,16.27,53.89,211.85,101,0.00,0.00,0.00,3249552
2022/8/31 10:50:47,0.00,4.77,18.00,794.00,16.27,54.09,208.23,99,0.00,0.00,0.00,3309819
2022/8/31 10:51:47,0.00,4.77,18.00,794.00,16.27,54.11,216.75,103,0.00,0.00,0.00,3369977
2022/8/31 10:52:47,0.00,4.78,18.00,794.00,16.27,53.59,212.26,100,0.00,0.00,0.00,3430135
2022/8/31 10:53:47,0.00,4.78,18.00,794.00,16.26,53.50,221.58,105,0.00,0.00,0.00,3490293
2022/8/31 10:54:48,0.00,4.79,18.00,794.00,16.26,53.48,213.53,101,0.00,0.00,0.00,3550451
2022/8/31 10:56:37,0.00,4.77,18.00,794.00,16.25,53.25,217.63,104,0.00,0.00,0.00,60017
2022/8/31 10:57:37,0.00,4.77,18.00,794.00,16.25,53.47,217.83,103,0.00,0.00,0.00,120174
2022/8/31 10:58:38,0.00,4.77,18.00,794.03,16.25,53.81,217.68,103,0.00,0.00,0.00,180331
2022/8/31 10:59:38,0.00,4.77,18.00,794.00,16.25,54.09,213.68,101,0.00,0.00,0.00,240488
2022/8/31 11:0:38,0.00,4.78,18.00,794.00,16.25,53.71,215.68,103,0.00,0.00,0.00,300645
2022/8/31 11:1:38,0.00,4.78,18.00,794.00,16.25,53.98,219.09,104,0.00,0.00,0.00,360842
2022/8/31 11:2:39,0.00,4.78,18.00,794.00,16.25,54.06,211.92,101,0.00,0.00,0.00,421155
2022/8/31 11:3:39,0.00,4.79,18.00,794.00,16.25,53.99,213.04,102,0.00,0.00,0.00,481311
2022/8/31 11:4:39,0.00,4.79,18.00,794.00,16.25,53.85,212.40,101,0.00,0.00,0.00,541465
2022/8/31 11:5:39,0.00,4.79,18.00,794.00,16.25,54.04,215.85,103,0.00,0.00,0.00,601620
2022/8/31 11:6:40,0.00,4.79,18.00,794.00,16.25,53.95,218.45,104,0.00,0.00,0.00,661775
2022/8/31 11:7:40,0.00,4.77,18.00,794.00,16.25,54.07,220.11,105,0.00,0.00,0.00,721931
2022/8/31 11:8:40,0.00,4.77,18.00,794.00,16.25,54.30,217.74,104,0.00,0.00,0.00,782134
2022/8/31 11:9:40,0.00,4.77,18.00,794.00,16.25,54.48,215.92,102,0.00,0.00,0.00,842290
2022/8/31 11:10:41,0.00,4.77,18.00,794.00,16.26,54.67,221.15,105,0.00,0.00,0.00,902447
2022/8/31 11:11:41,0.00,4.78,18.00,794.00,16.26,54.84,210.81,100,0.00,0.00,0.00,962604
2022/8/31 11:12:41,0.00,4.78,18.00,794.00,16.26,54.92,215.43,101,0.00,0.00,0.00,1022761
2022/8/31 11:14:42,0.00,4.79,18.00,794.00,16.26,54.94,215.98,103,0.00,0.00,0.00,1143127
2022/8/31 11:15:42,0.00,4.79,18.00,794.00,16.26,55.26,214.55,101,0.00,0.00,0.00,1203397
2022/8/31 11:16:42,0.00,4.79,18.00,794.00,16.27,55.57,210.71,100,0.00,0.00,0.00,1263554
2022/8/31 11:17:42,0.00,4.77,18.00,794.00,16.27,55.84,212.94,101,0.00,0.00,0.00,1323711
2022/8/31 11:18:43,0.00,4.77,18.00,794.00,16.27,55.94,217.72,103,0.00,0.00,0.00,1383868
2022/8/31 11:19:43,0.00,4.77,18.00,794.00,16.27,56.22,217.68,104,0.00,0.00,0.00,1444073
2022/8/31 11:20:43,0.00,4.77,18.00,794.00,16.27,56.45,210.64,100,0.00,0.00,0.00,1504231
2022/8/31 11:21:43,0.00,4.78,18.00,794.00,16.28,56.68,216.83,103,0.00,0.00,0.00,1564390
2022/8/31 11:22:44,0.00,4.78,18.00,794.00,16.28,56.76,215.34,102,0.00,0.00,0.00,1624660
2022/8/31 11:23:44,0.00,4.78,18.00,794.00,16.28,57.03,211.17,101,0.00,0.00,0.00,1684819
2022/8/31 11:24:44,0.00,4.79,18.00,794.00,16.28,57.20,213.36,101,0.00,0.00,0.00,1744977
2022/8/31 11:25:44,0.00,4.79,18.00,794.00,16.29,57.39,214.06,102,0.00,0.00,0.00,1805185
2022/8/31 11:26:45,0.00,4.79,18.00,794.00,16.29,57.54,218.30,104,0.00,0.00,0.00,1865342
2022/8/31 11:27:45,0.00,4.79,18.00,794.00,16.29,57.98,210.79,100,0.00,0.00,0.00,1925500
2022/8/31 11:28:45,0.00,4.78,18.00,794.00,16.30,58.50,217.85,103,0.00,0.00,0.00,1985658
2022/8/31 11:29:45,0.00,4.78,18.00,794.00,16.30,59.13,213.17,102,0.00,0.00,0.00,2045929
2022/8/31 11:30:46,0.00,4.78,18.00,794.00,16.30,60.18,217.29,104,0.00,0.00,0.00,2106086
2022/8/31 11:31:46,0.00,4.78,18.00,794.00,16.30,60.65,212.23,101,0.00,0.00,0.00,2166290
2022/8/31 11:32:46,0.00,4.79,18.00,794.00,16.31,61.12,213.28,102,0.00,0.00,0.00,2226448
2022/8/31 11:33:46,0.00,4.79,18.00,794.00,16.31,61.42,213.47,102,0.00,0.00,0.00,2286606
2022/8/31 11:34:47,0.00,4.79,18.00,794.00,16.31,61.57,215.21,103,0.00,0.00,0.00,2346764
2022/8/31 11:35:47,0.00,4.79,18.00,794.00,16.32,61.77,215.49,103,0.00,0.00,0.00,2406922
2022/8/31 11:36:47,0.00,4.79,18.00,794.00,16.32,61.81,214.96,103,0.00,0.00,0.00,2467080
2022/8/31 11:37:47,0.00,4.79,18.00,794.00,16.33,61.17,212.74,102,0.00,0.00,0.00,2527287
2022/8/31 11:38:47,0.00,4.77,18.00,794.00,16.33,61.59,220.43,105,0.00,0.00,0.00,2587445
2022/8/31 11:39:48,0.00,4.77,18.00,794.00,16.34,61.81,218.51,105,0.00,0.00,0.00,2647603
2022/8/31 11:40:48,0.00,4.77,18.00,794.00,16.34,61.69,215.62,103,0.00,0.00,0.00,2707762
2022/8/31 11:41:48,0.00,4.77,18.00,794.00,16.35,61.87,214.21,103,0.00,0.00,0.00,2767924
2022/8/31 11:42:48,0.00,4.77,18.00,794.00,16.36,61.26,213.27,102,0.00,0.00,0.00,2828083
2022/8/31 11:43:49,0.00,4.77,18.00,794.00,16.36,61.52,220.55,106,0.00,0.00,0.00,2888290
2022/8/31 11:44:49,0.00,4.77,18.00,794.00,16.37,61.81,213.81,102,0.00,0.00,0.00,2948449
2022/8/31 11:45:49,0.00,4.77,18.00,794.00,16.37,62.15,209.45,100,0.00,0.00,0.00,3008608
2022/8/31 11:46:49,0.00,4.78,18.00,794.00,16.38,62.30,212.57,102,0.00,0.00,0.00,3068767
2022/8/31 11:47:50,0.00,4.78,18.00,794.00,16.38,62.43,210.15,101,0.00,0.00,0.00,3128926
2022/8/31 11:48:50,0.00,4.77,18.00,794.00,16.38,62.91,210.62,101,0.00,0.00,0.00,3189241
2022/8/31 11:49:50,0.00,4.77,18.00,794.00,16.39,63.14,209.92,101,0.00,0.00,0.00,3249400
2022/8/31 11:50:50,0.00,4.77,18.00,794.00,16.40,63.52,213.17,102,0.00,0.00,0.00,3309559
2022/8/31 11:51:51,0.00,4.77,18.00,794.00,16.40,63.65,216.81,104,0.00,0.00,0.00,3369717
2022/8/31 11:52:51,0.00,4.77,18.00,794.00,16.41,64.12,206.30,100,0.00,0.00,0.00,3429875
2022/8/31 11:53:51,0.00,4.77,18.00,794.00,16.41,64.66,215.92,104,0.00,0.00,0.00,3490033
2022/8/31 11:54:51,0.00,4.77,18.00,794.03,16.41,64.41,210.15,101,0.00,0.00,0.00,3550238
2022/8/31 11:56:41,0.00,4.76,18.00,794.00,16.42,65.37,210.00,101,0.00,0.00,0.00,60017
2022/8/31 11:57:42,0.00,4.76,18.00,794.00,16.42,65.50,210.04,101,0.00,0.00,0.00,120177
2022/8/31 11:58:42,0.00,4.76,18.00,794.00,16.43,65.80,207.62,100,0.00,0.00,0.00,180333
2022/8/31 11:59:42,0.00,4.76,18.00,794.00,16.43,65.56,210.94,102,0.00,0.00,0.00,240491
2022/8/31 12:0:42,0.00,4.76,18.00,794.00,16.44,65.64,212.87,103,0.00,0.00,0.00,300647
2022/8/31 12:1:42,0.00,4.77,18.00,794.00,16.45,65.80,210.19,101,0.00,0.00,0.00,360849
2022/8/31 12:2:43,0.00,4.77,18.00,794.00,16.45,65.94,213.17,103,0.00,0.00,0.00,421005
2022/8/31 12:3:43,0.00,4.77,18.00,794.00,16.45,65.75,212.00,102,0.00,0.00,0.00,481161
2022/8/31 12:4:43,0.00,4.77,18.00,794.00,16.45,65.38,205.79,100,0.00,0.00,0.00,541317
2022/8/31 12:5:43,0.00,4.77,18.00,794.00,16.45,65.55,213.68,103,0.00,0.00,0.00,601473
2022/8/31 12:6:44,0.00,4.77,18.00,794.00,16.45,65.77,207.57,100,0.00,0.00,0.00,661628
2022/8/31 12:7:44,0.00,4.76,18.00,794.00,16.45,65.82,210.58,102,0.00,0.00,0.00,721831
2022/8/31 12:8:44,0.00,4.76,18.00,794.00,16.46,66.12,211.64,103,0.00,0.00,0.00,782111
2022/8/31 12:9:44,0.00,4.77,18.00,794.00,16.46,66.33,214.31,104,0.00,0.00,0.00,842267
2022/8/31 12:10:45,0.00,4.77,18.00,794.00,16.46,66.37,203.02,99,0.00,0.00,0.00,902422
2022/8/31 12:11:45,0.00,4.77,18.00,794.00,16.45,66.55,208.70,101,0.00,0.00,0.00,962578
2022/8/31 12:12:45,0.00,4.77,18.00,794.00,16.45,66.56,213.57,103,0.00,0.00,0.00,1022735
2022/8/31 12:13:45,0.00,4.77,18.00,794.00,16.46,66.21,204.21,99,0.00,0.00,0.00,1082939
2022/8/31 12:14:46,0.00,4.77,18.00,794.00,16.46,66.31,208.21,101,0.00,0.00,0.00,1143097
2022/8/31 12:15:46,0.00,4.78,18.00,794.00,16.46,66.32,215.62,104,0.00,0.00,0.00,1203373
2022/8/31 12:16:46,0.00,4.78,18.00,794.03,16.46,66.44,211.13,102,0.00,0.00,0.00,1263531
2022/8/31 12:17:46,0.00,4.77,18.00,794.00,16.46,66.36,210.09,102,0.00,0.00,0.00,1323689
2022/8/31 12:18:47,0.00,4.77,18.00,794.00,16.46,66.25,210.66,103,0.00,0.00,0.00,1383847
2022/8/31 12:19:47,0.00,4.77,18.00,794.00,16.46,66.21,211.51,103,0.00,0.00,0.00,1444056
2022/8/31 12:20:47,0.00,4.77,18.00,794.00,16.46,66.20,209.19,101,0.00,0.00,0.00,1504215
2022/8/31 12:21:47,0.00,4.77,18.00,794.00,16.46,66.05,204.85,100,0.00,0.00,0.00,1564374
2022/8/31 12:22:48,0.00,4.77,18.00,794.00,16.46,66.05,213.57,105,0.00,0.00,0.00,1624642
2022/8/31 12:23:48,0.00,4.77,18.00,794.00,16.46,66.21,207.17,101,0.00,0.00,0.00,1684799
2022/8/31 12:24:48,0.00,4.77,18.00,794.00,16.46,65.47,211.09,102,0.00,0.00,0.00,1744957
2022/8/31 12:25:48,0.00,4.77,18.00,794.00,16.46,65.27,206.96,101,0.00,0.00,0.00,1805164
2022/8/31 12:26:49,0.00,4.77,18.00,794.00,16.46,65.54,210.19,102,0.00,0.00,0.00,1865321
2022/8/31 12:27:49,0.00,4.77,18.00,794.00,16.46,65.57,214.92,104,0.00,0.00,0.00,1925478
2022/8/31 12:28:49,0.00,4.76,18.00,794.00,16.46,65.70,211.72,102,0.00,0.00,0.00,1985636
2022/8/31 12:29:49,0.00,4.76,18.00,794.00,16.46,65.75,208.64,101,0.00,0.00,0.00,2045908
2022/8/31 12:30:50,0.00,4.76,18.00,794.00,16.46,65.19,212.21,103,0.00,0.00,0.00,2106224
2022/8/31 12:31:50,0.00,4.76,18.00,794.00,16.47,65.30,211.94,103,0.00,0.00,0.00,2166380
2022/8/31 12:32:50,0.00,4.76,18.00,794.00,16.47,65.03,212.47,103,0.00,0.00,0.00,2226537
2022/8/31 12:33:50,0.00,4.77,18.00,794.00,16.47,64.89,212.77,103,0.00,0.00,0.00,2286694
2022/8/31 12:34:51,0.00,4.77,18.00,794.00,16.47,64.69,206.06,100,0.00,0.00,0.00,2346852
2022/8/31 12:35:51,0.00,4.77,18.00,794.00,16.47,64.55,213.09,104,0.00,0.00,0.00,2407011
2022/8/31 12:36:51,0.00,4.78,18.00,794.00,16.47,64.64,207.53,101,0.00,0.00,0.00,2467216
2022/8/31 12:37:52,0.00,4.78,18.00,794.00,16.47,64.78,212.85,103,0.00,0.00,0.00,2527491
2022/8/31 12:38:52,0.00,4.77,18.00,794.00,16.47,64.65,210.52,102,0.00,0.00,0.00,2587650
2022/8/31 12:39:52,0.00,4.77,18.00,794.00,16.46,63.91,214.74,104,0.00,0.00,0.00,2647808
2022/8/31 12:40:52,0.00,4.77,18.00,794.00,16.47,64.02,211.15,102,0.00,0.00,0.00,2707965
2022/8/31 12:41:52,0.00,4.76,18.00,794.00,16.47,64.53,208.94,102,0.00,0.00,0.00,2768123
2022/8/31 12:42:53,0.00,4.76,18.00,794.00,16.47,64.51,212.36,103,0.00,0.00,0.00,2828328
2022/8/31 12:43:53,0.00,4.76,18.00,794.00,16.46,63.83,209.26,101,0.00,0.00,0.00,2888486
2022/8/31 12:44:53,0.00,4.76,18.00,794.00,16.47,63.92,211.13,103,0.00,0.00,0.00,2948759
2022/8/31 12:45:54,0.00,4.76,18.00,794.00,16.47,63.48,208.88,101,0.00,0.00,0.00,3008916
2022/8/31 12:46:54,0.00,4.77,18.00,794.00,16.47,63.84,208.38,101,0.00,0.00,0.00,3069074
2022/8/31 12:47:54,0.00,4.77,18.00,794.00,16.47,63.93,213.74,103,0.00,0.00,0.00,3129232
2022/8/31 12:48:54,0.00,4.75,18.00,794.00,16.47,64.08,208.34,101,0.00,0.00,0.00,3189439
2022/8/31 12:49:54,0.00,4.76,18.00,794.00,16.47,64.12,208.06,101,0.00,0.00,0.00,3249597
2022/8/31 12:50:55,0.00,4.76,18.00,794.00,16.46,64.20,213.55,103,0.00,0.00,0.00,3309756
2022/8/31 12:51:55,0.00,4.76,18.00,794.00,16.46,64.21,208.72,101,0.00,0.00,0.00,3370029
2022/8/31 12:52:55,0.00,4.77,18.00,794.00,16.46,64.05,209.81,101,0.00,0.00,0.00,3430187
2022/8/31 12:53:56,0.00,4.77,18.00,794.00,16.46,64.14,211.94,103,0.00,0.00,0.00,3490344
2022/8/31 12:54:56,0.00,4.77,18.00,794.00,16.46,64.05,215.38,104,0.00,0.00,0.00,3550551
2022/8/31 12:56:45,0.00,4.77,18.00,794.00,16.46,63.98,212.98,100,0.00,0.00,0.00,60017
2022/8/31 12:57:46,0.00,4.77,18.00,794.00,16.46,64.00,205.92,100,0.00,0.00,0.00,120175
2022/8/31 12:58:46,0.00,4.77,18.00,794.00,16.46,64.07,203.36,99,0.00,0.00,0.00,180331
2022/8/31 12:59:46,0.00,4.77,18.00,794.00,16.47,63.77,209.11,101,0.00,0.00,0.00,240489
2022/8/31 13:0:46,0.00,4.77,18.00,794.00,16.47,63.84,212.43,102,0.00,0.00,0.00,300691
2022/8/31 13:1:47,0.00,4.77,18.00,794.00,16.47,63.39,208.43,101,0.00,0.00,0.00,360847
2022/8/31 13:2:47,0.00,4.77,18.00,794.00,16.47,63.68,212.27,104,0.00,0.00,0.00,421003
2022/8/31 13:3:47,0.00,4.78,18.00,794.00,16.47,63.76,208.45,101,0.00,0.00,0.00,481159
2022/8/31 13:4:47,0.00,4.78,18.00,794.00,16.47,63.61,209.45,101,0.00,0.00,0.00,541315
2022/8/31 13:5:47,0.00,4.79,18.00,794.00,16.47,63.80,214.26,103,0.00,0.00,0.00,601470
2022/8/31 13:6:48,0.00,4.79,18.00,794.00,16.46,63.70,209.23,102,0.00,0.00,0.00,661673
2022/8/31 13:7:48,0.00,4.77,18.00,794.00,16.46,63.69,214.91,103,0.00,0.00,0.00,721829
2022/8/31 13:9:49,0.00,4.77,18.00,794.03,16.46,63.71,208.42,101,0.00,0.00,0.00,842263
2022/8/31 13:10:49,0.00,4.78,18.00,794.00,16.46,63.79,213.62,102,0.00,0.00,0.00,902419
2022/8/31 13:11:49,0.00,4.78,18.00,794.00,16.46,63.83,210.85,102,0.00,0.00,0.00,962576
2022/8/31 13:12:49,0.00,4.78,18.00,794.00,16.45,63.82,218.64,105,0.00,0.00,0.00,1022781
2022/8/31 13:13:50,0.00,4.78,18.00,794.00,16.45,63.84,219.25,106,0.00,0.00,0.00,1082939
2022/8/31 13:14:50,0.00,4.78,18.00,794.00,16.45,63.84,211.91,103,0.00,0.00,0.00,1143098
2022/8/31 13:15:50,0.00,4.79,18.00,794.00,16.45,63.88,207.08,100,0.00,0.00,0.00,1203369
2022/8/31 13:16:50,0.00,4.79,18.00,794.00,16.44,63.47,213.58,103,0.00,0.00,0.00,1263528
2022/8/31 13:17:51,0.00,4.77,18.00,794.00,16.45,63.63,206.53,100,0.00,0.00,0.00,1323687
2022/8/31 13:18:51,0.00,4.77,18.00,794.00,16.44,62.97,207.53,100,0.00,0.00,0.00,1383896
2022/8/31 13:19:51,0.00,4.77,18.00,794.00,16.45,63.04,215.13,104,0.00,0.00,0.00,1444055
2022/8/31 13:20:51,0.00,4.77,18.00,794.00,16.45,63.36,215.75,105,0.00,0.00,0.00,1504214
2022/8/31 13:21:51,0.00,4.77,18.00,794.00,16.45,63.37,216.96,103,0.00,0.00,0.00,1564371
2022/8/31 13:22:52,0.00,4.77,18.00,794.00,16.44,63.13,211.13,102,0.00,0.00,0.00,1624636
2022/8/31 13:23:52,0.00,4.78,18.00,794.00,16.45,62.78,213.38,102,0.00,0.00,0.00,1684795
2022/8/31 13:24:52,0.00,4.77,18.00,794.00,16.45,63.09,223.47,107,0.00,0.00,0.00,1745002
2022/8/31 13:25:53,0.00,4.78,18.00,794.00,16.45,63.15,221.60,106,0.00,0.00,0.00,1805159
2022/8/31 13:26:53,0.00,4.78,18.00,794.00,16.46,63.08,218.11,106,0.00,0.00,0.00,1865317
2022/8/31 13:27:53,0.00,4.78,18.00,794.00,16.46,62.94,215.43,104,0.00,0.00,0.00,1925475
2022/8/31 13:28:53,0.00,4.77,18.00,794.00,16.47,62.78,216.58,104,0.00,0.00,0.00,1985633
2022/8/31 13:29:53,0.00,4.77,18.00,794.00,16.47,62.70,222.08,106,0.00,0.00,0.00,2045791
2022/8/31 13:30:54,0.00,4.77,18.00,794.00,16.47,62.69,220.09,106,0.00,0.00,0.00,2105996
2022/8/31 13:31:54,0.00,4.77,18.00,794.00,16.48,62.62,219.28,106,0.00,0.00,0.00,2166154
2022/8/31 13:33:54,0.00,4.77,18.00,794.00,16.49,62.49,214.70,104,0.00,0.00,0.00,2286470
2022/8/31 13:34:55,0.00,4.78,18.00,794.00,16.49,62.52,210.21,102,0.00,0.00,0.00,2346633
2022/8/31 13:35:55,0.00,4.78,18.00,794.00,16.50,62.51,217.83,105,0.00,0.00,0.00,2406947
2022/8/31 13:36:55,0.00,4.79,18.00,794.00,16.50,62.54,216.60,105,0.00,0.00,0.00,2467106
2022/8/31 13:37:55,0.00,4.79,18.00,794.00,16.50,62.56,211.83,103,0.00,0.00,0.00,2527265
2022/8/31 13:38:56,0.00,4.77,18.00,794.00,16.51,62.61,225.13,108,0.00,0.00,0.00,2587424
2022/8/31 13:39:56,0.00,4.77,18.00,794.00,16.51,62.71,221.75,106,0.00,0.00,0.00,2647582
2022/8/31 13:40:56,0.00,4.77,18.00,794.00,16.52,62.62,218.00,104,0.00,0.00,0.00,2707740
2022/8/31 13:41:56,0.00,4.77,18.00,794.00,16.53,62.59,224.38,107,0.00,0.00,0.00,2767945
2022/8/31 13:42:57,0.00,4.78,18.26,794.00,16.53,62.58,219.57,105,0.00,0.00,0.00,2828218
2022/8/31 13:43:57,0.00,4.78,18.58,794.00,16.54,62.55,223.98,108,0.00,0.00,0.00,2888376
2022/8/31 13:44:57,0.00,4.78,19.00,794.00,16.54,62.52,232.98,110,0.00,0.00,0.00,2948534
2022/8/31 13:45:57,0.00,4.78,18.96,794.00,16.55,62.48,230.45,110,0.00,0.00,0.00,3008693
2022/8/31 13:46:58,0.00,4.78,19.00,794.00,16.56,62.58,219.15,105,0.00,0.00,0.00,3068852
2022/8/31 13:47:58,0.00,4.78,19.00,794.00,16.56,62.53,209.72,101,0.00,0.00,0.00,3129060
2022/8/31 13:48:58,0.00,4.77,19.00,794.00,16.57,62.48,231.74,111,0.00,0.00,0.00,3189219
2022/8/31 13:49:59,0.00,4.77,19.00,794.00,16.57,62.56,206.40,100,0.00,0.00,0.00,3249486
2022/8/31 13:50:59,0.00,4.77,18.96,794.00,16.57,62.46,213.29,103,0.00,0.00,0.00,3309644
2022/8/31 13:51:59,0.00,4.77,18.45,794.00,16.57,62.43,213.70,103,0.00,0.00,0.00,3369802
2022/8/31 13:52:59,0.00,4.77,18.53,794.00,16.58,62.53,212.30,101,0.00,0.00,0.00,3429960
2022/8/31 13:53:59,0.00,4.77,18.70,794.00,16.58,62.61,225.92,132,0.00,0.00,0.00,3490166
2022/8/31 13:55:0,0.00,4.78,18.92,794.00,16.59,62.50,217.09,104,0.00,0.00,0.00,3550323
2022/8/31 13:56:50,0.00,4.77,18.96,794.00,16.60,62.46,221.56,107,0.00,0.00,0.00,60017
2022/8/31 13:57:50,0.00,4.77,18.89,794.00,16.60,62.47,223.42,107,0.00,0.00,0.00,120174
2022/8/31 13:58:50,0.00,4.77,19.00,794.00,16.61,62.41,213.96,104,0.00,0.00,0.00,180330
2022/8/31 13:59:50,0.00,4.77,19.00,794.00,16.61,62.41,225.30,108,0.00,0.00,0.00,240486
2022/8/31 14:0:50,0.00,4.77,19.00,794.00,16.61,62.40,219.74,106,0.00,0.00,0.00,300725
2022/8/31 14:1:51,0.00,4.78,19.00,794.00,16.61,62.31,219.58,106,0.00,0.00,0.00,360881
2022/8/31 14:2:51,0.00,4.78,19.00,794.00,16.62,62.33,221.68,107,0.00,0.00,0.00,421155
2022/8/31 14:3:51,0.00,4.79,19.00,794.00,16.62,62.33,221.63,107,0.00,0.00,0.00,481311
2022/8/31 14:4:52,0.00,4.79,19.00,794.00,16.63,62.41,217.30,104,0.00,0.00,0.00,541467
2022/8/31 14:5:52,0.00,4.79,19.00,794.00,16.63,62.32,220.77,105,0.00,0.00,0.00,601622
2022/8/31 14:6:52,0.00,4.79,19.00,794.00,16.64,62.42,223.66,108,0.00,0.00,0.00,661826
2022/8/31 14:7:52,0.00,4.77,19.00,794.00,16.64,62.43,228.19,110,0.00,0.00,0.00,721984
2022/8/31 14:8:52,0.00,4.77,19.00,794.00,16.65,62.40,225.19,107,0.00,0.00,0.00,782142
2022/8/31 14:9:53,0.00,4.77,19.00,794.00,16.65,62.39,228.83,110,0.00,0.00,0.00,842419
2022/8/31 14:10:53,0.00,4.78,19.00,794.00,16.66,62.34,217.54,105,0.00,0.00,0.00,902579
2022/8/31 14:11:53,0.00,4.78,19.00,794.00,16.66,62.29,221.11,105,0.00,0.00,0.00,962739
2022/8/31 14:12:54,0.00,4.78,19.00,794.00,16.67,62.23,220.87,106,0.00,0.00,0.00,1022927
2022/8/31 14:13:54,0.00,4.79,19.00,794.00,16.68,62.17,225.45,108,0.00,0.00,0.00,1083088
2022/8/31 14:14:54,0.00,4.79,19.00,794.00,16.68,62.11,210.72,101,0.00,0.00,0.00,1143250
2022/8/31 14:15:54,0.00,4.79,19.00,794.00,16.69,62.00,228.45,110,0.00,0.00,0.00,1203412
2022/8/31 14:16:55,0.00,4.79,19.00,794.00,16.69,61.94,232.17,110,0.00,0.00,0.00,1263689
2022/8/31 14:17:55,0.00,4.77,19.00,794.00,16.70,61.94,214.26,102,0.00,0.00,0.00,1324027
2022/8/31 14:18:55,0.00,4.77,19.00,794.00,16.71,61.88,215.71,103,0.00,0.00,0.00,1384189
2022/8/31 14:19:55,0.00,4.77,19.00,794.00,16.71,61.88,218.32,104,0.00,0.00,0.00,1444352
2022/8/31 14:20:56,0.00,4.78,19.00,794.00,16.72,61.81,217.66,104,0.00,0.00,0.00,1504513
2022/8/31 14:21:56,0.00,4.78,19.00,794.00,16.73,61.76,219.53,105,0.00,0.00,0.00,1564673
2022/8/31 14:22:56,0.00,4.78,19.00,794.00,16.73,61.92,212.89,103,0.00,0.00,0.00,1624834
2022/8/31 14:23:56,0.00,4.79,19.00,794.00,16.74,61.95,211.57,102,0.00,0.00,0.00,1685042
2022/8/31 14:24:57,0.00,4.79,19.00,794.00,16.74,61.94,219.62,105,0.00,0.00,0.00,1745304
2022/8/31 14:25:57,0.00,4.79,19.00,794.00,16.75,61.88,218.96,104,0.00,0.00,0.00,1805464
2022/8/31 14:26:57,0.00,4.79,19.00,794.00,16.76,61.88,212.72,102,0.00,0.00,0.00,1865623
2022/8/31 14:27:57,0.00,4.79,19.00,794.06,16.76,61.85,219.15,105,0.00,0.00,0.00,1925783
2022/8/31 14:28:58,0.00,4.78,19.00,794.00,16.77,61.80,218.45,105,0.00,0.00,0.00,1985943
2022/8/31 14:29:58,0.00,4.77,19.00,794.00,16.78,61.80,218.85,105,0.00,0.00,0.00,2046152
2022/8/31 14:30:58,0.00,4.77,19.00,794.00,16.78,61.86,220.08,106,0.00,0.00,0.00,2106313
2022/8/31 14:31:58,0.00,4.77,19.00,794.00,16.79,62.03,217.13,105,0.00,0.00,0.00,2166573
2022/8/31 14:32:59,0.00,4.77,19.00,794.00,16.80,61.75,216.10,104,0.00,0.00,0.00,2226735
2022/8/31 14:33:59,0.00,4.78,19.00,794.00,16.80,61.60,215.04,104,0.00,0.00,0.00,2286897
2022/8/31 14:34:59,0.00,4.78,19.00,794.00,16.81,61.54,208.94,101,0.00,0.00,0.00,2347058
2022/8/31 14:35:59,0.00,4.78,19.00,794.00,16.82,61.58,219.49,106,0.00,0.00,0.00,2407266
2022/8/31 14:37:0,0.00,4.79,19.00,794.00,16.82,61.60,213.08,102,0.00,0.00,0.00,2467426
2022/8/31 14:38:0,0.00,4.79,19.00,794.00,16.83,61.55,208.47,101,0.00,0.00,0.00,2527585
2022/8/31 14:39:0,0.00,4.77,19.00,794.00,16.83,61.53,216.91,104,0.00,0.00,0.00,2587845
2022/8/31 14:40:0,0.00,4.77,19.00,794.00,16.83,61.50,212.10,102,0.00,0.00,0.00,2648004
2022/8/31 14:41:1,0.00,4.77,19.00,794.00,16.83,61.50,207.72,100,0.00,0.00,0.00,2708162
2022/8/31 14:42:1,0.00,4.77,19.00,794.00,16.83,61.57,220.58,106,0.00,0.00,0.00,2768371
2022/8/31 14:43:1,0.00,4.78,19.00,794.00,16.83,61.62,212.43,102,0.00,0.00,0.00,2828532
2022/8/31 14:44:1,0.00,4.78,19.00,794.00,16.83,61.71,216.38,103,0.00,0.00,0.00,2888692
2022/8/31 14:45:2,0.00,4.78,19.00,794.00,16.83,61.71,210.19,102,0.00,0.00,0.00,2948852
2022/8/31 14:46:2,0.00,4.78,19.00,794.00,16.84,61.80,214.38,102,0.00,0.00,0.00,3009111
2022/8/31 14:47:2,0.00,4.79,19.00,794.00,16.84,61.80,213.50,103,0.00,0.00,0.00,3069271
2022/8/31 14:48:2,0.00,4.79,19.00,794.00,16.84,61.80,212.74,102,0.00,0.00,0.00,3129478
2022/8/31 14:49:3,0.00,4.77,19.00,794.00,16.83,61.82,215.51,104,0.00,0.00,0.00,3189638
2022/8/31 14:50:3,0.00,4.77,19.00,794.00,16.83,61.82,210.77,101,0.00,0.00,0.00,3249798
2022/8/31 14:51:3,0.00,4.77,19.00,794.00,16.83,61.59,212.19,102,0.00,0.00,0.00,3309957
2022/8/31 14:52:3,0.00,4.77,18.96,794.00,16.83,61.76,215.49,103,0.00,0.00,0.00,3370116
2022/8/31 14:53:4,0.00,4.77,19.00,794.00,16.83,61.77,215.17,103,0.00,0.00,0.00,3430428
2022/8/31 14:54:4,0.00,4.77,18.96,794.00,16.83,61.71,211.77,102,0.00,0.00,0.00,3490588
2022/8/31 14:55:4,0.00,4.77,18.81,794.00,16.82,61.75,217.96,104,0.00,0.00,0.00,3550748
2022/8/31 14:56:54,0.00,4.77,18.81,794.00,16.82,61.60,212.65,102,0.00,0.00,0.00,60017
2022/8/31 14:57:54,0.00,4.77,18.74,794.00,16.81,61.57,216.28,104,0.00,0.00,0.00,120179
2022/8/31 14:58:54,0.00,4.77,18.89,794.00,16.81,61.53,210.62,101,0.00,0.00,0.00,180338
2022/8/31 14:59:54,0.00,4.77,18.77,794.00,16.81,61.52,219.11,105,0.00,0.00,0.00,240545
2022/8/31 15:0:55,0.00,4.76,18.74,794.00,16.80,61.52,208.28,100,0.00,0.00,0.00,300703
2022/8/31 15:1:55,0.00,4.76,18.66,794.00,16.80,61.54,215.09,103,0.00,0.00,0.00,360861
2022/8/31 15:2:55,0.00,4.76,18.65,794.00,16.79,61.53,214.52,103,0.00,0.00,0.00,421020
2022/8/31 15:3:55,0.00,4.77,18.74,794.00,16.79,61.53,216.15,103,0.00,0.00,0.00,481179
2022/8/31 15:4:55,0.00,4.76,18.75,794.00,16.79,61.55,213.42,102,0.00,0.00,0.00,541339
2022/8/31 15:5:56,0.00,4.77,18.64,794.00,16.78,61.57,211.96,102,0.00,0.00,0.00,601548
2022/8/31 15:6:56,0.00,4.77,18.58,794.00,16.78,61.56,215.58,103,0.00,0.00,0.00,661707
2022/8/31 15:7:56,0.00,4.75,18.17,794.00,16.78,61.54,219.55,104,0.00,0.00,0.00,721867
2022/8/31 15:8:57,0.00,4.75,18.15,794.00,16.78,61.50,211.64,101,0.00,0.00,0.00,782130
2022/8/31 15:9:57,0.00,4.75,18.12,794.00,16.78,61.50,211.75,102,0.00,0.00,0.00,842289
2022/8/31 15:10:57,0.00,4.76,18.04,794.00,16.77,61.28,212.04,102,0.00,0.00,0.00,902448
2022/8/31 15:11:57,0.00,4.77,18.00,794.00,16.77,61.27,206.09,99,0.00,0.00,0.00,962654
2022/8/31 15:12:57,0.00,4.77,18.00,794.00,16.77,61.41,219.23,105,0.00,0.00,0.00,1022814
2022/8/31 15:13:58,0.00,4.78,18.00,794.00,16.77,61.44,213.64,102,0.00,0.00,0.00,1082975
2022/8/31 15:14:58,0.00,4.79,18.00,794.00,16.77,61.35,209.68,101,0.00,0.00,0.00,1143136
2022/8/31 15:15:58,0.00,4.79,18.00,794.00,16.76,61.26,210.96,101,0.00,0.00,0.00,1203398
2022/8/31 15:16:59,0.00,4.79,18.00,794.00,16.76,61.31,211.54,102,0.00,0.00,0.00,1263559
2022/8/31 15:17:59,0.00,4.78,18.00,794.00,16.75,61.32,214.55,103,0.00,0.00,0.00,1323767
2022/8/31 15:18:59,0.00,4.77,18.00,794.00,16.75,61.34,210.68,101,0.00,0.00,0.00,1383928
2022/8/31 15:19:59,0.00,4.78,18.00,794.00,16.75,61.31,214.66,103,0.00,0.00,0.00,1444089
2022/8/31 15:20:59,0.00,4.78,18.00,794.00,16.75,61.28,208.98,101,0.00,0.00,0.00,1504250
2022/8/31 15:22:0,0.00,4.78,18.00,794.00,16.74,61.27,208.17,100,0.00,0.00,0.00,1564410
2022/8/31 15:23:0,0.00,4.79,18.00,794.00,16.74,61.27,202.96,98,0.00,0.00,0.00,1624716
2022/8/31 15:24:0,0.00,4.79,18.00,794.00,16.74,61.29,212.91,102,0.00,0.00,0.00,1685033
2022/8/31 15:25:1,0.00,4.79,18.00,794.00,16.74,61.31,205.54,99,0.00,0.00,0.00,1745192
2022/8/31 15:26:1,0.00,4.79,18.00,794.00,16.74,61.35,215.66,104,0.00,0.00,0.00,1805352
2022/8/31 15:27:1,0.00,4.79,18.00,794.00,16.73,61.36,210.58,101,0.00,0.00,0.00,1865512
2022/8/31 15:28:1,0.00,4.79,18.00,794.00,16.73,61.36,210.38,100,0.00,0.00,0.00,1925673
2022/8/31 15:29:2,0.00,4.78,18.00,794.00,16.73,61.33,215.40,104,0.00,0.00,0.00,1985835
2022/8/31 15:30:2,0.00,4.78,18.00,794.00,16.73,61.35,210.04,100,0.00,0.00,0.00,2046044
2022/8/31 15:31:2,0.00,4.78,18.00,794.00,16.73,61.27,217.87,104,0.00,0.00,0.00,2106302
2022/8/31 15:32:2,0.00,4.78,18.00,794.00,16.72,61.23,211.90,102,0.00,0.00,0.00,2166461
2022/8/31 15:34:3,0.00,4.79,18.00,794.00,16.72,61.25,215.87,103,0.00,0.00,0.00,2286780
2022/8/31 15:35:3,0.00,4.79,18.00,794.00,16.72,61.17,212.87,102,0.00,0.00,0.00,2346986
2022/8/31 15:36:3,0.00,4.79,18.00,794.00,16.72,61.33,212.77,102,0.00,0.00,0.00,2407145
2022/8/31 15:37:4,0.00,4.79,18.00,794.00,16.72,61.37,217.40,104,0.00,0.00,0.00,2467304
2022/8/31 15:38:4,0.00,4.79,18.00,794.00,16.72,61.39,211.40,101,0.00,0.00,0.00,2527575
2022/8/31 15:39:4,0.00,4.79,18.00,794.00,16.72,61.40,216.87,104,0.00,0.00,0.00,2587734
2022/8/31 15:40:4,0.00,4.78,18.00,794.00,16.72,61.40,211.15,102,0.00,0.00,0.00,2647894
2022/8/31 15:41:5,0.00,4.78,18.00,794.00,16.71,61.36,214.64,103,0.00,0.00,0.00,2708100
2022/8/31 15:42:5,0.00,4.78,18.00,794.00,16.71,61.33,215.08,103,0.00,0.00,0.00,2768259
2022/8/31 15:43:5,0.00,4.78,18.00,794.00,16.71,61.30,209.74,101,0.00,0.00,0.00,2828419
2022/8/31 15:44:5,0.00,4.79,18.00,794.00,16.71,61.28,211.83,101,0.00,0.00,0.00,2888579
2022/8/31 15:45:6,0.00,4.79,18.00,794.00,16.71,61.29,220.83,105,0.00,0.00,0.00,2948843
2022/8/31 15:46:6,0.00,4.79,18.00,794.00,16.71,61.23,219.81,106,0.00,0.00,0.00,3009002
2022/8/31 15:47:6,0.00,4.79,18.00,794.00,16.70,61.19,213.85,102,0.00,0.00,0.00,3069212
2022/8/31 15:48:6,0.00,4.79,18.00,794.00,16.70,61.15,207.89,100,0.00,0.00,0.00,3129372
2022/8/31 15:49:7,0.00,4.77,18.00,794.00,16.70,61.18,213.21,102,0.00,0.00,0.00,3189532
2022/8/31 15:50:7,0.00,4.77,18.00,794.00,16.70,61.20,211.92,101,0.00,0.00,0.00,3249691
2022/8/31 15:51:7,0.00,4.77,18.00,794.00,16.70,61.18,215.13,103,0.00,0.00,0.00,3309849
2022/8/31 15:52:7,0.00,4.78,18.00,794.00,16.70,61.22,208.92,101,0.00,0.00,0.00,3370008
2022/8/31 15:53:8,0.00,4.78,18.00,794.00,16.70,61.21,218.02,105,0.00,0.00,0.00,3430215
2022/8/31 15:54:8,0.00,4.78,18.00,794.00,16.69,61.23,217.32,104,0.00,0.00,0.00,3490374
2022/8/31 15:55:8,0.00,4.78,18.00,794.00,16.69,61.26,213.21,103,0.00,0.00,0.00,3550534
2022/8/31 15:57:58,0.00,4.76,18.00,794.03,16.69,61.32,211.45,102,0.00,0.00,0.00,120179
2022/8/31 15:58:58,0.00,4.76,18.00,794.00,16.69,61.38,216.98,104,0.00,0.00,0.00,180340
2022/8/31 15:59:58,0.00,4.76,18.00,794.00,16.69,61.46,217.79,104,0.00,0.00,0.00,240550
2022/8/31 16:0:59,0.00,4.77,18.00,794.00,16.69,61.49,212.06,102,0.00,0.00,0.00,300710
2022/8/31 16:1:59,0.00,4.77,18.00,794.00,16.68,61.51,207.75,101,0.00,0.00,0.00,360868
2022/8/31 16:2:59,0.00,4.77,18.00,794.00,16.68,61.57,218.81,105,0.00,0.00,0.00,421026
2022/8/31 16:3:59,0.00,4.78,18.00,794.00,16.68,61.58,212.83,103,0.00,0.00,0.00,481185
2022/8/31 16:5:0,0.00,4.78,18.00,794.00,16.68,61.61,222.74,106,0.00,0.00,0.00,541343
2022/8/31 16:6:0,0.00,4.78,18.00,794.00,16.68,61.67,202.49,98,0.00,0.00,0.00,601547
2022/8/31 16:7:0,0.00,4.79,18.00,794.00,16.68,61.64,218.28,106,0.00,0.00,0.00,661705
2022/8/31 16:8:0,0.00,4.77,18.00,794.00,16.68,61.62,213.94,102,0.00,0.00,0.00,721863
2022/8/31 16:9:1,0.00,4.77,18.00,794.00,16.68,61.59,207.40,99,0.00,0.00,0.00,782134
2022/8/31 16:10:1,0.00,4.77,18.00,794.00,16.68,61.54,219.13,104,0.00,0.00,0.00,842293
2022/8/31 16:11:1,0.00,4.77,18.00,794.00,16.68,61.52,215.38,105,0.00,0.00,0.00,902452
2022/8/31 16:12:1,0.00,4.77,18.00,794.00,16.68,61.49,213.17,104,0.00,0.00,0.00,962659
2022/8/31 16:13:2,0.00,4.77,18.00,794.00,16.68,61.48,218.77,105,0.00,0.00,0.00,1022818
2022/8/31 16:14:2,0.00,4.77,18.00,794.00,16.68,61.53,217.08,104,0.00,0.00,0.00,1082978
2022/8/31 16:15:2,0.00,4.77,18.00,794.00,16.68,61.60,213.28,103,0.00,0.00,0.00,1143138
2022/8/31 16:16:2,0.00,4.77,18.00,794.00,16.68,61.67,213.28,102,0.00,0.00,0.00,1203402
2022/8/31 16:17:3,0.00,4.77,18.00,794.00,16.68,61.73,214.60,104,0.00,0.00,0.00,1263563
2022/8/31 16:18:3,0.00,4.76,18.00,794.00,16.68,61.77,204.42,98,0.00,0.00,0.00,1323771
2022/8/31 16:19:3,0.00,4.76,18.00,794.00,16.68,61.82,215.75,103,0.00,0.00,0.00,1383931
2022/8/31 16:20:3,0.00,4.76,18.00,794.00,16.68,61.85,213.17,103,0.00,0.00,0.00,1444091
2022/8/31 16:21:4,0.00,4.76,18.00,794.00,16.68,61.89,217.60,104,0.00,0.00,0.00,1504252
2022/8/31 16:22:4,0.00,4.76,18.00,794.00,16.68,61.91,210.08,102,0.00,0.00,0.00,1564413
2022/8/31 16:23:4,0.00,4.76,18.00,794.00,16.68,61.94,212.40,102,0.00,0.00,0.00,1624723
2022/8/31 16:24:5,0.00,4.77,18.00,794.00,16.68,61.92,214.25,104,0.00,0.00,0.00,1685038
2022/8/31 16:25:5,0.00,4.77,18.00,794.00,16.68,61.82,210.71,103,0.00,0.00,0.00,1745199
2022/8/31 16:26:5,0.00,4.78,18.00,794.00,16.68,61.73,214.53,103,0.00,0.00,0.00,1805360
2022/8/31 16:27:5,0.00,4.79,18.00,794.00,16.68,61.69,206.21,100,0.00,0.00,0.00,1865520
2022/8/31 16:28:5,0.00,4.79,18.00,794.00,16.68,61.61,215.62,103,0.00,0.00,0.00,1925680
2022/8/31 16:29:6,0.00,4.77,18.00,794.00,16.68,61.62,213.17,103,0.00,0.00,0.00,1985887
2022/8/31 16:30:6,0.00,4.77,18.00,794.00,16.67,61.60,217.25,104,0.00,0.00,0.00,2046047
2022/8/31 16:31:6,0.00,4.77,18.00,794.00,16.67,61.58,217.45,104,0.00,0.00,0.00,2106311
2022/8/31 16:32:7,0.00,4.77,18.00,794.00,16.67,61.58,214.23,103,0.00,0.00,0.00,2166471
2022/8/31 16:33:7,0.00,4.78,18.00,794.00,16.67,61.57,223.09,106,0.00,0.00,0.00,2226630
2022/8/31 16:34:7,0.00,4.78,18.00,794.00,16.67,61.54,216.00,104,0.00,0.00,0.00,2286790
2022/8/31 16:35:7,0.00,4.78,18.00,794.00,16.67,61.59,214.43,104,0.00,0.00,0.00,2346997
2022/8/31 16:36:8,0.00,4.79,18.00,794.00,16.67,61.58,209.57,103,0.00,0.00,0.00,2407157
2022/8/31 16:37:8,0.00,4.79,18.00,794.00,16.67,61.60,208.79,100,0.00,0.00,0.00,2467317
2022/8/31 16:38:8,0.00,4.79,18.00,794.00,16.67,61.67,219.64,106,0.00,0.00,0.00,2527582
2022/8/31 16:39:8,0.00,4.77,18.00,794.00,16.68,61.72,212.56,104,0.00,0.00,0.00,2587742
2022/8/31 16:40:9,0.00,4.77,18.00,794.00,16.68,61.73,217.04,104,0.00,0.00,0.00,2647903
2022/8/31 16:41:9,0.00,4.77,18.00,794.00,16.68,61.77,227.74,110,0.00,0.00,0.00,2708111
2022/8/31 16:42:9,0.00,4.77,18.00,794.00,16.68,61.97,220.75,106,0.00,0.00,0.00,2768270
2022/8/31 16:43:9,0.00,4.78,18.00,794.00,16.69,62.06,227.87,110,0.00,0.00,0.00,2828430
2022/8/31 16:44:9,0.00,4.78,18.00,794.00,16.70,62.08,220.43,107,0.00,0.00,0.00,2888589
2022/8/31 16:45:10,0.00,4.78,18.00,794.03,16.70,62.02,226.04,109,0.00,0.00,0.00,2948853
2022/8/31 16:46:10,0.00,4.79,18.19,794.00,16.71,61.91,213.52,104,0.00,0.00,0.00,3009014
2022/8/31 16:47:10,0.00,4.79,18.43,794.00,16.72,61.90,225.79,108,0.00,0.00,0.00,3069224
2022/8/31 16:48:11,0.00,4.79,19.00,794.00,16.72,61.83,223.11,112,0.00,0.00,0.00,3129385
2022/8/31 16:49:11,0.00,4.78,19.00,794.00,16.73,61.93,232.49,108,0.00,0.00,0.00,3189548
2022/8/31 16:50:11,0.00,4.77,19.00,794.00,16.74,61.78,221.62,106,0.00,0.00,0.00,3249710
2022/8/31 16:51:11,0.00,4.77,19.00,794.00,16.74,61.76,224.11,109,0.00,0.00,0.00,3309872
2022/8/31 16:52:11,0.00,4.78,19.00,794.00,16.75,61.67,221.63,106,0.00,0.00,0.00,3370035
2022/8/31 16:53:12,0.00,4.78,19.00,794.00,16.76,61.88,219.23,105,0.00,0.00,0.00,3430243
2022/8/31 16:54:12,0.00,4.78,19.00,794.00,16.76,61.88,213.57,103,0.00,0.00,0.00,3490404
2022/8/31 16:55:12,0.00,4.79,19.00,794.03,16.77,61.77,214.08,103,0.00,0.00,0.00,3550565
2022/8/31 16:57:2,0.00,4.78,19.00,794.00,16.78,61.59,215.31,104,0.00,0.00,0.00,60016
2022/8/31 16:58:2,0.00,4.78,18.92,794.00,16.78,61.68,216.15,104,0.00,0.00,0.00,120176
2022/8/31 16:59:2,0.00,4.78,18.89,794.00,16.78,61.65,208.91,101,0.00,0.00,0.00,180334
2022/8/31 17:0:3,0.00,4.78,18.66,794.00,16.79,61.72,213.92,103,0.00,0.00,0.00,240539
2022/8/31 17:1:3,0.00,4.79,18.40,794.00,16.79,61.76,208.58,100,0.00,0.00,0.00,300696
2022/8/31 17:2:3,0.00,4.79,18.51,794.00,16.79,61.78,207.02,101,0.00,0.00,0.00,360853
2022/8/31 17:3:3,0.00,4.79,18.29,794.00,16.79,61.75,215.73,103,0.00,0.00,0.00,421010
2022/8/31 17:4:3,0.00,4.79,18.08,794.00,16.79,61.81,217.55,104,0.00,0.00,0.00,481167
2022/8/31 17:5:4,0.00,4.79,18.00,794.00,16.79,61.81,210.98,101,0.00,0.00,0.00,541325
2022/8/31 17:6:4,0.00,4.79,18.00,794.00,16.79,61.79,219.98,106,0.00,0.00,0.00,601530
2022/8/31 17:7:4,0.00,4.79,18.00,794.00,16.79,61.76,212.60,102,0.00,0.00,0.00,661688
2022/8/31 17:8:4,0.00,4.78,18.00,794.00,16.79,61.72,214.00,103,0.00,0.00,0.00,721846
2022/8/31 17:9:5,0.00,4.78,18.00,794.00,16.79,61.61,214.42,103,0.00,0.00,0.00,782118
2022/8/31 17:10:5,0.00,4.78,18.00,794.00,16.79,61.55,214.92,103,0.00,0.00,0.00,842277
2022/8/31 17:11:5,0.00,4.78,18.00,794.00,16.79,61.55,215.75,104,0.00,0.00,0.00,902436
2022/8/31 17:12:5,0.00,4.78,18.00,794.00,16.79,61.50,222.64,107,0.00,0.00,0.00,962643
2022/8/31 17:13:6,0.00,4.78,18.00,794.00,16.79,61.52,219.64,105,0.00,0.00,0.00,1022803
2022/8/31 17:14:6,0.00,4.79,18.70,794.00,16.80,61.59,223.96,107,0.00,0.00,0.00,1082963
2022/8/31 17:15:6,0.00,4.78,19.00,794.00,16.80,61.60,221.98,106,0.00,0.00,0.00,1143124
2022/8/31 17:16:6,0.00,4.78,19.00,794.00,16.81,61.55,224.04,107,0.00,0.00,0.00,1203386
2022/8/31 17:17:7,0.00,4.79,19.00,794.00,16.82,61.70,218.15,104,0.00,0.00,0.00,1263546
2022/8/31 17:18:7,0.00,4.77,19.00,794.00,16.82,61.73,225.09,107,0.00,0.00,0.00,1323753
2022/8/31 17:19:7,0.00,4.77,19.00,794.00,16.83,61.66,224.58,107,0.00,0.00,0.00,1383913
2022/8/31 17:20:7,0.00,4.77,19.00,794.00,16.84,61.56,218.66,105,0.00,0.00,0.00,1444073
2022/8/31 17:21:8,0.00,4.77,19.00,794.00,16.84,61.55,215.45,104,0.00,0.00,0.00,1504233
2022/8/31 17:22:8,0.00,4.77,19.00,794.00,16.85,61.58,223.06,107,0.00,0.00,0.00,1564392
2022/8/31 17:23:8,0.00,4.78,19.00,794.00,16.86,61.70,215.81,104,0.00,0.00,0.00,1624705
2022/8/31 17:24:8,0.00,4.78,19.00,794.00,16.87,61.58,228.75,109,0.00,0.00,0.00,1684865
2022/8/31 17:25:9,0.00,4.78,19.00,794.00,16.87,61.48,219.81,105,0.00,0.00,0.00,1745025
2022/8/31 17:26:9,0.00,4.79,19.00,794.00,16.88,61.49,213.51,103,0.00,0.00,0.00,1805184
2022/8/31 17:27:9,0.00,4.79,19.00,794.00,16.88,61.51,216.62,104,0.00,0.00,0.00,1865344
2022/8/31 17:28:9,0.00,4.79,19.00,794.00,16.89,61.55,219.98,106,0.00,0.00,0.00,1925502
2022/8/31 17:29:10,0.00,4.77,19.00,794.00,16.89,61.39,222.85,107,0.00,0.00,0.00,1985711
2022/8/31 17:30:10,0.00,4.77,19.00,794.00,16.90,61.34,212.51,103,0.00,0.00,0.00,2045978
2022/8/31 17:31:10,0.00,4.77,19.00,794.00,16.90,61.35,223.63,106,0.00,0.00,0.00,2106138
2022/8/31 17:32:10,0.00,4.77,19.00,794.00,16.91,61.37,219.58,105,0.00,0.00,0.00,2166300
2022/8/31 17:33:11,0.00,4.77,19.00,794.00,16.91,61.43,218.47,105,0.00,0.00,0.00,2226461
2022/8/31 17:34:11,0.00,4.78,19.00,794.00,16.92,61.33,223.68,106,0.00,0.00,0.00,2286623
2022/8/31 17:35:11,0.00,4.78,19.00,794.00,16.92,61.32,220.49,105,0.00,0.00,0.00,2346834
2022/8/31 17:36:11,0.00,4.78,19.00,794.00,16.93,61.37,219.94,105,0.00,0.00,0.00,2406995
2022/8/31 17:37:12,0.00,4.79,19.00,794.00,16.93,61.36,216.87,104,0.00,0.00,0.00,2467252
2022/8/31 17:38:12,0.00,4.79,19.00,794.00,16.93,61.32,223.52,107,0.00,0.00,0.00,2527413
2022/8/31 17:39:12,0.00,4.77,19.00,794.00,16.94,61.31,224.38,106,0.00,0.00,0.00,2587574
2022/8/31 17:40:12,0.00,4.77,19.00,794.00,16.94,61.27,218.11,105,0.00,0.00,0.00,2647735
2022/8/31 17:41:13,0.00,4.77,19.00,794.00,16.95,61.35,221.98,106,0.00,0.00,0.00,2707943
2022/8/31 17:42:13,0.00,4.77,19.00,794.00,16.96,61.47,219.43,105,0.00,0.00,0.00,2768104
2022/8/31 17:43:13,0.00,4.77,19.00,794.00,16.97,61.25,215.57,104,0.00,0.00,0.00,2828265
2022/8/31 17:44:14,0.00,4.77,19.00,794.00,16.98,61.08,221.75,106,0.00,0.00,0.00,2888523
2022/8/31 17:46:14,0.00,4.77,19.00,794.00,16.98,61.09,219.02,107,0.00,0.00,0.00,3008847
2022/8/31 17:47:14,0.00,4.77,19.00,794.00,16.99,60.94,218.25,103,0.00,0.00,0.00,3069058
2022/8/31 17:48:14,0.00,4.77,19.00,794.00,16.99,60.73,216.38,102,0.00,0.00,0.00,3129219
2022/8/31 17:49:15,0.00,4.77,19.00,794.00,16.99,60.63,219.81,104,0.00,0.00,0.00,3189380
2022/8/31 17:50:15,0.00,4.76,19.00,794.00,16.99,60.72,222.43,105,0.00,0.00,0.00,3249541
2022/8/31 17:51:15,0.00,4.76,19.00,794.00,17.00,60.85,221.47,104,0.00,0.00,0.00,3309798
2022/8/31 17:52:15,0.00,4.76,19.00,794.00,17.00,60.82,218.35,103,0.00,0.00,0.00,3369958
