2022/10/6 15:48:39,0.00,0.00,24.00,947.92,21.10,72.68,161.70,137,0.05,0.00,0.00,180393
2022/10/6 15:49:40,0.00,0.00,24.00,947.80,21.10,72.58,159.45,135,0.00,0.00,0.00,240628
2022/10/6 15:50:40,0.00,0.00,23.32,947.89,21.10,72.50,164.92,136,0.00,0.00,0.00,300815
2022/10/6 15:51:41,0.00,0.00,23.00,947.89,21.10,72.50,169.50,137,0.00,0.00,0.00,361001
2022/10/6 15:52:41,0.00,0.00,23.00,947.75,21.09,72.45,163.69,134,0.00,0.00,0.00,421187
2022/10/6 15:53:41,0.00,0.00,23.00,947.86,21.09,72.37,164.65,134,0.00,0.00,0.00,481492
2022/10/6 15:54:42,0.00,0.00,23.00,948.01,21.08,72.39,160.67,132,0.00,0.00,0.00,541678
2022/10/6 15:55:42,0.00,0.00,23.00,948.15,21.08,72.32,162.05,131,0.00,0.00,0.00,601913
2022/10/6 15:56:42,0.00,0.00,23.00,947.95,21.07,72.27,162.14,130,0.00,0.00,0.00,662099
2022/10/6 15:57:43,0.00,0.00,23.00,947.78,21.07,72.29,177.45,134,0.00,0.00,0.00,722285
2022/10/6 15:58:43,0.00,0.00,23.00,947.80,21.06,72.36,182.87,135,0.00,0.00,0.00,782472
2022/10/6 15:59:43,0.00,0.00,23.00,947.89,21.06,72.48,153.67,124,0.00,0.00,0.00,842659
2022/10/6 16:0:44,0.00,0.00,23.00,948.09,21.06,72.51,194.60,140,0.00,0.00,0.00,902861
2022/10/6 16:1:44,0.00,0.00,23.00,947.86,21.06,72.43,164.26,128,0.00,0.00,0.00,963174
2022/10/6 16:2:44,0.00,0.00,23.00,948.27,21.05,72.50,190.09,137,0.00,0.00,0.00,1023360
2022/10/6 16:3:45,0.00,0.00,23.00,948.03,21.04,72.42,200.28,141,0.00,0.00,0.00,1083545
2022/10/6 16:4:45,0.00,0.00,23.00,948.32,21.04,72.16,190.38,138,0.00,0.00,0.00,1143733
2022/10/6 16:5:45,0.00,0.00,23.00,948.29,21.03,72.32,117.12,111,0.00,0.00,0.00,1203920
2022/10/6 16:6:46,0.00,0.00,23.00,948.32,21.03,72.37,192.50,139,0.00,0.00,0.00,1264107
2022/10/6 16:7:46,0.00,0.00,23.00,947.80,21.03,72.36,142.46,118,0.00,0.00,0.00,1324344
2022/10/6 16:8:46,0.00,0.00,23.00,947.97,21.02,72.44,211.33,145,0.00,0.00,0.00,1384531
2022/10/6 16:9:47,0.00,0.00,23.00,948.03,21.02,72.39,161.00,125,0.00,0.00,0.00,1444833
2022/10/6 16:10:47,0.00,0.00,23.00,948.15,21.02,72.38,165.50,127,0.00,0.00,0.00,1505021
2022/10/6 16:11:48,0.00,0.00,23.00,948.29,21.01,72.32,173.11,130,0.00,0.00,0.00,1565209
2022/10/6 16:12:48,0.00,0.00,23.00,948.37,21.01,72.37,175.55,131,0.00,0.00,0.00,1625397
2022/10/6 16:13:48,0.00,0.00,23.00,948.40,21.01,72.37,170.86,129,0.00,0.00,0.00,1685633
2022/10/6 16:14:49,0.00,0.00,23.00,948.37,21.00,72.31,184.64,133,0.00,0.00,0.00,1745820
2022/10/6 16:15:49,0.00,0.00,23.00,948.49,21.00,72.37,159.80,124,0.00,0.00,0.00,1806008
2022/10/6 16:16:49,0.00,0.00,23.00,948.54,21.00,72.51,165.72,127,0.00,0.00,0.00,1866195
2022/10/6 16:17:50,0.00,0.00,23.00,948.60,21.00,72.50,175.64,131,0.00,0.00,0.00,1926473
2022/10/6 16:18:50,0.00,0.00,23.00,947.92,21.00,72.50,166.18,126,0.00,0.00,0.00,1986661
2022/10/6 16:19:50,0.00,0.00,23.00,948.12,21.00,72.19,172.74,128,0.00,0.00,0.00,2046897
2022/10/6 16:20:51,0.00,0.00,23.00,948.26,20.99,72.03,173.30,128,0.00,0.00,0.00,2107085
2022/10/6 16:21:51,0.00,0.00,23.00,948.49,20.99,72.07,167.32,126,0.00,0.00,0.00,2167273
2022/10/6 16:22:51,0.00,0.00,23.00,948.66,20.99,72.13,179.29,130,0.00,0.00,0.00,2227463
2022/10/6 16:23:52,0.00,0.00,23.00,948.54,20.99,72.03,178.61,129,0.00,0.00,0.00,2287651
2022/10/6 16:24:52,0.00,0.00,23.00,948.37,20.99,71.86,165.83,125,0.00,0.00,0.00,2347886
2022/10/6 16:25:52,0.00,0.00,23.00,948.77,20.98,71.83,168.58,126,0.00,0.00,0.00,2408185
2022/10/6 16:26:53,0.00,0.00,23.00,948.69,20.98,71.83,176.43,129,0.00,0.00,0.00,2468498
2022/10/6 16:27:53,0.00,0.00,23.00,948.68,20.98,71.73,167.74,126,0.00,0.00,0.00,2528687
2022/10/6 16:28:54,0.00,0.00,23.00,947.89,20.97,71.75,180.42,129,0.00,0.00,0.00,2588874
2022/10/6 16:29:54,0.00,0.00,23.00,948.09,20.97,71.69,177.15,128,0.00,0.00,0.00,2649063
2022/10/6 16:30:54,0.00,0.00,23.00,948.63,20.96,71.66,176.40,127,0.00,0.00,0.00,2709300
2022/10/6 16:31:55,0.00,0.00,23.00,948.54,20.96,71.72,169.53,125,0.00,0.00,0.00,2769489
2022/10/6 16:32:55,0.00,0.00,23.00,948.80,20.95,71.63,180.56,129,0.00,0.00,0.00,2829678
2022/10/6 16:33:55,0.00,0.00,23.00,949.03,20.95,71.57,175.68,127,0.00,0.00,0.00,2889866
2022/10/6 16:34:56,0.00,0.00,23.00,949.03,20.94,71.55,172.85,126,0.00,0.00,0.00,2950159
2022/10/6 16:35:56,0.00,0.00,23.00,948.99,20.94,71.58,175.39,127,0.00,0.00,0.00,3010349
2022/10/6 16:36:56,0.00,0.00,23.00,949.08,20.93,71.52,171.05,125,0.00,0.00,0.00,3070586
2022/10/6 16:37:57,0.00,0.00,23.00,949.17,20.92,71.49,187.04,131,0.00,0.00,0.00,3130774
2022/10/6 16:38:57,0.00,0.00,23.00,948.77,20.92,71.52,175.49,125,0.00,0.00,0.00,3190963
2022/10/6 16:39:57,0.00,0.00,23.00,949.03,20.91,71.44,180.56,127,0.00,0.00,0.00,3251151
2022/10/6 16:40:58,0.00,0.00,22.92,949.17,20.90,71.40,184.18,129,0.00,0.00,0.00,3311338
2022/10/6 16:41:58,0.00,0.00,22.26,949.20,20.89,71.39,184.01,129,0.00,0.00,0.00,3371535
2022/10/6 16:42:59,0.00,0.00,22.00,949.03,20.88,71.41,174.74,125,0.00,0.00,0.00,3431853
2022/10/6 16:43:59,0.00,0.00,22.08,949.17,20.87,71.33,177.54,126,0.00,0.00,0.00,3492187
2022/10/6 16:44:59,0.00,0.00,22.00,949.17,20.87,71.34,168.83,123,0.00,0.00,0.00,3552374
2022/10/6 16:46:47,0.00,0.00,22.00,949.17,20.85,71.32,171.37,123,0.00,0.00,0.00,60017
2022/10/6 16:47:48,0.00,0.00,22.00,949.14,20.85,71.33,188.29,129,0.00,0.00,0.00,120206
2022/10/6 16:48:48,0.00,0.00,22.00,949.08,20.84,71.32,200.02,134,0.00,0.00,0.00,180395
2022/10/6 16:49:48,0.00,0.00,22.00,949.11,20.84,71.31,174.79,125,0.00,0.00,0.00,240629
2022/10/6 16:50:49,0.00,0.00,22.00,949.51,20.83,71.37,166.95,121,0.00,0.00,0.00,300817
2022/10/6 16:51:49,0.00,0.00,22.00,949.14,20.83,71.37,180.40,126,0.00,0.00,0.00,361005
2022/10/6 16:52:49,0.00,0.00,22.00,949.03,20.82,71.40,166.73,120,0.00,0.00,0.00,421191
2022/10/6 16:53:50,0.00,0.00,22.00,948.97,20.82,71.42,175.88,125,0.00,0.00,0.00,481492
2022/10/6 16:54:50,0.00,0.00,22.00,948.94,20.81,71.44,182.96,127,0.02,0.00,0.00,541681
2022/10/6 16:55:50,0.00,0.00,22.00,949.25,20.80,71.43,159.69,118,0.00,0.00,0.00,601916
2022/10/6 16:56:51,0.00,0.00,22.00,949.40,20.80,71.48,172.26,124,0.00,0.00,0.00,662104
2022/10/6 16:57:51,0.00,0.00,22.00,949.06,20.79,71.50,164.30,119,0.00,0.00,0.00,722291
2022/10/6 16:58:51,0.00,0.00,22.00,949.23,20.78,71.55,168.89,120,0.00,0.00,0.00,782480
2022/10/6 16:59:52,0.00,0.00,22.00,949.43,20.78,71.61,168.78,121,0.00,0.00,0.00,842667
2022/10/6 17:0:52,0.00,0.00,22.00,949.37,20.77,71.64,110.16,99,0.00,0.00,0.00,902901
2022/10/6 17:1:52,0.00,0.00,22.00,949.37,20.76,71.73,240.47,147,0.00,0.00,0.00,963183
2022/10/6 17:2:53,0.00,0.00,22.00,949.20,20.76,71.81,153.08,112,0.00,0.00,0.00,1023369
2022/10/6 17:3:53,0.00,0.00,22.00,949.43,20.75,71.81,166.34,120,0.00,0.00,0.00,1083555
2022/10/6 17:4:53,0.00,0.00,22.00,949.20,20.75,71.82,172.82,124,0.00,0.00,0.00,1143741
2022/10/6 17:5:54,0.00,0.00,22.00,949.20,20.74,71.85,121.16,105,0.00,0.00,0.00,1203928
2022/10/6 17:6:54,0.00,0.00,22.00,949.00,20.74,71.91,208.43,137,0.00,0.00,0.00,1264161
2022/10/6 17:7:54,0.00,0.00,22.00,949.00,20.73,71.97,188.75,125,0.00,0.00,0.00,1324347
2022/10/6 17:8:55,0.00,0.00,22.00,949.14,20.73,72.36,198.53,129,0.00,0.00,0.00,1384535
2022/10/6 17:9:55,0.00,0.00,22.11,949.45,20.74,72.58,181.12,122,0.00,0.00,0.00,1444844
2022/10/6 17:10:56,0.00,0.00,22.94,949.31,20.75,72.92,163.92,115,0.00,0.00,0.00,1505033
2022/10/6 17:11:56,0.00,0.00,23.00,949.48,20.76,73.00,199.71,128,0.00,0.00,0.00,1565221
2022/10/6 17:12:56,0.00,0.00,23.00,949.40,20.76,72.75,250.26,143,0.00,0.00,0.00,1625458
2022/10/6 17:13:57,0.00,0.00,23.00,949.43,20.76,72.69,145.19,106,0.00,0.00,0.00,1685647
2022/10/6 17:14:57,0.00,0.00,23.00,949.28,20.77,72.66,220.94,139,0.00,0.00,0.00,1745836
2022/10/6 17:15:57,0.00,0.00,23.00,949.25,20.77,72.57,208.12,134,0.00,0.00,0.00,1806024
2022/10/6 17:16:58,0.00,0.00,23.00,949.31,20.78,72.77,209.35,135,0.00,0.00,0.00,1866213
2022/10/6 17:17:58,0.00,0.00,23.30,949.34,20.78,72.81,190.62,128,0.00,0.00,0.00,1926488
2022/10/6 17:18:58,0.00,0.00,24.00,949.20,20.79,72.76,206.33,132,0.00,0.00,0.00,1986822
2022/10/6 17:19:59,0.00,0.00,24.00,949.40,20.80,72.89,252.27,150,0.00,0.00,0.00,2047136
2022/10/6 17:20:59,0.00,0.00,24.00,949.02,20.80,72.71,230.24,143,0.00,0.00,0.00,2107323
2022/10/6 17:22:0,0.00,0.00,24.00,949.37,20.80,72.49,195.82,129,0.00,0.00,0.00,2167511
2022/10/6 17:23:0,0.00,0.00,23.40,949.14,20.80,72.43,203.84,131,0.00,0.00,0.00,2227698
2022/10/6 17:24:0,0.00,0.00,23.00,949.45,20.79,72.41,184.29,124,0.00,0.00,0.00,2287885
2022/10/6 17:25:1,0.00,0.00,23.00,949.25,20.79,72.33,195.25,128,0.00,0.00,0.00,2348120
2022/10/6 17:26:1,0.00,0.00,23.00,949.28,20.78,72.38,200.26,129,0.00,0.00,0.00,2408306
2022/10/6 17:27:1,0.00,0.00,23.00,949.17,20.77,72.28,185.12,123,0.00,0.00,0.00,2468494
2022/10/6 17:28:2,0.00,0.00,23.00,949.23,20.76,72.23,197.42,127,0.00,0.00,0.00,2528799
2022/10/6 17:29:2,0.00,0.00,23.00,948.91,20.76,72.20,209.17,132,0.00,0.00,0.00,2588986
2022/10/6 17:30:2,0.00,0.00,23.00,949.20,20.75,72.16,226.73,138,0.00,0.00,0.00,2649174
2022/10/6 17:31:3,0.00,0.00,23.00,949.31,20.75,72.33,193.97,125,0.00,0.00,0.00,2709408
2022/10/6 17:32:3,0.00,0.00,23.00,949.25,20.75,72.28,246.44,146,0.00,0.00,0.00,2769594
2022/10/6 17:33:3,0.00,0.00,23.00,949.28,20.74,72.22,181.60,120,0.02,0.00,0.00,2829782
2022/10/6 17:34:4,0.00,0.00,23.00,949.03,20.73,72.26,207.18,130,0.00,0.00,0.00,2889969
2022/10/6 17:35:4,0.00,0.00,23.00,949.23,20.73,72.28,260.20,151,0.00,0.00,0.00,2950158
2022/10/6 17:36:4,0.00,0.00,23.00,949.11,20.72,72.08,233.44,141,0.00,0.00,0.00,3010441
2022/10/6 17:37:5,0.00,0.00,23.00,949.31,20.72,72.25,190.65,123,0.00,0.00,0.00,3070776
2022/10/6 17:38:5,0.00,0.00,22.71,949.20,20.71,72.31,209.30,130,0.00,0.00,0.00,3130963
2022/10/6 17:39:6,0.00,0.00,22.60,949.25,20.71,72.28,153.34,109,0.00,0.00,0.00,3191152
2022/10/6 17:40:6,0.00,0.00,22.47,949.11,20.70,72.34,194.38,125,0.00,0.00,0.00,3251340
2022/10/6 17:41:6,0.00,0.00,22.25,949.28,20.70,72.37,172.10,117,0.00,0.00,0.00,3311527
2022/10/6 17:42:7,0.00,0.00,22.04,949.25,20.70,72.44,211.11,130,0.00,0.00,0.00,3371763
2022/10/6 17:43:7,0.00,0.00,22.00,949.20,20.69,72.47,185.60,123,0.00,0.00,0.00,3431950
2022/10/6 17:44:7,0.00,0.00,22.00,949.34,20.69,72.47,200.63,127,0.00,0.00,0.00,3492139
2022/10/6 17:45:8,0.00,0.00,22.00,949.28,20.68,72.25,199.25,126,0.00,0.00,0.00,3552418
2022/10/6 17:46:56,0.00,0.00,22.00,949.17,20.68,72.33,161.25,111,0.00,0.00,0.00,60017
2022/10/6 17:47:56,0.00,0.00,22.00,949.17,20.67,72.44,226.12,137,0.00,0.00,0.00,120206
2022/10/6 17:48:56,0.00,0.00,22.00,949.17,20.67,72.52,216.29,132,0.00,0.00,0.00,180443
2022/10/6 17:49:57,0.00,0.00,22.00,949.25,20.66,72.46,197.55,126,0.00,0.00,0.00,240631
2022/10/6 17:50:57,0.00,0.00,22.00,949.34,20.66,72.61,187.06,121,0.00,0.00,0.00,300819
2022/10/6 17:51:57,0.00,0.00,22.00,949.31,20.65,72.66,191.87,119,0.00,0.00,0.00,361006
2022/10/6 17:53:58,0.00,0.00,22.00,949.31,20.66,72.85,226.45,133,0.00,0.00,0.00,481492
2022/10/6 17:54:58,0.00,0.00,22.60,949.43,20.66,73.07,202.25,123,0.00,0.00,0.00,541808
2022/10/6 17:55:59,0.00,0.00,23.00,949.43,20.67,72.96,202.48,125,0.00,0.00,0.00,602144
2022/10/6 17:56:59,0.00,0.00,23.00,949.40,20.67,73.18,243.12,140,0.00,0.00,0.00,662331
2022/10/6 17:58:0,0.00,0.00,23.00,949.06,20.68,72.94,240.21,135,0.00,0.00,0.00,722516
2022/10/6 17:59:0,0.00,0.00,23.00,949.31,20.68,73.23,155.79,105,0.00,0.00,0.00,782701
2022/10/6 18:0:0,0.00,0.00,23.00,949.40,20.69,73.37,185.64,119,0.00,0.00,0.00,842887
2022/10/6 18:1:1,0.00,0.00,23.00,949.37,20.70,73.29,233.11,131,0.00,0.00,0.00,903118
2022/10/6 18:2:1,0.00,0.00,23.00,949.54,20.71,73.30,270.62,150,0.00,0.00,0.00,963302
2022/10/6 18:3:1,0.00,0.00,23.00,949.25,20.72,73.28,269.52,153,0.00,0.00,0.00,1023486
2022/10/6 18:4:2,0.00,0.00,23.00,949.48,20.73,73.34,172.49,116,0.00,0.00,0.00,1083783
2022/10/6 18:5:2,0.00,0.00,23.00,949.57,20.74,73.26,176.01,119,0.00,0.00,0.00,1144117
2022/10/6 18:6:3,0.00,0.00,23.00,949.23,20.74,73.09,188.27,121,0.00,0.00,0.00,1204303
2022/10/6 18:7:3,0.00,0.00,23.00,949.74,20.74,73.05,228.55,136,0.00,0.00,0.00,1264536
2022/10/6 18:8:3,0.00,0.00,23.00,949.82,20.74,72.97,196.02,126,0.00,0.00,0.00,1324723
2022/10/6 18:9:4,0.00,0.00,23.00,949.34,20.75,73.05,177.48,120,0.00,0.00,0.00,1384909
2022/10/6 18:10:4,0.00,0.00,23.00,949.34,20.75,72.92,203.91,129,0.00,0.00,0.00,1445095
2022/10/6 18:11:4,0.00,0.00,22.96,949.71,20.75,72.97,215.61,133,0.00,0.00,0.00,1505283
2022/10/6 18:12:5,0.00,0.00,22.92,949.43,20.75,72.89,221.69,136,0.00,0.00,0.00,1565491
2022/10/6 18:13:5,0.00,0.00,22.66,949.82,20.75,72.92,188.51,122,0.00,0.00,0.00,1625802
2022/10/6 18:14:5,0.00,0.00,22.08,949.86,20.74,72.90,181.61,119,0.00,0.00,0.00,1685989
2022/10/6 18:15:6,0.00,0.00,22.00,949.62,20.74,72.92,203.03,127,0.00,0.00,0.00,1746177
2022/10/6 18:16:6,0.00,0.00,22.00,949.71,20.74,72.96,209.76,130,0.00,0.00,0.00,1806364
2022/10/6 18:17:6,0.00,0.00,22.00,949.45,20.74,72.95,201.11,125,0.00,0.00,0.00,1866552
2022/10/6 18:18:7,0.00,0.00,22.00,949.62,20.74,72.85,208.62,129,0.00,0.00,0.00,1926739
2022/10/6 18:19:7,0.00,0.00,22.00,949.25,20.74,72.78,208.23,130,0.00,0.00,0.00,1986974
2022/10/6 18:20:7,0.00,0.00,22.00,949.40,20.74,72.91,194.58,123,0.00,0.00,0.00,2047161
2022/10/6 18:21:8,0.00,0.00,22.00,949.43,20.73,73.01,207.33,128,0.00,0.00,0.00,2107463
2022/10/6 18:22:8,0.00,0.00,22.00,949.57,20.74,73.00,195.48,124,0.00,0.00,0.00,2167650
2022/10/6 18:23:8,0.00,0.00,22.00,949.74,20.74,73.10,201.76,127,0.00,0.00,0.00,2227836
2022/10/6 18:24:9,0.00,0.00,22.00,949.60,20.74,73.15,192.88,123,0.00,0.00,0.00,2288022
2022/10/6 18:25:9,0.00,0.00,22.00,949.74,20.74,73.09,214.80,132,0.00,0.00,0.00,2348257
2022/10/6 18:26:9,0.00,0.00,22.00,949.68,20.73,73.01,192.26,123,0.00,0.00,0.00,2408444
2022/10/6 18:27:10,0.00,0.00,22.00,949.80,20.73,73.18,228.55,137,0.00,0.00,0.00,2468632
2022/10/6 18:28:10,0.00,0.00,22.00,950.16,20.73,73.21,222.80,135,0.00,0.00,0.00,2528821
2022/10/6 18:29:11,0.00,0.00,22.00,949.51,20.73,73.14,216.36,133,0.02,0.00,0.00,2589103
2022/10/6 18:30:11,0.00,0.00,22.04,949.25,20.73,73.22,184.66,122,0.00,0.00,0.00,2649440
2022/10/6 18:31:11,0.00,0.00,22.30,949.65,20.73,73.27,195.06,126,0.00,0.00,0.00,2709753
2022/10/6 18:32:12,0.00,0.00,22.12,949.46,20.73,73.24,206.12,130,0.00,0.00,0.00,2769941
2022/10/6 18:33:12,0.00,0.00,22.23,949.74,20.73,73.07,187.43,123,0.00,0.00,0.00,2830131
2022/10/6 18:34:12,0.00,0.00,22.08,949.88,20.73,73.25,203.12,129,0.00,0.00,0.00,2890320
2022/10/6 18:35:13,0.00,0.00,22.00,949.80,20.73,73.28,183.13,121,0.00,0.00,0.00,2950508
2022/10/6 18:36:13,0.00,0.00,22.00,949.91,20.73,73.32,194.23,126,0.00,0.00,0.00,3010745
2022/10/6 18:37:13,0.00,0.00,22.00,949.91,20.72,73.36,188.33,123,0.00,0.00,0.00,3070934
2022/10/6 18:38:14,0.00,0.00,22.00,949.94,20.72,73.47,178.52,118,0.00,0.00,0.00,3131122
2022/10/6 18:39:14,0.00,0.00,22.00,949.71,20.72,73.40,198.90,126,0.00,0.00,0.00,3191419
2022/10/6 18:40:15,0.00,0.00,22.00,949.34,20.71,73.47,193.44,126,0.00,0.00,0.00,3251732
2022/10/6 18:41:15,0.00,0.00,22.00,949.86,20.71,73.58,196.73,127,0.00,0.00,0.00,3311920
2022/10/6 18:42:15,0.00,0.00,22.00,949.62,20.71,73.65,193.88,126,0.00,0.00,0.00,3372157
2022/10/6 18:43:16,0.00,0.00,22.00,949.77,20.71,73.68,196.26,126,0.00,0.00,0.00,3432346
2022/10/6 18:44:16,0.00,0.00,22.00,949.80,20.70,73.72,187.17,123,0.00,0.00,0.00,3492536
2022/10/6 18:45:16,0.00,0.00,22.00,949.80,20.70,73.72,196.78,126,0.00,0.00,0.00,3552724
2022/10/6 18:47:4,0.00,0.00,22.08,949.23,20.70,73.71,196.29,128,0.00,0.00,0.00,60016
2022/10/6 18:48:4,0.00,0.00,22.30,949.37,20.70,73.70,200.61,129,0.00,0.00,0.00,120204
2022/10/6 18:49:5,0.00,0.00,22.42,949.62,20.70,73.72,217.19,135,0.00,0.00,0.00,180438
2022/10/6 18:50:5,0.00,0.00,22.55,949.68,20.69,73.73,180.69,120,0.00,0.00,0.00,240624
2022/10/6 18:51:5,0.00,0.00,22.28,949.48,20.69,73.71,201.90,129,0.00,0.00,0.00,300810
2022/10/6 18:52:6,0.00,0.00,22.45,949.71,20.68,73.72,188.35,124,0.00,0.00,0.00,360995
2022/10/6 18:53:6,0.00,0.00,22.45,949.65,20.68,73.69,198.18,127,0.00,0.00,0.00,421181
2022/10/6 18:54:6,0.00,0.00,22.34,949.74,20.68,73.66,197.61,126,0.00,0.00,0.00,481491
2022/10/6 18:55:7,0.00,0.00,22.00,949.48,20.68,73.61,205.65,130,0.00,0.00,0.00,541807
2022/10/6 18:56:7,0.00,0.00,22.00,949.54,20.68,73.57,182.96,120,0.00,0.00,0.00,601994
2022/10/6 18:57:7,0.00,0.00,22.00,950.05,20.67,73.50,194.05,125,0.00,0.00,0.00,662180
2022/10/6 18:58:8,0.00,0.00,22.00,949.34,20.67,73.48,183.99,122,0.00,0.00,0.00,722365
2022/10/6 18:59:8,0.00,0.00,22.00,949.45,20.67,73.46,185.75,123,0.00,0.00,0.00,782552
2022/10/6 19:0:8,0.00,0.00,22.00,949.54,20.67,73.39,198.60,127,0.00,0.00,0.00,842738
2022/10/6 19:1:9,0.00,0.00,22.00,949.28,20.66,73.38,210.22,130,0.00,0.00,0.00,902972
2022/10/6 19:2:9,0.00,0.00,22.00,949.74,20.65,73.40,187.28,121,0.00,0.00,0.00,963158
2022/10/6 19:3:10,0.00,0.00,22.00,949.74,20.65,73.34,221.56,135,0.00,0.00,0.00,1023468
2022/10/6 19:4:10,0.00,0.00,22.00,950.04,20.65,73.35,199.06,126,0.00,0.00,0.00,1083656
2022/10/6 19:5:10,0.00,0.00,22.00,950.22,20.66,73.30,203.05,127,0.00,0.00,0.00,1143843
2022/10/6 19:6:11,0.00,0.00,22.00,950.08,20.66,73.28,174.48,116,0.00,0.00,0.00,1204031
2022/10/6 19:7:11,0.00,0.00,22.00,950.08,20.66,73.26,207.79,129,0.00,0.00,0.00,1264268
2022/10/6 19:8:11,0.00,0.00,22.08,949.45,20.66,73.24,204.10,129,0.00,0.00,0.00,1324456
2022/10/6 19:9:12,0.00,0.00,22.23,949.65,20.66,73.19,208.64,130,0.00,0.00,0.00,1384644
