2022/8/27 0:4:42,0.00,4.94,23.00,794.02,21.10,65.06,201.78,117,0.00,0.00,0.00,58
2022/8/27 0:5:46,0.00,4.94,23.00,794.00,21.12,65.01,203.19,114,0.00,0.00,0.00,117
2022/8/27 0:6:50,0.00,4.94,23.00,794.00,21.13,65.05,198.83,112,0.00,0.00,0.00,176
2022/8/27 0:8:20,0.00,4.92,23.00,794.12,21.13,65.13,216.73,117,0.00,0.00,0.00,58
2022/8/27 0:9:24,0.00,4.92,23.00,794.07,21.14,65.09,205.44,115,0.00,0.00,0.00,117
2022/8/27 0:10:28,0.00,4.92,23.00,794.00,21.14,65.06,207.07,115,0.00,0.00,0.00,176
2022/8/27 0:11:32,0.00,4.92,23.00,794.00,21.14,65.03,205.51,115,0.00,0.00,0.00,235
2022/8/27 0:12:35,0.00,4.92,23.00,794.00,21.15,65.14,198.24,112,0.00,0.00,0.00,294
2022/8/27 0:13:39,0.00,4.92,23.00,794.00,21.15,65.08,197.51,111,0.00,0.00,0.00,353
2022/8/27 0:14:43,0.00,4.92,23.00,794.00,21.16,65.00,201.51,113,0.00,0.00,0.00,412
2022/8/27 0:15:46,0.00,4.92,23.00,794.00,21.17,64.98,200.27,112,0.00,0.00,0.00,471
2022/8/27 0:17:21,0.00,4.91,23.00,794.05,21.18,64.89,207.98,115,0.00,0.00,0.00,58
2022/8/27 0:18:24,0.00,4.92,23.00,794.12,21.19,64.95,204.08,114,0.00,0.00,0.00,117
2022/8/27 0:19:28,0.00,4.92,23.00,794.00,21.20,64.91,200.17,112,0.00,0.00,0.00,176
2022/8/27 0:20:32,0.00,4.92,23.00,794.07,21.21,64.92,202.12,113,0.00,0.00,0.00,235
2022/8/27 0:21:35,0.00,4.91,23.00,794.00,21.22,64.95,225.58,115,0.03,0.00,0.00,294
2022/8/27 0:22:39,0.00,4.91,23.00,794.00,21.22,64.72,237.69,117,0.00,0.00,0.00,353
2022/8/27 0:23:43,0.00,4.91,23.00,794.00,21.22,64.70,236.98,117,0.00,0.00,0.00,412
2022/8/27 0:42:4,0.00,4.92,23.00,794.00,21.38,64.13,212.37,119,0.00,0.00,0.00,353
2022/8/27 0:43:8,0.00,4.92,23.00,794.00,21.41,63.82,200.78,113,0.00,0.00,0.00,412
2022/8/27 0:44:12,0.00,4.92,23.00,794.00,21.41,63.71,197.05,110,0.00,0.00,0.00,471
2022/8/27 0:45:46,0.00,4.91,23.00,794.10,21.41,63.74,202.68,112,0.00,0.00,0.00,58
2022/8/27 0:46:49,0.00,4.92,23.00,794.02,21.41,63.83,199.90,112,0.00,0.00,0.00,117
2022/8/27 0:47:53,0.00,4.92,23.00,794.00,21.41,63.89,206.31,114,0.00,0.00,0.00,176
2022/8/27 0:48:57,0.00,4.92,23.00,794.00,21.40,63.97,199.46,111,0.00,0.00,0.00,235
2022/8/27 0:50:1,0.00,4.92,23.00,794.00,21.39,63.89,196.27,110,0.00,0.00,0.00,294
2022/8/27 0:51:4,0.00,4.92,23.00,794.00,21.38,63.76,199.63,110,0.00,0.00,0.00,353
2022/8/27 0:52:8,0.00,4.92,23.00,794.00,21.37,63.69,203.08,112,0.00,0.00,0.00,412
2022/8/27 0:53:12,0.00,4.92,23.00,794.00,21.36,63.74,199.85,111,0.00,0.00,0.00,471
2022/8/27 0:54:46,0.00,4.91,22.80,794.00,21.35,63.75,196.24,109,0.00,0.00,0.00,58
2022/8/27 0:55:49,0.00,4.92,22.66,794.02,21.34,63.72,197.24,109,0.00,0.00,0.00,117
2022/8/27 0:56:53,0.00,4.92,22.58,794.00,21.34,63.79,198.75,110,0.00,0.00,0.00,176
2022/8/27 0:57:57,0.00,4.92,22.68,794.00,21.33,63.83,197.71,110,0.00,0.00,0.00,235
2022/8/27 0:59:1,0.00,4.92,22.51,794.00,21.33,63.87,206.36,113,0.00,0.00,0.00,294
2022/8/27 1:0:4,0.00,4.92,22.17,794.00,21.33,63.89,194.61,109,0.00,0.00,0.00,353
2022/8/27 1:1:8,0.00,4.92,22.03,794.00,21.32,63.89,194.88,109,0.00,0.00,0.00,412
2022/8/27 1:2:12,0.00,4.92,22.03,794.00,21.32,63.88,191.85,108,0.00,0.00,0.00,471
2022/8/27 1:3:46,0.00,4.92,22.00,794.00,21.31,63.96,191.95,108,0.00,0.00,0.00,58
2022/8/27 1:4:49,0.00,4.92,22.03,794.00,21.30,64.02,186.81,105,0.00,0.00,0.00,117
2022/8/27 1:5:53,0.00,4.92,22.00,794.00,21.30,64.04,194.92,109,0.00,0.00,0.00,176
2022/8/27 1:6:57,0.00,4.92,22.03,794.00,21.29,63.98,194.19,108,0.00,0.00,0.00,235
2022/8/27 1:8:1,0.00,4.92,22.00,794.00,21.29,64.07,186.10,105,0.00,0.00,0.00,294
2022/8/27 1:9:4,0.00,4.92,22.03,794.00,21.29,64.06,195.41,109,0.00,0.00,0.00,353
2022/8/27 1:10:8,0.00,4.92,22.00,794.00,21.28,64.12,190.95,108,0.00,0.00,0.00,412
2022/8/27 1:11:12,0.00,4.92,22.03,794.00,21.28,64.15,195.53,109,0.00,0.00,0.00,471
2022/8/27 1:13:49,0.00,4.92,22.03,794.02,21.27,63.97,189.44,106,0.00,0.00,0.00,117
2022/8/27 1:14:53,0.00,4.92,22.00,794.05,21.26,63.96,198.15,110,0.00,0.00,0.00,176
2022/8/27 1:15:57,0.00,4.92,22.03,794.05,21.25,63.97,195.95,109,0.00,0.00,0.00,235
2022/8/27 1:17:1,0.00,4.92,22.00,794.00,21.25,63.92,190.54,107,0.00,0.00,0.00,294
2022/8/27 1:18:4,0.00,4.92,22.03,794.00,21.25,63.95,195.15,109,0.00,0.00,0.00,353
2022/8/27 1:19:8,0.00,4.92,22.00,794.00,21.24,64.02,195.34,109,0.00,0.00,0.00,412
2022/8/27 1:20:12,0.00,4.92,22.03,794.05,21.23,64.12,195.66,109,0.00,0.00,0.00,471
2022/8/27 1:21:46,0.00,4.91,22.00,794.00,21.22,64.14,192.49,108,0.00,0.00,0.00,58
2022/8/27 1:22:49,0.00,4.91,22.03,794.00,21.22,64.16,190.61,107,0.00,0.00,0.00,117
2022/8/27 1:23:53,0.00,4.91,22.00,794.02,21.22,64.18,191.61,108,0.00,0.00,0.00,176
2022/8/27 1:24:57,0.00,4.91,22.00,794.00,21.22,64.18,197.36,110,0.00,0.00,0.00,235
2022/8/27 1:26:1,0.00,4.92,22.00,794.00,21.21,64.19,189.17,107,0.00,0.00,0.00,294
2022/8/27 1:27:4,0.00,4.92,22.00,794.00,21.20,64.22,195.76,109,0.00,0.00,0.00,353
2022/8/27 1:28:8,0.00,4.92,22.00,794.00,21.20,64.18,189.08,107,0.00,0.00,0.00,412
2022/8/27 1:29:12,0.00,4.92,22.00,794.00,21.19,64.16,196.08,109,0.00,0.00,0.00,471
2022/8/27 1:30:46,0.00,4.91,22.00,794.05,21.18,63.99,198.54,111,0.00,0.00,0.00,58
2022/8/27 1:31:49,0.00,4.92,22.00,794.00,21.17,63.98,194.68,109,0.00,0.00,0.00,117
2022/8/27 1:32:53,0.00,4.92,22.00,794.00,21.16,64.00,194.59,109,0.00,0.00,0.00,176
2022/8/27 1:33:57,0.00,4.92,22.00,794.00,21.15,63.99,193.25,108,0.00,0.00,0.00,235
2022/8/27 1:35:1,0.00,4.92,22.00,794.00,21.14,63.93,190.34,108,0.00,0.00,0.00,294
2022/8/27 1:36:4,0.00,4.92,22.00,794.07,21.13,63.92,194.02,108,0.00,0.00,0.00,353
2022/8/27 1:37:8,0.00,4.92,22.00,794.00,21.12,63.83,188.59,106,0.00,0.00,0.00,412
2022/8/27 1:38:12,0.00,4.92,22.00,794.00,21.11,63.92,190.85,107,0.00,0.00,0.00,471
2022/8/27 1:39:46,0.00,4.91,22.00,794.00,21.10,63.98,190.22,108,0.00,0.00,0.00,58
2022/8/27 1:40:49,0.00,4.92,22.00,794.00,21.09,64.07,193.20,109,0.00,0.00,0.00,117
2022/8/27 1:41:53,0.00,4.92,22.00,794.00,21.09,64.01,192.19,107,0.00,0.00,0.00,176
2022/8/27 1:42:57,0.00,4.92,22.00,794.00,21.09,64.03,196.22,109,0.00,0.00,0.00,235
2022/8/27 1:44:1,0.00,4.92,22.00,794.12,21.08,64.04,193.61,108,0.00,0.00,0.00,294
2022/8/27 1:45:4,0.00,4.92,22.00,794.00,21.07,64.11,194.15,108,0.00,0.00,0.00,353
2022/8/27 1:46:8,0.00,4.92,22.00,794.05,21.06,64.08,195.64,109,0.00,0.00,0.00,412
2022/8/27 1:47:12,0.00,4.92,22.00,794.00,21.06,64.06,195.03,109,0.00,0.00,0.00,471
2022/8/27 1:48:46,0.00,4.91,22.00,794.00,21.05,64.07,194.95,109,0.00,0.00,0.00,58
2022/8/27 1:49:49,0.00,4.92,22.00,794.02,21.04,64.11,195.58,109,0.00,0.00,0.00,117
2022/8/27 1:53:1,0.00,4.92,22.00,794.00,21.02,64.07,191.98,107,0.00,0.00,0.00,294
2022/8/27 1:54:4,0.00,4.92,22.00,794.00,21.01,64.11,188.61,106,0.00,0.00,0.00,353
2022/8/27 1:55:8,0.00,4.92,22.00,794.02,21.00,64.00,193.90,108,0.00,0.00,0.00,412
2022/8/27 1:56:12,0.00,4.92,22.00,794.00,20.99,64.06,195.02,108,0.00,0.00,0.00,471
2022/8/27 1:57:46,0.00,4.91,22.00,794.00,20.98,64.16,196.00,109,0.00,0.00,0.00,58
2022/8/27 1:58:49,0.00,4.92,22.00,794.00,20.97,64.12,198.56,110,0.00,0.00,0.00,117
2022/8/27 1:59:53,0.00,4.92,22.00,794.00,20.97,64.13,193.19,108,0.00,0.00,0.00,176
2022/8/27 2:0:57,0.00,4.92,22.00,794.00,20.97,64.12,196.41,109,0.00,0.00,0.00,235
2022/8/27 2:2:1,0.00,4.92,22.00,794.05,20.96,64.20,194.20,109,0.00,0.00,0.00,294
2022/8/27 2:3:4,0.00,4.92,22.00,794.07,20.96,64.25,197.90,110,0.00,0.00,0.00,353
2022/8/27 2:4:8,0.00,4.92,22.00,794.02,20.95,64.30,193.92,108,0.00,0.00,0.00,412
2022/8/27 2:5:12,0.00,4.92,22.00,794.05,20.94,64.31,192.47,108,0.00,0.00,0.00,471
2022/8/27 2:6:46,0.00,4.92,22.00,794.00,20.93,64.36,196.81,109,0.00,0.00,0.00,58
2022/8/27 2:7:49,0.00,4.92,22.00,794.15,20.92,64.43,189.54,106,0.00,0.00,0.00,117
2022/8/27 2:8:53,0.00,4.92,22.00,794.00,20.92,64.48,194.10,109,0.00,0.00,0.00,176
2022/8/27 2:9:57,0.00,4.92,22.00,794.02,20.91,64.52,194.41,108,0.00,0.00,0.00,235
2022/8/27 2:11:1,0.00,4.92,22.00,794.00,20.91,64.50,185.92,105,0.00,0.00,0.00,294
2022/8/27 2:12:4,0.00,4.92,22.00,794.02,20.91,64.56,192.66,108,0.00,0.00,0.00,353
2022/8/27 2:13:8,0.00,4.92,22.00,794.07,20.90,64.57,196.86,110,0.00,0.00,0.00,412
2022/8/27 2:14:12,0.00,4.92,22.00,794.02,20.90,64.63,193.07,108,0.00,0.00,0.00,471
2022/8/27 2:15:46,0.00,4.91,22.00,794.02,20.89,64.68,193.39,108,0.00,0.00,0.00,58
2022/8/27 2:16:49,0.00,4.92,22.00,794.00,20.89,64.70,192.95,108,0.00,0.00,0.00,117
2022/8/27 2:17:53,0.00,4.92,22.00,794.05,20.88,64.70,196.37,109,0.00,0.00,0.00,176
2022/8/27 2:18:57,0.00,4.91,22.00,794.00,20.87,64.67,196.44,109,0.00,0.00,0.00,235
2022/8/27 2:20:1,0.00,4.91,22.00,794.05,20.87,64.70,193.03,108,0.00,0.00,0.00,294
2022/8/27 2:21:4,0.00,4.92,22.00,794.00,20.86,64.73,194.14,108,0.00,0.00,0.00,353
2022/8/27 2:22:8,0.00,4.92,22.00,794.00,20.86,64.73,195.34,109,0.00,0.00,0.00,412
2022/8/27 2:23:12,0.00,4.91,22.00,794.00,20.86,64.70,193.58,108,0.00,0.00,0.00,471
2022/8/27 2:24:46,0.00,4.91,22.00,794.00,20.85,64.73,192.44,108,0.00,0.00,0.00,58
2022/8/27 2:25:49,0.00,4.91,22.00,794.00,20.84,64.68,195.32,109,0.00,0.00,0.00,117
2022/8/27 2:26:53,0.00,4.90,22.00,794.00,20.84,64.70,191.56,107,0.00,0.00,0.00,176
2022/8/27 2:27:57,0.00,4.90,22.00,794.07,20.83,64.72,190.22,106,0.00,0.00,0.00,235
2022/8/27 2:29:1,0.00,4.90,22.00,794.00,20.83,64.74,196.37,108,0.00,0.00,0.00,294
2022/8/27 2:30:4,0.00,4.91,22.00,794.00,20.82,64.70,198.22,109,0.00,0.00,0.00,353
2022/8/27 2:31:8,0.00,4.92,22.00,794.02,20.82,64.69,197.19,109,0.00,0.00,0.00,412
2022/8/27 2:32:12,0.00,4.92,22.00,794.00,20.81,64.64,190.85,107,0.00,0.00,0.00,471
2022/8/27 2:33:46,0.00,4.91,22.00,794.00,20.81,64.67,193.93,108,0.00,0.00,0.00,58
2022/8/27 2:34:49,0.00,4.92,22.00,794.00,20.81,64.62,192.32,108,0.00,0.00,0.00,117
2022/8/27 2:35:53,0.00,4.92,22.00,794.00,20.81,64.66,195.19,108,0.00,0.00,0.00,176
2022/8/27 2:36:57,0.00,4.92,22.00,794.00,20.81,64.65,198.05,109,0.00,0.00,0.00,235
2022/8/27 2:38:1,0.00,4.92,22.00,794.07,20.80,64.64,205.05,112,0.00,0.00,0.00,294
2022/8/27 2:40:8,0.00,4.92,22.00,794.00,20.79,64.65,200.41,110,0.00,0.00,0.00,412
2022/8/27 2:41:12,0.00,4.92,22.00,794.00,20.78,64.65,193.03,107,0.00,0.00,0.00,471
2022/8/27 2:42:46,0.00,4.91,22.00,794.02,20.78,64.65,195.44,108,0.00,0.00,0.00,58
2022/8/27 2:43:49,0.00,4.92,22.00,794.05,20.77,64.67,195.97,108,0.00,0.00,0.00,117
2022/8/27 2:44:53,0.00,4.92,22.00,794.00,20.77,64.64,201.05,110,0.00,0.00,0.00,176
2022/8/27 2:45:57,0.00,4.92,22.00,794.00,20.77,64.65,195.19,108,0.00,0.00,0.00,235
2022/8/27 2:47:1,0.00,4.92,22.00,794.00,20.76,64.65,191.42,106,0.00,0.00,0.00,294
2022/8/27 2:48:4,0.00,4.92,22.00,794.00,20.76,64.66,193.12,107,0.00,0.00,0.00,353
2022/8/27 2:49:8,0.00,4.92,22.00,794.00,20.76,64.70,193.32,108,0.00,0.00,0.00,412
2022/8/27 2:50:12,0.00,4.92,22.00,794.00,20.75,64.64,192.32,107,0.00,0.00,0.00,471
2022/8/27 2:51:46,0.00,4.91,22.00,794.00,20.75,64.68,194.51,107,0.00,0.00,0.00,58
2022/8/27 2:52:49,0.00,4.92,22.00,794.00,20.75,64.68,199.56,109,0.00,0.00,0.00,117
2022/8/27 2:53:53,0.00,4.92,22.00,794.00,20.75,64.67,194.41,108,0.00,0.00,0.00,176
2022/8/27 2:54:57,0.00,4.92,22.00,794.00,20.75,64.61,195.54,108,0.00,0.00,0.00,235
2022/8/27 2:56:0,0.00,4.92,22.00,794.00,20.75,64.63,200.69,110,0.00,0.00,0.00,294
2022/8/27 2:57:4,0.00,4.92,22.00,794.07,20.74,64.53,195.05,108,0.00,0.00,0.00,353
2022/8/27 2:58:8,0.00,4.92,22.00,794.00,20.74,64.53,196.58,108,0.00,0.00,0.00,412
2022/8/27 2:59:12,0.00,4.92,22.00,794.00,20.74,64.57,192.92,107,0.00,0.00,0.00,471
2022/8/27 3:0:46,0.00,4.91,22.00,794.00,20.74,64.53,198.78,109,0.00,0.00,0.00,58
2022/8/27 3:1:49,0.00,4.92,22.00,794.00,20.74,64.49,197.71,108,0.00,0.00,0.00,117
2022/8/27 3:2:53,0.00,4.92,22.00,794.00,20.74,64.47,200.02,110,0.00,0.00,0.00,176
2022/8/27 3:3:57,0.00,4.92,22.00,794.00,20.73,64.36,197.34,108,0.00,0.00,0.00,235
2022/8/27 3:5:1,0.00,4.92,22.00,794.10,20.73,64.34,201.31,110,0.00,0.00,0.00,294
2022/8/27 3:6:4,0.00,4.92,22.00,794.02,20.73,64.37,191.46,106,0.00,0.00,0.00,353
2022/8/27 3:7:8,0.00,4.92,22.00,794.00,20.72,64.36,201.61,110,0.00,0.00,0.00,412
2022/8/27 3:8:12,0.00,4.92,22.00,794.00,20.72,64.33,191.63,106,0.00,0.00,0.00,471
2022/8/27 3:9:46,0.00,4.91,22.00,794.00,20.71,64.16,200.64,109,0.00,0.00,0.00,58
2022/8/27 3:10:49,0.00,4.92,22.00,794.00,20.70,64.19,196.34,108,0.00,0.00,0.00,117
2022/8/27 3:11:53,0.00,4.92,22.00,794.00,20.70,64.15,200.76,109,0.00,0.00,0.00,176
2022/8/27 3:12:57,0.00,4.92,22.00,794.02,20.70,64.10,195.24,107,0.00,0.00,0.00,235
2022/8/27 3:14:0,0.00,4.92,22.00,794.00,20.69,64.06,197.75,108,0.00,0.00,0.00,294
2022/8/27 3:15:4,0.00,4.92,22.00,794.00,20.69,63.88,200.68,109,0.00,0.00,0.00,353
2022/8/27 3:16:8,0.00,4.92,22.00,794.00,20.68,63.84,198.46,108,0.00,0.00,0.00,412
2022/8/27 3:17:12,0.00,4.92,22.00,794.00,20.68,63.95,198.31,108,0.00,0.00,0.00,471
2022/8/27 3:18:46,0.00,4.92,22.00,794.02,20.68,64.00,198.46,108,0.00,0.00,0.00,58
2022/8/27 3:19:49,0.00,4.92,22.00,794.00,20.68,64.07,195.44,107,0.00,0.00,0.00,117
2022/8/27 3:20:53,0.00,4.92,22.00,794.02,20.68,64.08,198.29,108,0.00,0.00,0.00,176
2022/8/27 3:21:57,0.00,4.92,22.00,794.05,20.68,64.04,199.47,108,0.00,0.00,0.00,235
2022/8/27 3:23:0,0.00,4.92,22.00,794.07,20.68,64.02,195.25,107,0.00,0.00,0.00,294
2022/8/27 3:24:4,0.00,4.92,22.00,794.00,20.69,64.01,194.64,107,0.00,0.00,0.00,353
2022/8/27 3:25:8,0.00,4.92,22.00,794.00,20.69,63.98,198.76,108,0.00,0.00,0.00,412
2022/8/27 3:26:12,0.00,4.92,22.00,794.00,20.69,63.93,199.53,108,0.00,0.00,0.00,471
2022/8/27 3:27:46,0.00,4.91,22.00,794.00,20.68,63.82,199.05,108,0.00,0.00,0.00,58
2022/8/27 3:28:49,0.00,4.92,22.00,794.00,20.68,63.83,197.41,107,0.00,0.00,0.00,117
2022/8/27 3:29:53,0.00,4.92,22.00,794.00,20.68,63.74,200.12,108,0.00,0.00,0.00,176
2022/8/27 3:30:57,0.00,4.92,22.00,794.02,20.67,63.61,194.80,107,0.00,0.00,0.00,235
2022/8/27 3:32:0,0.00,4.91,22.00,794.05,20.67,63.53,203.80,109,0.00,0.00,0.00,294
2022/8/27 3:33:4,0.00,4.91,22.00,794.00,20.67,63.51,196.51,107,0.00,0.00,0.00,353
2022/8/27 3:34:8,0.00,4.90,22.00,794.00,20.67,63.56,198.31,107,0.00,0.00,0.00,412
2022/8/27 3:35:12,0.00,4.90,22.00,794.02,20.67,63.55,197.80,107,0.00,0.00,0.00,471
2022/8/27 3:36:46,0.00,4.89,22.00,794.02,20.66,63.39,197.95,107,0.00,0.00,0.00,58
2022/8/27 3:37:49,0.00,4.90,22.00,794.00,20.66,63.36,202.17,108,0.00,0.00,0.00,117
2022/8/27 3:38:53,0.00,4.90,22.00,794.07,20.65,63.32,199.07,107,0.00,0.00,0.00,176
2022/8/27 3:39:57,0.00,4.90,22.00,794.05,20.65,63.21,199.92,108,0.00,0.00,0.00,235
2022/8/27 3:41:0,0.00,4.90,22.00,794.05,20.65,63.24,200.10,108,0.00,0.00,0.00,294
2022/8/27 3:42:4,0.00,4.91,22.00,794.00,20.64,63.25,197.29,107,0.00,0.00,0.00,353
2022/8/27 3:43:8,0.00,4.92,22.00,794.00,20.64,63.19,198.51,107,0.00,0.00,0.00,412
2022/8/27 3:44:12,0.00,4.92,22.00,794.00,20.64,63.29,201.98,108,0.00,0.00,0.00,471
2022/8/27 3:45:46,0.00,4.91,22.00,794.00,20.64,63.29,200.81,108,0.00,0.00,0.00,58
2022/8/27 3:46:49,0.00,4.92,22.00,794.02,20.63,63.23,200.24,108,0.00,0.00,0.00,117
2022/8/27 3:47:53,0.00,4.92,22.00,794.00,20.63,63.18,201.24,108,0.00,0.00,0.00,176
2022/8/27 3:48:57,0.00,4.92,22.00,794.02,20.63,63.18,202.95,108,0.00,0.00,0.00,235
2022/8/27 3:50:0,0.00,4.92,22.00,794.00,20.63,63.16,196.32,106,0.00,0.00,0.00,294
2022/8/27 3:51:4,0.00,4.92,22.00,794.07,20.63,63.19,197.42,107,0.00,0.00,0.00,353
2022/8/27 3:52:8,0.00,4.91,22.00,794.00,20.63,63.22,198.92,107,0.00,0.00,0.00,412
2022/8/27 3:53:12,0.00,4.90,22.00,794.05,20.63,63.22,201.68,108,0.00,0.00,0.00,471
2022/8/27 3:54:46,0.00,4.89,22.00,794.00,20.63,63.20,202.31,108,0.00,0.00,0.00,58
2022/8/27 3:55:49,0.00,4.89,22.00,794.00,20.63,63.16,203.00,108,0.00,0.00,0.00,117
2022/8/27 3:56:53,0.00,4.89,22.00,794.00,20.63,63.15,200.53,108,0.00,0.00,0.00,176
2022/8/27 3:57:57,0.00,4.89,22.00,794.00,20.63,63.06,199.90,107,0.00,0.00,0.00,235
2022/8/27 3:59:0,0.00,4.90,22.00,794.05,20.63,62.94,201.27,108,0.00,0.00,0.00,294
2022/8/27 4:0:4,0.00,4.92,22.00,794.07,20.62,62.95,197.81,106,0.00,0.00,0.00,353
2022/8/27 4:1:8,0.00,4.92,22.00,794.00,20.62,62.98,198.66,107,0.00,0.00,0.00,412
2022/8/27 4:2:12,0.00,4.92,22.00,794.00,20.62,62.96,201.22,108,0.00,0.00,0.00,471
2022/8/27 4:3:46,0.00,4.91,22.00,794.00,20.62,62.97,203.22,108,0.00,0.00,0.00,58
2022/8/27 4:4:49,0.00,4.92,22.00,794.02,20.62,62.94,201.69,108,0.00,0.00,0.00,117
2022/8/27 4:6:57,0.00,4.92,22.00,794.05,20.62,63.02,196.34,106,0.00,0.00,0.00,235
2022/8/27 4:8:0,0.00,4.92,22.00,794.00,20.62,63.02,203.36,108,0.00,0.00,0.00,294
2022/8/27 4:9:4,0.00,4.92,22.00,794.00,20.62,63.04,201.73,108,0.00,0.00,0.00,353
2022/8/27 4:10:8,0.00,4.92,22.00,794.00,20.62,63.00,199.24,107,0.00,0.00,0.00,412
2022/8/27 4:11:12,0.00,4.92,22.00,794.07,20.63,62.99,200.12,107,0.00,0.00,0.00,471
2022/8/27 4:12:46,0.00,4.91,22.00,794.00,20.63,63.05,199.86,107,0.00,0.00,0.00,58
2022/8/27 4:13:49,0.00,4.92,22.00,794.02,20.63,62.96,202.61,108,0.00,0.00,0.00,117
2022/8/27 4:14:53,0.00,4.92,22.00,794.00,20.63,63.02,196.75,106,0.00,0.00,0.00,176
2022/8/27 4:15:57,0.00,4.92,22.00,794.02,20.63,63.11,197.31,107,0.00,0.00,0.00,235
2022/8/27 4:17:0,0.00,4.92,22.00,794.02,20.63,63.12,200.75,108,0.00,0.00,0.00,294
2022/8/27 4:18:4,0.00,4.92,22.00,794.00,20.64,63.06,201.61,108,0.00,0.00,0.00,353
2022/8/27 4:19:8,0.00,4.92,22.00,794.07,20.64,63.09,200.47,107,0.00,0.00,0.00,412
2022/8/27 4:20:12,0.00,4.92,22.00,794.00,20.64,63.15,197.29,106,0.00,0.00,0.00,471
2022/8/27 4:21:46,0.00,4.91,22.00,794.00,20.65,63.16,199.86,107,0.00,0.00,0.00,58
2022/8/27 4:22:49,0.00,4.92,22.00,794.00,20.65,63.16,202.14,108,0.00,0.00,0.00,117
2022/8/27 4:23:53,0.00,4.92,22.00,794.00,20.65,63.26,198.93,107,0.00,0.00,0.00,176
2022/8/27 4:24:57,0.00,4.92,22.00,794.00,20.65,63.21,198.68,107,0.00,0.00,0.00,235
2022/8/27 4:26:0,0.00,4.93,22.00,794.00,20.65,63.23,194.64,106,0.00,0.00,0.00,294
2022/8/27 4:27:4,0.00,4.92,22.00,794.00,20.65,63.25,199.24,108,0.00,0.00,0.00,353
2022/8/27 4:28:8,0.00,4.93,22.00,794.00,20.65,63.25,202.15,108,0.00,0.00,0.00,412
2022/8/27 4:29:11,0.00,4.92,22.00,794.07,20.65,63.29,204.08,108,0.00,0.00,0.00,471
2022/8/27 4:30:46,0.00,4.91,22.00,794.00,20.65,63.26,206.64,110,0.00,0.00,0.00,58
2022/8/27 4:31:49,0.00,4.92,22.00,794.00,20.65,63.29,199.31,107,0.00,0.00,0.00,117
2022/8/27 4:32:53,0.00,4.92,22.00,794.00,20.65,63.30,198.34,107,0.00,0.00,0.00,176
2022/8/27 4:33:57,0.00,4.92,22.00,794.00,20.66,63.31,197.68,107,0.00,0.00,0.00,235
2022/8/27 4:35:0,0.00,4.92,22.00,794.07,20.66,63.27,200.85,108,0.00,0.00,0.00,294
2022/8/27 4:36:4,0.00,4.92,22.00,794.10,20.66,63.22,202.41,108,0.00,0.00,0.00,353
2022/8/27 4:37:8,0.00,4.92,22.00,794.00,20.66,63.21,199.97,107,0.00,0.00,0.00,412
2022/8/27 4:38:12,0.00,4.92,22.00,794.02,20.66,63.21,200.78,107,0.00,0.00,0.00,471
2022/8/27 4:39:46,0.00,4.91,22.00,794.00,20.65,63.28,196.58,106,0.00,0.00,0.00,58
2022/8/27 4:40:49,0.01,4.92,22.00,794.00,20.65,63.30,199.36,107,0.00,0.00,0.00,117
2022/8/27 4:41:53,0.00,4.92,22.00,794.00,20.64,63.26,198.75,107,0.00,0.00,0.00,176
2022/8/27 4:42:57,0.00,4.92,22.00,794.05,20.64,63.21,197.22,106,0.00,0.00,0.00,235
2022/8/27 4:44:0,0.00,4.92,22.00,794.00,20.63,63.16,201.42,108,0.00,0.00,0.00,294
2022/8/27 4:45:4,0.00,4.92,22.00,794.00,20.62,63.06,197.81,106,0.00,0.00,0.00,353
2022/8/27 4:46:8,0.00,4.92,22.00,794.02,20.62,62.98,202.47,108,0.00,0.00,0.00,412
2022/8/27 8:37:17,0.00,4.89,21.03,794.05,20.12,61.60,216.80,109,0.00,0.00,0.00,58
2022/8/27 8:38:21,0.00,4.90,21.03,794.00,20.14,61.76,216.05,109,0.00,0.00,0.00,117
2022/8/27 8:39:25,0.00,4.91,21.00,794.00,20.16,61.83,210.20,107,0.00,0.00,0.00,176
2022/8/27 8:40:28,0.00,4.91,21.03,794.00,20.17,61.88,209.73,107,0.00,0.00,0.00,235
2022/8/27 8:41:32,0.00,4.90,21.02,794.00,20.18,61.92,207.42,106,0.00,0.00,0.00,294
2022/8/27 8:42:36,0.00,4.90,21.05,794.05,20.18,61.93,210.64,107,0.00,0.00,0.00,353
2022/8/27 8:43:39,0.00,4.90,21.00,794.00,20.19,61.85,210.02,107,0.00,0.00,0.00,412
2022/8/27 8:44:43,0.00,4.90,21.03,794.00,20.20,61.78,206.95,106,0.00,0.00,0.00,471
2022/8/27 8:46:17,0.00,4.89,21.00,794.00,20.20,61.74,212.80,109,0.00,0.00,0.00,58
2022/8/27 8:47:21,0.00,4.90,21.03,794.00,20.21,61.67,200.81,103,0.00,0.00,0.00,117
2022/8/27 8:48:25,0.00,4.91,21.00,794.00,20.20,61.55,213.66,108,0.00,0.00,0.00,176
2022/8/27 8:49:28,0.00,4.91,21.03,794.00,20.21,61.31,213.20,109,0.00,0.00,0.00,235
2022/8/27 8:50:32,0.00,4.91,21.00,794.05,20.22,61.39,207.25,107,0.00,0.00,0.00,294
2022/8/27 8:51:36,0.00,4.91,21.03,794.00,20.22,61.36,206.90,106,0.00,0.00,0.00,353
2022/8/27 8:52:39,0.00,4.91,21.00,794.00,20.23,61.40,211.24,107,0.00,0.00,0.00,412
2022/8/27 8:53:43,0.00,4.91,21.03,794.00,20.24,61.39,205.39,105,0.00,0.00,0.00,471
2022/8/27 9:10:1,0.00,4.89,21.00,794.00,20.22,61.35,219.68,110,0.00,0.00,0.00,58
2022/8/27 9:11:5,0.00,4.89,21.03,794.00,20.24,61.27,210.34,106,0.00,0.00,0.00,117
2022/8/27 9:12:8,0.00,4.88,21.00,794.00,20.25,61.15,209.97,107,0.00,0.00,0.00,176
2022/8/27 9:13:12,0.00,4.88,21.10,794.05,20.26,61.18,208.42,106,0.00,0.00,0.00,235
2022/8/27 9:14:16,0.00,4.89,21.34,794.00,20.27,61.18,210.17,107,0.00,0.00,0.00,294
2022/8/27 9:15:20,0.00,4.89,21.44,794.00,20.27,61.22,207.66,106,0.00,0.00,0.00,353
2022/8/27 9:16:23,0.00,4.89,21.39,794.00,20.27,61.25,208.95,106,0.00,0.00,0.00,412
2022/8/27 9:17:27,0.00,4.89,21.42,794.00,20.27,61.26,205.39,105,0.00,0.00,0.00,471
2022/8/27 9:19:1,0.00,4.89,21.51,794.00,20.28,61.24,208.44,106,0.00,0.00,0.00,58
2022/8/27 9:20:5,0.00,4.90,21.54,794.00,20.28,61.20,211.15,107,0.00,0.00,0.00,117
2022/8/27 9:21:8,0.00,4.90,21.58,794.00,20.29,61.12,208.17,106,0.00,0.00,0.00,176
2022/8/27 9:22:12,0.00,4.91,21.58,794.02,20.29,61.07,210.51,107,0.00,0.00,0.00,235
2022/8/27 9:23:16,0.00,4.91,21.53,794.00,20.29,61.10,203.17,105,0.00,0.00,0.00,294
2022/8/27 9:24:20,0.00,4.91,21.76,794.00,20.29,61.20,213.93,108,0.00,0.00,0.00,353
2022/8/27 9:25:23,0.00,4.91,22.00,794.00,20.29,61.27,205.15,105,0.00,0.00,0.00,412
2022/8/27 9:26:27,0.00,4.92,22.00,794.00,20.29,61.26,208.85,107,0.00,0.00,0.00,471
2022/8/27 9:28:1,0.00,4.91,22.00,794.00,20.29,61.46,212.49,108,0.00,0.00,0.00,58
2022/8/27 9:29:5,0.00,4.92,22.00,794.00,20.30,61.62,207.39,106,0.00,0.00,0.00,117
2022/8/27 9:30:8,0.00,4.92,22.00,794.00,20.30,61.64,206.39,106,0.00,0.00,0.00,176
2022/8/27 9:31:12,0.00,4.91,22.00,794.00,20.31,61.62,205.27,105,0.00,0.00,0.00,235
2022/8/27 9:32:16,0.00,4.91,22.00,794.00,20.32,61.62,208.73,107,0.00,0.00,0.00,294
2022/8/27 9:33:19,0.00,4.92,22.00,794.00,20.33,61.67,205.53,105,0.00,0.00,0.00,353
2022/8/27 9:34:23,0.00,4.92,22.00,794.00,20.34,61.59,207.05,106,0.00,0.00,0.00,412
2022/8/27 9:35:27,0.00,4.92,22.00,794.00,20.34,61.55,206.12,106,0.00,0.00,0.00,471
2022/8/27 9:37:1,0.00,4.91,22.00,794.00,20.35,61.46,204.56,105,0.00,0.00,0.00,58
2022/8/27 9:38:5,0.00,4.92,22.00,794.05,20.35,61.33,205.15,105,0.00,0.00,0.00,117
2022/8/27 9:39:8,0.00,4.92,22.00,794.02,20.36,61.31,205.07,105,0.00,0.00,0.00,176
2022/8/27 9:40:12,0.00,4.91,22.00,794.00,20.37,61.22,209.69,107,0.00,0.00,0.00,235
2022/8/27 9:41:16,0.00,4.91,22.00,794.00,20.37,61.08,204.66,105,0.00,0.00,0.00,294
2022/8/27 9:42:20,0.00,4.91,22.00,794.02,20.37,61.03,204.46,105,0.00,0.00,0.00,353
2022/8/27 9:43:23,0.00,4.91,22.00,794.00,20.38,60.99,208.03,106,0.00,0.00,0.00,412
2022/8/27 9:44:27,0.00,4.91,22.00,794.00,20.38,60.93,203.90,105,0.00,0.00,0.00,471
2022/8/27 9:46:1,0.00,4.91,22.00,794.00,20.39,60.86,210.32,107,0.00,0.00,0.00,58
2022/8/27 9:47:5,0.00,4.91,22.00,794.00,20.39,60.89,206.22,105,0.00,0.00,0.00,117
2022/8/27 9:49:12,0.00,4.91,22.00,794.00,20.38,60.70,204.10,105,0.00,0.00,0.00,235
2022/8/27 9:50:16,0.00,4.91,22.00,794.00,20.39,60.76,208.61,106,0.00,0.00,0.00,294
2022/8/27 9:51:20,0.00,4.91,22.00,794.07,20.39,60.77,207.24,106,0.00,0.00,0.00,353
2022/8/27 9:52:23,0.00,4.90,22.00,794.00,20.39,60.72,204.59,105,0.00,0.00,0.00,412
2022/8/27 9:53:27,0.00,4.90,22.00,794.00,20.40,60.55,203.12,104,0.00,0.00,0.00,471
2022/8/27 9:55:1,0.00,4.89,22.00,794.07,20.41,60.47,205.05,105,0.00,0.00,0.00,58
2022/8/27 9:56:5,0.00,4.90,22.00,794.00,20.41,60.50,205.05,105,0.00,0.00,0.00,117
2022/8/27 9:57:8,0.00,4.90,22.00,794.02,20.41,60.42,205.24,105,0.00,0.00,0.00,176
2022/8/27 9:58:12,0.00,4.90,22.00,794.00,20.41,60.41,208.20,106,0.00,0.00,0.00,235
2022/8/27 9:59:16,0.00,4.90,22.00,794.00,20.41,60.27,206.85,105,0.00,0.00,0.00,294
2022/8/27 10:0:19,0.00,4.90,22.00,794.00,20.41,60.30,204.25,104,0.00,0.00,0.00,353
2022/8/27 10:1:23,0.00,4.90,22.00,794.02,20.42,60.27,206.98,105,0.00,0.00,0.00,412
2022/8/27 10:2:27,0.00,4.90,22.00,794.00,20.42,60.15,204.58,104,0.00,0.00,0.00,471
2022/8/27 10:4:1,0.00,4.89,22.00,794.00,20.42,60.02,210.00,106,0.00,0.00,0.00,58
2022/8/27 10:5:5,0.00,4.90,22.00,794.00,20.43,60.06,207.88,105,0.00,0.00,0.00,117
2022/8/27 10:6:8,0.00,4.90,22.00,794.00,20.43,59.88,208.37,105,0.00,0.00,0.00,176
2022/8/27 10:7:12,0.00,4.90,22.00,794.05,20.44,59.91,204.22,104,0.00,0.00,0.00,235
2022/8/27 10:8:16,0.00,4.90,22.00,794.00,20.44,59.83,206.34,105,0.00,0.00,0.00,294
2022/8/27 10:9:19,0.00,4.90,22.00,794.00,20.44,59.83,208.07,105,0.00,0.00,0.00,353
2022/8/27 10:10:23,0.00,4.90,22.00,794.02,20.44,59.75,207.24,105,0.00,0.00,0.00,412
2022/8/27 10:11:27,0.00,4.90,22.00,794.00,20.44,59.60,208.54,105,0.00,0.00,0.00,471
2022/8/27 10:13:1,0.00,4.89,22.00,794.00,20.45,59.50,208.95,106,0.00,0.00,0.00,58
2022/8/27 10:14:5,0.00,4.90,22.00,794.02,20.45,59.45,206.68,105,0.00,0.00,0.00,117
2022/8/27 10:15:8,0.00,4.90,22.00,794.05,20.45,59.38,208.93,105,0.00,0.00,0.00,176
2022/8/27 10:16:12,0.00,4.90,22.00,794.00,20.46,59.33,208.78,105,0.00,0.00,0.00,235
2022/8/27 10:17:16,0.00,4.90,22.00,794.00,20.46,59.18,205.58,104,0.00,0.00,0.00,294
2022/8/27 10:18:19,0.00,4.90,22.00,794.00,20.47,59.25,209.10,105,0.00,0.00,0.00,353
2022/8/27 10:19:23,0.00,4.90,22.00,794.00,20.47,59.29,208.90,105,0.00,0.00,0.00,412
2022/8/27 10:20:27,0.00,4.89,22.00,794.07,20.47,59.15,210.25,106,0.00,0.00,0.00,471
2022/8/27 10:22:1,0.00,4.89,22.00,794.00,20.48,59.15,205.68,104,0.00,0.00,0.00,58
2022/8/27 10:23:5,0.00,4.90,22.00,794.00,20.48,59.19,210.12,106,0.00,0.00,0.00,117
2022/8/27 10:24:8,0.00,4.90,22.00,794.00,20.48,59.20,208.31,105,0.00,0.00,0.00,176
2022/8/27 10:25:12,0.00,4.90,22.00,794.00,20.48,59.16,205.10,104,0.00,0.00,0.00,235
2022/8/27 10:26:16,0.00,4.91,22.00,794.00,20.48,59.14,211.98,106,0.00,0.00,0.00,294
2022/8/27 10:27:19,0.00,4.91,22.00,794.00,20.48,59.13,206.59,104,0.00,0.00,0.00,353
